    0.000 0.261531878E+00 0.115611494E-14 -.117781475E-15 -.305204265E-14
    0.144 0.261519630E+00 0.113292996E-12 -.104801476E-02 0.982922255E-14
    0.289 0.261483936E+00 0.192718865E-12 -.209354683E-02 0.422359328E-14
    0.433 0.261425821E+00 -.260051062E-15 -.313452823E-02 -.301470067E-13
    0.578 0.261346267E+00 0.170458661E-13 -.416905397E-02 0.879962187E-13
    0.723 0.261246208E+00 0.151407719E-13 -.519517757E-02 -.580986316E-13
    0.868 0.261126603E+00 -.624703389E-13 -.621074303E-02 -.174930734E-12
    1.014 0.260988474E+00 -.109166030E-12 -.721324534E-02 0.227195620E-12
    1.160 0.260832943E+00 -.657509765E-13 -.819971690E-02 0.276921407E-12
    1.306 0.260661258E+00 0.765633335E-13 -.916663714E-02 -.355314405E-12
    1.453 0.260474792E+00 -.826965237E-13 -.101098640E-01 -.288931593E-12
    1.601 0.260275021E+00 0.189564005E-13 -.110245931E-01 0.218109810E-12
    1.750 0.260063475E+00 0.408769673E-13 -.119053408E-01 -.181577395E-13
    1.899 0.259841649E+00 -.926577486E-13 -.127459616E-01 -.183346720E-12
    2.049 0.259610884E+00 -.147343351E-12 -.135396764E-01 0.202136391E-12
    2.199 0.259372215E+00 -.204587450E-13 -.142791154E-01 0.279536562E-12
    2.351 0.259126203E+00 -.461764678E-13 -.149563311E-01 0.160977848E-12
    2.504 0.258872760E+00 -.247072925E-12 -.155627380E-01 0.151671526E-15
    2.658 0.258611007E+00 0.298489235E-13 -.160889320E-01 -.169945332E-12
    2.813 0.258339198E+00 0.214874358E-12 -.165243423E-01 -.184120154E-12
    2.970 0.258054745E+00 -.219007167E-13 -.168566513E-01 -.965544853E-13
    3.127 0.257754397E+00 -.820904270E-13 -.170709842E-01 -.163912247E-12
    3.287 0.257434634E+00 0.187008999E-13 -.171488333E-01 -.154508914E-12
    3.447 0.257092316E+00 0.181486642E-12 -.170666596E-01 0.104660927E-12
    3.610 0.256725715E+00 0.158866393E-12 -.167941386E-01 0.292424076E-12
    3.774 0.256336118E+00 -.867298797E-14 -.162920077E-01 0.186738149E-12
    3.939 0.255930240E+00 0.107150588E-12 -.155097770E-01 0.142806997E-12
    4.107 0.255523755E+00 -.263447935E-12 -.143840079E-01 0.438719637E-14
    4.277 0.255145982E+00 -.501905554E-12 -.128387988E-01 -.183736164E-12
    4.449 0.254845081E+00 -.374210640E-12 -.107912917E-01 -.174231165E-12
    4.623 0.254691500E+00 0.336408211E-12 -.816582163E-02 0.448099205E-13
    4.799 0.254775219E+00 0.776224348E-12 -.491906308E-02 0.238516800E-12
    4.978 0.255191115E+00 0.507774393E-12 -.107182825E-02 0.380401106E-13
    5.159 0.256011023E+00 -.887701976E-12 0.326782850E-02 -.265931903E-12
    5.343 0.257252206E+00 -.145708367E-11 0.791059831E-02 -.378893573E-12
    5.530 0.258861594E+00 -.675885381E-12 0.126262367E-01 -.519895952E-13
    5.720 0.260728284E+00 0.286880582E-12 0.171971296E-01 0.529746373E-13
    5.913 0.262716582E+00 0.605009618E-12 0.214565258E-01 0.256156634E-13
    6.110 0.264699898E+00 0.283169011E-12 0.253001541E-01 -.575114036E-13
    6.310 0.266581392E+00 -.379857282E-13 0.286784402E-01 -.114039490E-12
    6.514 0.268299683E+00 -.146012396E-12 0.315817480E-01 0.432480894E-13
    6.721 0.269824729E+00 0.137794478E-12 0.340260654E-01 -.480593036E-13
    6.933 0.271149830E+00 0.371252765E-12 0.360421054E-01 0.171434444E-12
    7.149 0.272283505E+00 0.286307824E-12 0.376677583E-01 0.549033242E-13
    7.369 0.273242882E+00 0.958789932E-13 0.389433148E-01 -.255926676E-13
    7.594 0.274048990E+00 0.178142604E-12 0.399085736E-01 0.868278087E-13
    7.824 0.274723695E+00 0.267343663E-12 0.406011556E-01 0.570115440E-13
    8.060 0.275287871E+00 -.735816640E-13 0.410556900E-01 0.266570005E-13
    8.301 0.275760439E+00 -.129214492E-12 0.413035008E-01 0.291686232E-13
    8.547 0.276157964E+00 -.241762975E-12 0.413725393E-01 -.463733404E-13
    8.800 0.276494579E+00 -.387936498E-12 0.412875384E-01 -.957253469E-13
    9.060 0.276782118E+00 -.900538899E-14 0.410702707E-01 -.588180837E-13
    9.326 0.277030333E+00 0.181967007E-12 0.407398289E-01 -.227945668E-14
    9.599 0.277247146E+00 0.484133920E-13 0.403129111E-01 0.357895557E-14
    9.881 0.277438923E+00 0.597282759E-13 0.398041114E-01 0.444211938E-13
   10.170 0.277610712E+00 -.843448439E-13 0.392261663E-01 -.368261892E-13
   10.468 0.277766471E+00 0.385755570E-14 0.385901960E-01 0.238694031E-14
   10.775 0.277909269E+00 -.159957692E-12 0.379059129E-01 -.201563887E-13
   11.092 0.278041449E+00 -.405629583E-13 0.371817928E-01 0.189539595E-13
   11.419 0.278164781E+00 0.306601194E-13 0.364252386E-01 0.189597450E-15
   11.757 0.278280577E+00 -.567733614E-13 0.356427071E-01 0.208147308E-13
   12.107 0.278389796E+00 -.104548256E-12 0.348398282E-01 -.754120020E-13
   12.470 0.278493126E+00 0.390545241E-13 0.340214982E-01 -.454435857E-13
   12.845 0.278591054E+00 0.207293263E-12 0.331919668E-01 0.754982071E-13
   13.235 0.278683917E+00 -.408748356E-13 0.323549086E-01 0.997274076E-13
   13.640 0.278771950E+00 -.921336228E-13 0.315134820E-01 0.233641136E-13
   14.061 0.278855318E+00 -.352114407E-13 0.306703872E-01 -.398877466E-13
   14.500 0.278934144E+00 0.104864533E-12 0.298279114E-01 -.510581988E-14
   14.957 0.279008529E+00 0.137111043E-12 0.289879712E-01 0.566928134E-13
   15.435 0.279078566E+00 0.331883461E-13 0.281521514E-01 0.608837284E-13
   15.934 0.279144349E+00 -.998796301E-13 0.273217401E-01 0.928142831E-15
   16.457 0.279205982E+00 -.379101444E-13 0.264977611E-01 -.403537010E-13
   17.005 0.279263583E+00 -.348562074E-13 0.256810037E-01 -.282785785E-13
   17.581 0.279317283E+00 0.653794800E-14 0.248720504E-01 -.215124634E-13
   18.187 0.279367227E+00 -.426693445E-13 0.240713039E-01 -.147457462E-13
   18.825 0.279413575E+00 -.258005273E-13 0.232790117E-01 -.194277802E-13
   19.499 0.279456498E+00 -.389704289E-13 0.224952897E-01 -.264430221E-13
   20.213 0.279496173E+00 -.509604927E-13 0.217201435E-01 -.478681911E-13
   20.969 0.279532784E+00 0.240952632E-13 0.209534886E-01 -.863978166E-14
   21.772 0.279566518E+00 -.141077738E-13 0.201951677E-01 -.417907607E-14
   22.628 0.279597561E+00 -.321162849E-13 0.194449673E-01 -.293859409E-13
   23.541 0.279626098E+00 0.181615315E-13 0.187026311E-01 -.813767778E-15
   24.518 0.279652308E+00 0.820836877E-13 0.179678728E-01 0.302682884E-13
   25.567 0.279676362E+00 -.882518311E-13 0.172403852E-01 0.284748445E-13
   26.697 0.279698425E+00 -.109844388E-12 0.165198492E-01 0.127695584E-14
   27.917 0.279718652E+00 -.151827195E-13 0.158059394E-01 0.270056545E-13
   29.240 0.279737188E+00 -.200030468E-12 0.150983292E-01 -.174152237E-13
   30.679 0.279754168E+00 0.259458731E-13 0.143966943E-01 0.956139263E-14
   32.251 0.279769713E+00 -.902957707E-13 0.137007149E-01 -.362362516E-14
   33.978 0.279783939E+00 -.122957315E-12 0.130100779E-01 -.174579764E-13
   35.882 0.279796947E+00 -.104007201E-14 0.123244799E-01 0.128141003E-14
   37.994 0.279808829E+00 -.229143338E-13 0.116436362E-01 0.971933895E-14
   40.351 0.279819666E+00 -.681677447E-13 0.109673298E-01 0.968490039E-14
   43.000 0.279829523E+00 -.767939998E-13 0.102956308E-01 0.104679594E-13
   45.999 0.279838482E+00 -.118389031E-12 0.962887814E-02 0.104785086E-14
   49.425 0.279849173E+00 -.700905633E-13 0.896177919E-02 0.156610448E-14
   53.378 0.279859782E+00 -.343213197E-13 0.829903401E-02 0.535486917E-15
   57.990 0.279870074E+00 -.632909987E-13 0.763968176E-02 -.670482274E-16
   63.445 0.279879930E+00 -.104147716E-13 0.698342632E-02 0.704991910E-15
   70.000 0.279889240E+00 -.331518556E-13 0.632998891E-02 0.343393818E-16
