    0.000   0.261410E+00   0.189020E-15   0.662183E-15  -0.134836E-13
    0.168   0.261392E+00   0.251943E-14  -0.125718E-02  -0.152471E-13
    0.336   0.261341E+00   0.601549E-13  -0.250826E-02  -0.606379E-14
    0.504   0.261256E+00   0.684035E-13  -0.375234E-02  -0.194363E-13
    0.672   0.261142E+00   0.388262E-13  -0.498155E-02  -0.149859E-13
    0.841   0.260999E+00  -0.139679E-13  -0.619983E-02  -0.803562E-14
    1.010   0.260828E+00  -0.381243E-13  -0.739496E-02  -0.129006E-13
    1.180   0.260633E+00  -0.668985E-13  -0.856517E-02  -0.173697E-13
    1.351   0.260415E+00  -0.102205E-12  -0.970500E-02  -0.156296E-13
    1.522   0.260176E+00  -0.505206E-13  -0.108006E-01  -0.757684E-14
    1.694   0.259920E+00  -0.259861E-13  -0.118526E-01  -0.875891E-14
    1.867   0.259649E+00   0.398308E-13  -0.128402E-01  -0.272189E-14
    2.042   0.259365E+00  -0.102943E-14  -0.137611E-01  -0.451253E-14
    2.217   0.259071E+00  -0.159955E-13  -0.145971E-01  -0.960293E-14
    2.394   0.258767E+00   0.111251E-13  -0.153340E-01  -0.110116E-14
    2.572   0.258453E+00   0.119414E-13  -0.159612E-01   0.287100E-14
    2.752   0.258126E+00   0.229349E-13  -0.164544E-01   0.568731E-15
    2.933   0.257782E+00   0.587532E-13  -0.168119E-01   0.135521E-13
    3.116   0.257417E+00  -0.502726E-13  -0.169846E-01   0.223988E-14
    3.301   0.257025E+00  -0.637136E-13  -0.169530E-01  -0.484577E-14
    3.489   0.256601E+00  -0.424538E-13  -0.166756E-01   0.516953E-14
    3.678   0.256147E+00  -0.428365E-13  -0.160939E-01   0.421003E-14
    3.870   0.255671E+00  -0.313855E-13  -0.151294E-01   0.948530E-14
    4.064   0.255200E+00   0.480254E-13  -0.136805E-01   0.288769E-13
    4.261   0.254786E+00   0.458308E-13  -0.116209E-01   0.235204E-13
    4.460   0.254519E+00   0.874935E-14  -0.883351E-02   0.112795E-13
    4.663   0.254527E+00   0.161897E-13  -0.521703E-02   0.169788E-13
    4.869   0.254960E+00   0.108611E-14  -0.771304E-03   0.153566E-13
    5.079   0.255936E+00   0.196530E-13   0.434516E-02   0.224556E-13
    5.291   0.257479E+00   0.290799E-13   0.983312E-02   0.164063E-13
    5.508   0.259483E+00   0.141858E-13   0.153280E-01   0.916103E-14
    5.729   0.261756E+00   0.232755E-13   0.205040E-01   0.880795E-14
    5.954   0.264085E+00  -0.467373E-14   0.251582E-01   0.786342E-14
    6.184   0.266304E+00   0.160053E-13   0.291880E-01   0.962764E-14
    6.418   0.268307E+00  -0.132675E-13   0.325645E-01   0.265529E-14
    6.658   0.270047E+00   0.855081E-14   0.353179E-01   0.124530E-13
    6.903   0.271519E+00  -0.179579E-14   0.375009E-01   0.459630E-14
    7.153   0.272741E+00  -0.210014E-15   0.391765E-01   0.878620E-14
    7.410   0.273745E+00   0.637786E-14   0.404027E-01   0.245253E-14
    7.674   0.274563E+00  -0.233695E-13   0.412513E-01   0.117158E-14
    7.944   0.275229E+00  -0.223263E-13   0.417703E-01   0.251961E-14
    8.221   0.275773E+00   0.111313E-13   0.420108E-01   0.255095E-14
    8.506   0.276221E+00  -0.561207E-14   0.420191E-01  -0.757015E-15
    8.800   0.276592E+00  -0.182647E-13   0.418309E-01   0.154293E-14
    9.102   0.276905E+00  -0.706442E-14   0.414775E-01   0.802376E-15
    9.414   0.277172E+00  -0.812650E-14   0.409898E-01  -0.135610E-14
    9.735   0.277403E+00   0.415850E-14   0.403864E-01  -0.601816E-15
   10.068   0.277607E+00  -0.116872E-13   0.396943E-01   0.360791E-15
   10.412   0.277790E+00   0.342780E-13   0.389236E-01   0.104770E-14
   10.768   0.277957E+00  -0.602753E-14   0.380945E-01   0.100596E-14
   11.137   0.278110E+00   0.210569E-14   0.372166E-01   0.546656E-15
   11.520   0.278252E+00   0.249791E-13   0.363013E-01   0.115729E-14
   11.918   0.278385E+00   0.216850E-13   0.353590E-01  -0.944421E-15
   12.333   0.278509E+00   0.147911E-13   0.343945E-01   0.257533E-16
   12.765   0.278625E+00   0.390019E-14   0.334185E-01   0.613260E-15
   13.216   0.278735E+00   0.163826E-13   0.324320E-01   0.543450E-15
   13.687   0.278839E+00   0.445339E-14   0.314440E-01   0.122621E-14
   14.181   0.278935E+00  -0.267965E-14   0.304547E-01  -0.110912E-15
   14.698   0.279025E+00   0.184138E-13   0.294698E-01   0.918525E-16
   15.242   0.279110E+00  -0.174777E-13   0.284903E-01  -0.473779E-15
   15.815   0.279188E+00   0.100193E-14   0.275191E-01  -0.233723E-15
   16.418   0.279261E+00   0.965082E-15   0.265568E-01   0.144919E-15
   17.056   0.279327E+00  -0.869764E-14   0.256057E-01  -0.803311E-16
   17.732   0.279388E+00  -0.739349E-14   0.246652E-01   0.998725E-15
   18.449   0.279445E+00   0.288226E-14   0.237369E-01  -0.332975E-15
   19.211   0.279497E+00   0.142249E-13   0.228202E-01   0.100657E-14
   20.025   0.279544E+00   0.718427E-14   0.219154E-01  -0.121331E-14
   20.895   0.279587E+00  -0.554670E-14   0.210224E-01   0.480900E-16
   21.828   0.279626E+00   0.119816E-13   0.201408E-01  -0.101225E-14
   22.833   0.279661E+00   0.697436E-14   0.192701E-01  -0.221297E-15
   23.917   0.279693E+00  -0.478951E-14   0.184101E-01   0.254728E-15
   25.092   0.279722E+00   0.105939E-13   0.175601E-01   0.146749E-15
   26.371   0.279748E+00   0.482541E-14   0.167197E-01  -0.176327E-15
   27.767   0.279770E+00   0.104848E-13   0.158883E-01   0.101967E-17
   29.301   0.279792E+00   0.300458E-14   0.150656E-01  -0.290845E-15
   30.993   0.279809E+00   0.730574E-14   0.142508E-01  -0.280429E-15
   32.871   0.279824E+00  -0.758491E-14   0.134436E-01   0.265080E-15
   34.968   0.279839E+00  -0.773573E-14   0.126434E-01  -0.513556E-16
   37.326   0.279849E+00   0.105471E-13   0.118497E-01  -0.454407E-15
   40.000   0.279857E+00  -0.311287E-15   0.110619E-01   0.175430E-15
