    0.000 0.125491160E-17 0.135378820E-17 0.320054019E-18 0.106425449E-19
    0.144 0.234615964E-01 -.976070635E-18 0.719491639E-02 0.819824490E-18
    0.289 0.459469033E-01 -.767721785E-17 0.139756189E-01 -.286398751E-18
    0.433 0.668077342E-01 0.943674798E-17 0.201109936E-01 0.349716489E-17
    0.578 0.857487836E-01 0.168104405E-16 0.255301890E-01 0.340351385E-17
    0.723 0.102744999E+00 0.240603094E-16 0.302675788E-01 -.331813238E-17
    0.868 0.117920595E+00 -.330599174E-16 0.344047523E-01 0.131468327E-17
    1.014 0.131461971E+00 0.368608793E-16 0.380335282E-01 0.358770241E-17
    1.160 0.143568621E+00 0.400838260E-16 0.412384261E-01 -.390938852E-17
    1.306 0.154429158E+00 -.205226574E-16 0.440906142E-01 0.917587820E-17
    1.453 0.164211540E+00 -.746936083E-17 0.466473412E-01 -.457187728E-17
    1.601 0.173060482E+00 -.301242059E-16 0.489534873E-01 -.111937131E-17
    1.750 0.181098571E+00 -.196321665E-16 0.510438469E-01 0.267834019E-17
    1.899 0.188428607E+00 -.186637237E-16 0.529451963E-01 -.545140981E-17
    2.049 0.195136536E+00 0.101196439E-16 0.546781835E-01 -.206706939E-17
    2.199 0.201294211E+00 0.646424296E-16 0.562588060E-01 -.827814199E-17
    2.351 0.206961890E+00 0.491220464E-17 0.576995713E-01 -.259209730E-18
    2.504 0.212190383E+00 0.107276336E-16 0.590104009E-01 -.386113760E-17
    2.658 0.217022821E+00 0.203069559E-16 0.601992893E-01 0.263751078E-17
    2.813 0.221496107E+00 0.730527901E-16 0.612728455E-01 -.524220247E-17
    2.970 0.225642097E+00 -.984731710E-16 0.622366300E-01 -.917422334E-17
    3.127 0.229488536E+00 -.470898364E-16 0.630954729E-01 0.338285561E-17
    3.287 0.233059804E+00 0.174329635E-17 0.638536553E-01 0.358459914E-18
    3.447 0.236377511E+00 0.313567861E-16 0.645150718E-01 -.638234515E-17
    3.610 0.239460980E+00 0.132782262E-16 0.650833493E-01 -.136036614E-18
    3.774 0.242327604E+00 0.458478111E-16 0.655619080E-01 -.766063940E-17
    3.939 0.244993154E+00 -.402859288E-16 0.659540253E-01 0.217238732E-17
    4.107 0.247472012E+00 -.608880708E-17 0.662628800E-01 -.421815393E-17
    4.277 0.249777363E+00 0.885198603E-17 0.664915750E-01 0.294831158E-17
    4.449 0.251921341E+00 0.241561217E-17 0.666431562E-01 0.708540909E-17
    4.623 0.253915152E+00 0.136609458E-16 0.667206175E-01 -.358250079E-17
    4.799 0.255769177E+00 0.451905779E-16 0.667269124E-01 -.646104988E-17
    4.978 0.257493050E+00 0.243873831E-16 0.666649521E-01 0.771294393E-17
    5.159 0.259095730E+00 0.197154583E-16 0.665376085E-01 0.276908884E-17
    5.343 0.260585561E+00 -.352298629E-16 0.663477150E-01 -.611344957E-17
    5.530 0.261970316E+00 0.299895031E-17 0.660980608E-01 -.757530482E-17
    5.720 0.263257242E+00 -.885223904E-18 0.657913909E-01 -.103693695E-16
    5.913 0.264453099E+00 -.237935884E-16 0.654304006E-01 0.324226521E-18
    6.110 0.265564198E+00 0.191656369E-16 0.650177378E-01 -.103049005E-16
    6.310 0.266596425E+00 0.427413998E-16 0.645559939E-01 -.133348516E-17
    6.514 0.267555270E+00 0.460591960E-16 0.640477080E-01 -.320763843E-17
    6.721 0.268445858E+00 0.319447464E-16 0.634953628E-01 -.503827883E-17
    6.933 0.269272966E+00 0.570096828E-16 0.629013823E-01 -.981099926E-17
    7.149 0.270041050E+00 0.298486135E-16 0.622681304E-01 -.306074169E-17
    7.369 0.270754264E+00 0.182432799E-16 0.615979111E-01 0.303661807E-17
    7.594 0.271416479E+00 -.872342781E-16 0.608929669E-01 -.287521053E-17
    7.824 0.272031303E+00 -.117690622E-16 0.601554788E-01 0.297675680E-18
    8.060 0.272602094E+00 -.727834463E-17 0.593875661E-01 -.338110865E-21
    8.301 0.273131982E+00 0.554770185E-16 0.585912836E-01 0.186396883E-17
    8.547 0.273623878E+00 -.583199186E-16 0.577686242E-01 0.371451961E-17
    8.800 0.274080494E+00 -.237610760E-16 0.569215168E-01 -.337660567E-17
    9.060 0.274504351E+00 0.120079377E-16 0.560518273E-01 -.793580552E-18
    9.326 0.274897795E+00 -.952000814E-17 0.551613583E-01 -.189843329E-18
    9.599 0.275263006E+00 0.311391155E-17 0.542518481E-01 -.227984911E-17
    9.881 0.275602013E+00 0.504303420E-16 0.533249713E-01 -.962705549E-18
   10.170 0.275916700E+00 0.382779932E-16 0.523823388E-01 -.146636715E-18
   10.468 0.276208818E+00 -.141555589E-16 0.514254977E-01 -.160544762E-17
   10.775 0.276479994E+00 -.659460657E-16 0.504559310E-01 -.172752221E-17
   11.092 0.276731738E+00 -.143960584E-16 0.494750578E-01 0.275711543E-17
   11.419 0.276965454E+00 -.275116645E-16 0.484842334E-01 -.496876898E-18
   11.757 0.277182443E+00 0.286891161E-16 0.474847491E-01 0.259348467E-17
   12.107 0.277383914E+00 0.321609081E-17 0.464778323E-01 -.130974839E-17
   12.470 0.277570988E+00 0.336617772E-16 0.454646468E-01 0.292280200E-20
   12.845 0.277744705E+00 0.197422713E-16 0.444462927E-01 -.254670696E-17
   13.235 0.277906031E+00 0.142200364E-16 0.434238070E-01 -.748001232E-18
   13.640 0.278055861E+00 -.116590074E-16 0.423981633E-01 -.549995024E-17
   14.061 0.278195026E+00 -.381960666E-17 0.413702727E-01 -.229704058E-17
   14.500 0.278324295E+00 -.198052056E-16 0.403409838E-01 0.114997245E-17
   14.957 0.278444381E+00 0.294850416E-16 0.393110837E-01 -.215494070E-17
   15.435 0.278555947E+00 0.194364276E-17 0.382812985E-01 -.217791322E-17
   15.934 0.278659605E+00 0.280952485E-16 0.372522942E-01 0.575275560E-17
   16.457 0.278755925E+00 0.650555338E-17 0.362246773E-01 -.118304991E-17
   17.005 0.278845432E+00 0.107776057E-16 0.351989966E-01 0.338538856E-17
   17.581 0.278928613E+00 -.108437156E-16 0.341757440E-01 0.323650961E-17
   18.187 0.279005922E+00 -.247504721E-17 0.331553561E-01 -.105828997E-17
   18.825 0.279077776E+00 0.100713421E-16 0.321382160E-01 0.185147939E-17
   19.499 0.279144563E+00 0.879978188E-17 0.311246549E-01 0.154720167E-17
   20.213 0.279206642E+00 -.473632993E-17 0.301149542E-01 -.606237522E-18
   20.969 0.279264343E+00 0.536245537E-17 0.291093482E-01 -.244597909E-17
   21.772 0.279317975E+00 -.948058376E-18 0.281080254E-01 0.101841255E-17
   22.628 0.279367821E+00 -.250324217E-16 0.271111320E-01 -.298714881E-17
   23.541 0.279414142E+00 0.614558039E-17 0.261187741E-01 0.402339834E-17
   24.518 0.279457182E+00 0.146370994E-16 0.251310202E-01 0.374908909E-17
   25.567 0.279497164E+00 -.210866395E-16 0.241479044E-01 -.762465493E-18
   26.697 0.279534293E+00 0.232471670E-17 0.231694290E-01 -.741804156E-18
   27.917 0.279568761E+00 0.796767998E-17 0.221955671E-01 -.251694977E-17
   29.240 0.279600742E+00 -.319707025E-17 0.212262657E-01 0.102715069E-17
   30.679 0.279630398E+00 -.160159982E-16 0.202614481E-01 0.982655320E-18
   32.251 0.279657876E+00 0.157301568E-16 0.193010162E-01 0.109731350E-17
   33.978 0.279683314E+00 -.825873206E-17 0.183448530E-01 0.233260477E-17
   35.882 0.279706835E+00 0.226982088E-17 0.173928244E-01 -.952799903E-18
   37.994 0.279728556E+00 0.180332525E-17 0.164447785E-01 0.121606051E-17
   40.351 0.279748585E+00 0.853405810E-17 0.155005352E-01 -.554035651E-18
   43.000 0.279767056E+00 0.966107784E-17 0.145598080E-01 -.312622503E-18
   45.999 0.279784519E+00 -.446010386E-17 0.136215725E-01 -.733874580E-18
   49.425 0.279804884E+00 -.487789788E-17 0.126810005E-01 -.928588737E-18
   53.378 0.279823766E+00 0.588117636E-17 0.117444313E-01 -.816049758E-18
   57.990 0.279841083E+00 -.725539992E-17 0.108123341E-01 -.497159908E-18
   63.445 0.279856870E+00 -.153038852E-16 0.988435843E-02 0.522869088E-18
   70.000 0.279871161E+00 -.214629459E-17 0.896014145E-02 0.396221284E-19
