    0.000   0.177559E-17  -0.118201E-17  -0.155972E-17   0.257238E-19
    0.612   0.909105E-01   0.847126E-17   0.297425E-01  -0.204504E-18
    1.224   0.153169E+00   0.581294E-17   0.480577E-01   0.149950E-17
    1.837   0.192533E+00   0.223695E-17   0.584954E-01   0.953357E-19
    2.449   0.218434E+00   0.168747E-16   0.642839E-01   0.244453E-17
    3.061   0.236142E+00   0.132044E-16   0.669488E-01   0.591947E-18
    3.673   0.248454E+00  -0.111456E-16   0.673904E-01   0.654705E-18
    4.286   0.257068E+00   0.625123E-18   0.662900E-01  -0.193247E-18
    4.898   0.263122E+00  -0.286108E-17   0.641948E-01  -0.461525E-18
    5.510   0.267402E+00   0.203620E-16   0.615247E-01  -0.117249E-17
    6.122   0.270453E+00   0.927268E-17   0.585813E-01   0.511712E-18
    6.735   0.272649E+00   0.232949E-16   0.555668E-01  -0.131190E-17
    7.347   0.274249E+00   0.101987E-16   0.526082E-01   0.552497E-18
    7.959   0.275428E+00  -0.146533E-17   0.497797E-01   0.873369E-18
    8.571   0.276308E+00  -0.297815E-17   0.471195E-01   0.745711E-18
    9.184   0.276973E+00   0.663683E-17   0.446433E-01   0.525782E-18
    9.796   0.277482E+00   0.571191E-17   0.423525E-01  -0.516739E-18
   10.408   0.277877E+00  -0.191560E-17   0.402407E-01   0.141231E-18
   11.020   0.278188E+00   0.111553E-16   0.382969E-01  -0.409862E-18
   11.633   0.278434E+00   0.101652E-16   0.365085E-01  -0.892172E-18
   12.245   0.278632E+00   0.580922E-17   0.348620E-01   0.228812E-18
   12.857   0.278793E+00   0.616600E-17   0.333445E-01  -0.158184E-18
   13.469   0.278926E+00   0.140165E-16   0.319437E-01   0.233586E-18
   14.082   0.279035E+00   0.352781E-17   0.306484E-01   0.559985E-18
   14.694   0.279127E+00  -0.239238E-17   0.294483E-01   0.201448E-18
   15.306   0.279205E+00   0.712810E-18   0.283342E-01   0.139119E-18
   15.918   0.279271E+00   0.326996E-17   0.272978E-01  -0.259544E-18
   16.531   0.279328E+00  -0.153317E-18   0.263319E-01  -0.219833E-18
   17.143   0.279377E+00  -0.232163E-17   0.254297E-01   0.368159E-18
   17.755   0.279420E+00   0.222518E-17   0.245856E-01   0.281781E-19
   18.367   0.279458E+00   0.151917E-17   0.237943E-01  -0.143391E-18
   18.980   0.279491E+00   0.501527E-18   0.230512E-01  -0.649970E-18
   19.592   0.279521E+00   0.365394E-17   0.223521E-01  -0.177677E-18
   20.204   0.279547E+00   0.268170E-17   0.216934E-01  -0.130590E-18
   20.816   0.279570E+00   0.459168E-17   0.210717E-01   0.320428E-18
   21.429   0.279591E+00  -0.341955E-17   0.204841E-01   0.498615E-19
   22.041   0.279610E+00   0.479802E-17   0.199279E-01  -0.155545E-18
   22.653   0.279628E+00   0.142641E-17   0.194007E-01   0.294790E-18
   23.265   0.279643E+00   0.104730E-17   0.189003E-01  -0.227842E-18
   23.878   0.279658E+00  -0.343225E-17   0.184247E-01   0.255541E-18
   24.490   0.279671E+00  -0.389293E-17   0.179723E-01   0.530269E-18
   25.102   0.279683E+00  -0.226984E-18   0.175413E-01   0.152618E-18
   25.714   0.279694E+00  -0.150180E-18   0.171303E-01  -0.240417E-18
   26.327   0.279704E+00   0.144283E-18   0.167379E-01  -0.506256E-19
   26.939   0.279713E+00   0.112948E-17   0.163629E-01  -0.625119E-19
   27.551   0.279722E+00   0.226610E-17   0.160042E-01   0.390149E-18
   28.163   0.279730E+00  -0.250970E-17   0.156607E-01  -0.564359E-18
   28.776   0.279738E+00  -0.150047E-17   0.153314E-01  -0.324447E-18
   29.388   0.279745E+00   0.552189E-18   0.150154E-01  -0.264271E-18
   30.000   0.279752E+00   0.649789E-17   0.147117E-01   0.663442E-19
