    0.000 0.261553989E+00 0.180828837E-18 0.509376342E-19 -.526790388E-14
    0.144 0.261548372E+00 -.292172012E-16 -.975165037E-03 -.526889554E-14
    0.289 0.261526660E+00 -.228091105E-15 -.195005059E-02 -.526995958E-14
    0.433 0.261489168E+00 -.441927132E-15 -.292128485E-02 -.526848149E-14
    0.578 0.261436814E+00 -.120389505E-14 -.388640111E-02 -.524340351E-14
    0.723 0.261370466E+00 -.152796993E-14 -.484313845E-02 -.523159444E-14
    0.868 0.261290962E+00 -.202535931E-14 -.578922082E-02 -.520640744E-14
    1.014 0.261199195E+00 -.275453639E-14 -.672224949E-02 -.520162997E-14
    1.160 0.261096139E+00 -.335638867E-14 -.763963423E-02 -.517532012E-14
    1.306 0.260982873E+00 -.368276426E-14 -.853855136E-02 -.509475409E-14
    1.453 0.260860578E+00 -.405598616E-14 -.941591862E-02 -.498809754E-14
    1.601 0.260730530E+00 -.370687688E-14 -.102683905E-01 -.486580987E-14
    1.750 0.260594073E+00 -.333138932E-14 -.110923695E-01 -.468266540E-14
    1.899 0.260452575E+00 -.323278807E-14 -.118840406E-01 -.451012113E-14
    2.049 0.260307362E+00 -.368991545E-14 -.126394129E-01 -.431664962E-14
    2.199 0.260159640E+00 -.474376909E-14 -.133543795E-01 -.408803478E-14
    2.351 0.260010404E+00 -.521165126E-14 -.140247754E-01 -.378564962E-14
    2.504 0.259860336E+00 -.553838650E-14 -.146464213E-01 -.338425554E-14
    2.658 0.259709711E+00 -.539961248E-14 -.152151406E-01 -.295294511E-14
    2.813 0.259558314E+00 -.555270901E-14 -.157267379E-01 -.250232199E-14
    2.970 0.259405377E+00 -.604138399E-14 -.161769017E-01 -.199125329E-14
    3.127 0.259249550E+00 -.627276679E-14 -.165610443E-01 -.143000365E-14
    3.287 0.259088910E+00 -.731898487E-14 -.168740641E-01 -.924006970E-15
    3.447 0.258921020E+00 -.764985706E-14 -.171100215E-01 -.319328197E-15
    3.610 0.258743036E+00 -.744635683E-14 -.172617452E-01 0.326736657E-15
    3.774 0.258551874E+00 -.809987033E-14 -.173203461E-01 0.830988740E-15
    3.939 0.258344436E+00 -.847366061E-14 -.172745998E-01 0.139828612E-14
    4.107 0.258117948E+00 -.888547055E-14 -.171101497E-01 0.202028945E-14
    4.277 0.257870459E+00 -.892154616E-14 -.168084752E-01 0.260484201E-14
    4.449 0.257601609E+00 -.924178330E-14 -.163455876E-01 0.302671416E-14
    4.623 0.257313822E+00 -.104380216E-13 -.156905305E-01 0.324097925E-14
    4.799 0.257014074E+00 -.998734172E-14 -.148038438E-01 0.369810060E-14
    4.978 0.256716378E+00 -.943623649E-14 -.136365402E-01 0.408664641E-14
    5.159 0.256444942E+00 -.101209420E-13 -.121304226E-01 0.406256970E-14
    5.343 0.256237503E+00 -.103969199E-13 -.102212987E-01 0.414969670E-14
    5.530 0.256147482E+00 -.111200395E-13 -.784705115E-02 0.396853877E-14
    5.720 0.256242368E+00 -.114126739E-13 -.496207824E-02 0.384594039E-14
    5.913 0.256595061E+00 -.113939664E-13 -.155687488E-02 0.362377495E-14
    6.110 0.257266652E+00 -.117335063E-13 0.232381492E-02 0.323735060E-14
    6.310 0.258284710E+00 -.120150232E-13 0.657507247E-02 0.284837831E-14
    6.514 0.259627470E+00 -.126285280E-13 0.110452043E-01 0.231545309E-14
    6.721 0.261224193E+00 -.133374566E-13 0.155642268E-01 0.182611447E-14
    6.933 0.262972565E+00 -.136232591E-13 0.199736979E-01 0.147624843E-14
    7.149 0.264763685E+00 -.138728227E-13 0.241463479E-01 0.118225067E-14
    7.369 0.266503106E+00 -.140771453E-13 0.279927663E-01 0.957596238E-15
    7.594 0.268122029E+00 -.143137314E-13 0.314590390E-01 0.738074739E-15
    7.824 0.269579163E+00 -.145962561E-13 0.345201326E-01 0.528404909E-15
    8.060 0.270856841E+00 -.150042462E-13 0.371726039E-01 0.352983187E-15
    8.301 0.271954873E+00 -.153406519E-13 0.394280418E-01 0.225801543E-15
    8.547 0.272884480E+00 -.155931503E-13 0.413077908E-01 0.121462489E-15
    8.800 0.273663282E+00 -.158798653E-13 0.428389337E-01 0.690229967E-16
    9.060 0.274311644E+00 -.161843442E-13 0.440513350E-01 -.509616616E-17
    9.326 0.274850226E+00 -.164618178E-13 0.449755941E-01 -.476972569E-16
    9.599 0.275298483E+00 -.167520648E-13 0.456416563E-01 -.785389085E-16
    9.881 0.275673865E+00 -.170754277E-13 0.460779480E-01 -.107195996E-15
   10.170 0.275991466E+00 -.174166276E-13 0.463108852E-01 -.133877239E-15
   10.468 0.276263976E+00 -.177551095E-13 0.463646364E-01 -.135966367E-15
   10.775 0.276501800E+00 -.182037390E-13 0.462610666E-01 -.146475936E-15
   11.092 0.276713271E+00 -.185781274E-13 0.460197901E-01 -.155434989E-15
   11.419 0.276904917E+00 -.190505476E-13 0.456583155E-01 -.166195506E-15
   11.757 0.277081721E+00 -.195450241E-13 0.451922029E-01 -.170621246E-15
   12.107 0.277247382E+00 -.201359544E-13 0.446352555E-01 -.171272746E-15
   12.470 0.277404552E+00 -.206947934E-13 0.439996983E-01 -.180795814E-15
   12.845 0.277555048E+00 -.213263358E-13 0.432963647E-01 -.177589986E-15
   13.235 0.277700038E+00 -.219560124E-13 0.425348584E-01 -.173680902E-15
   13.640 0.277840192E+00 -.226315885E-13 0.417236904E-01 -.170028807E-15
   14.061 0.277975824E+00 -.232674594E-13 0.408704162E-01 -.154983107E-15
   14.500 0.278106994E+00 -.238976842E-13 0.399817423E-01 -.135454765E-15
   14.957 0.278233604E+00 -.245664404E-13 0.390636187E-01 -.120265730E-15
   15.435 0.278355468E+00 -.251578106E-13 0.381213212E-01 -.121557293E-15
   15.934 0.278472362E+00 -.257136859E-13 0.371595165E-01 -.125345799E-15
   16.457 0.278584071E+00 -.262188027E-13 0.361823206E-01 -.115637154E-15
   17.005 0.278690407E+00 -.266065487E-13 0.351933467E-01 -.962404068E-16
   17.581 0.278791234E+00 -.270110596E-13 0.341957463E-01 -.854665421E-16
   18.187 0.278886469E+00 -.274275317E-13 0.331922464E-01 -.714034380E-16
   18.825 0.278976091E+00 -.277730201E-13 0.321851837E-01 -.596766220E-16
   19.499 0.279060144E+00 -.281537658E-13 0.311765363E-01 -.438425221E-16
   20.213 0.279138732E+00 -.286282111E-13 0.301679556E-01 -.397892638E-16
   20.969 0.279212009E+00 -.292547804E-13 0.291607958E-01 -.532810506E-16
   21.772 0.279280175E+00 -.299868542E-13 0.281561447E-01 -.434498721E-16
   22.628 0.279343454E+00 -.309277131E-13 0.271548528E-01 -.445006124E-16
   23.541 0.279402091E+00 -.321074301E-13 0.261575630E-01 -.497796493E-16
   24.518 0.279456335E+00 -.334209387E-13 0.251647389E-01 -.436948501E-16
   25.567 0.279506441E+00 -.349722414E-13 0.241766919E-01 -.344646966E-16
   26.697 0.279552665E+00 -.365969965E-13 0.231936074E-01 -.324270071E-16
   27.917 0.279595246E+00 -.383546637E-13 0.222155679E-01 -.310277716E-16
   29.240 0.279634394E+00 -.401527760E-13 0.212425739E-01 -.243934065E-16
   30.679 0.279670275E+00 -.420100996E-13 0.202745616E-01 -.247523605E-16
   32.251 0.279703011E+00 -.439877022E-13 0.193114183E-01 -.198368901E-16
   33.978 0.279732674E+00 -.460059011E-13 0.183529956E-01 -.111919452E-16
   35.882 0.279759269E+00 -.481121097E-13 0.173991226E-01 0.480582692E-18
   37.994 0.279782702E+00 -.502595369E-13 0.164496295E-01 0.870747395E-17
   40.351 0.279802777E+00 -.523239912E-13 0.155044225E-01 0.151548629E-16
   43.000 0.279819209E+00 -.543583477E-13 0.145637345E-01 0.419362475E-16
   45.999 0.279831882E+00 -.560284936E-13 0.136273786E-01 -.767237072E-16
   49.425 0.279844148E+00 -.482569228E-13 0.126852442E-01 0.462494029E-16
   53.378 0.279856064E+00 -.385327733E-13 0.117483010E-01 0.328191213E-16
   57.990 0.279867384E+00 -.301026295E-13 0.108158656E-01 0.214162334E-16
   63.445 0.279878032E+00 -.230198104E-13 0.988756393E-02 0.133330685E-16
   70.000 0.279887941E+00 -.171585810E-13 0.896303013E-02 0.821978896E-17
