    0.000 0.261625023E+00 0.196522780E-19 -.145792737E-18 -.210387814E-15
    0.144 0.261619490E+00 0.814227363E-16 -.956901364E-03 -.206153783E-15
    0.289 0.261598829E+00 0.218123649E-15 -.191344097E-02 -.198259368E-15
    0.433 0.261563350E+00 0.338046389E-15 -.286665564E-02 -.188581329E-15
    0.578 0.261513872E+00 0.454290016E-15 -.381435209E-02 -.175619238E-15
    0.723 0.261451178E+00 0.510560659E-15 -.475450951E-02 -.161084453E-15
    0.868 0.261376028E+00 0.391356873E-15 -.568508662E-02 -.142324174E-15
    1.014 0.261289238E+00 0.274571458E-15 -.660392529E-02 -.119128315E-15
    1.160 0.261191697E+00 0.208111032E-15 -.750868733E-02 -.951577771E-16
    1.306 0.261084392E+00 0.346558900E-16 -.839681451E-02 -.712349293E-16
    1.453 0.260968404E+00 -.217212514E-15 -.926550268E-02 -.421245122E-16
    1.601 0.260844901E+00 -.268326181E-15 -.101116934E-01 -.446146996E-17
    1.750 0.260715119E+00 -.155567688E-15 -.109320795E-01 0.385214602E-16
    1.899 0.260580316E+00 -.599567966E-16 -.117231303E-01 0.792079868E-16
    2.049 0.260441720E+00 -.456395854E-16 -.124811239E-01 0.110751713E-15
    2.199 0.260300458E+00 -.930977781E-16 -.132021966E-01 0.142946812E-15
    2.351 0.260157473E+00 -.134305650E-15 -.138823919E-01 0.176910349E-15
    2.504 0.260013433E+00 -.276655870E-15 -.145177006E-01 0.209607281E-15
    2.658 0.259868643E+00 -.438859766E-15 -.151040808E-01 0.245657680E-15
    2.813 0.259722968E+00 -.485570825E-15 -.156374471E-01 0.286384018E-15
    2.970 0.259575765E+00 -.416807587E-15 -.161135973E-01 0.328132293E-15
    3.127 0.259425852E+00 -.218355474E-15 -.165280813E-01 0.355190784E-15
    3.287 0.259271498E+00 -.116505072E-15 -.168760022E-01 0.352897360E-15
    3.447 0.259110467E+00 -.100383755E-15 -.171517346E-01 0.325348936E-15
    3.610 0.258940096E+00 -.213367634E-15 -.173485784E-01 0.283266758E-15
    3.774 0.258757426E+00 -.334017110E-15 -.174583308E-01 0.228206056E-15
    3.939 0.258559393E+00 -.438556869E-15 -.174707425E-01 0.166592102E-15
    4.107 0.258343099E+00 -.505362237E-15 -.173728163E-01 0.971681398E-16
    4.277 0.258106213E+00 -.639749772E-15 -.171478887E-01 0.213701709E-16
    4.449 0.257847602E+00 -.786530799E-15 -.167744354E-01 -.515089201E-16
    4.623 0.257568314E+00 -.938701669E-15 -.162246309E-01 -.110366225E-15
    4.799 0.257273069E+00 -.102366201E-14 -.154627372E-01 -.147599846E-15
    4.978 0.256972445E+00 -.953238476E-15 -.144437340E-01 -.175666594E-15
    5.159 0.256685812E+00 -.902652563E-15 -.131128091E-01 -.209024249E-15
    5.343 0.256444757E+00 -.972760204E-15 -.114070289E-01 -.251205106E-15
    5.530 0.256296098E+00 -.101235443E-14 -.926102589E-02 -.290244963E-15
    5.720 0.256302371E+00 -.101037033E-14 -.661871622E-02 -.315711725E-15
    5.913 0.256536564E+00 -.887189601E-15 -.345143555E-02 -.318937744E-15
    6.110 0.257068269E+00 -.808786673E-15 0.221663895E-03 -.315270472E-15
    6.310 0.257942492E+00 -.813849017E-15 0.432080311E-02 -.304073000E-15
    6.514 0.259159393E+00 -.823375814E-15 0.871051475E-02 -.286536744E-15
    6.721 0.260666828E+00 -.880980053E-15 0.132235416E-01 -.265982271E-15
    6.933 0.262371528E+00 -.939546541E-15 0.176923845E-01 -.240853954E-15
    7.149 0.264162943E+00 -.990686475E-15 0.219743983E-01 -.212171328E-15
    7.369 0.265937537E+00 -.104773590E-14 0.259636981E-01 -.165643221E-15
    7.594 0.267614546E+00 -.105638575E-14 0.295918821E-01 -.124721924E-15
    7.824 0.269141355E+00 -.110014966E-14 0.328225407E-01 -.791709142E-16
    8.060 0.270491390E+00 -.121034358E-14 0.356439631E-01 -.557811981E-16
    8.301 0.271658377E+00 -.133999657E-14 0.380621248E-01 -.362971543E-16
    8.547 0.272649949E+00 -.144209449E-14 0.400948504E-01 -.163461419E-16
    8.800 0.273482031E+00 -.151165636E-14 0.417672699E-01 -.733020972E-17
    9.060 0.274174590E+00 -.163350337E-14 0.431084202E-01 0.507105202E-17
    9.326 0.274748689E+00 -.174520597E-14 0.441488455E-01 0.185880172E-17
    9.599 0.275224634E+00 -.185696279E-14 0.449189360E-01 0.550573586E-17
    9.881 0.275620922E+00 -.196126445E-14 0.454478640E-01 0.105859097E-16
   10.170 0.275953740E+00 -.209800647E-14 0.457629496E-01 0.209830769E-17
   10.468 0.276236817E+00 -.220091546E-14 0.458893269E-01 0.326824756E-17
   10.775 0.276481504E+00 -.232795156E-14 0.458498216E-01 0.120518383E-17
   11.092 0.276696959E+00 -.243894699E-14 0.456649649E-01 0.902062787E-17
   11.419 0.276890406E+00 -.257388236E-14 0.453531137E-01 0.371254355E-17
   11.757 0.277067407E+00 -.268160151E-14 0.449305987E-01 0.199474811E-16
   12.107 0.277232128E+00 -.274228877E-14 0.444119125E-01 0.146495882E-16
   12.470 0.277387591E+00 -.286615472E-14 0.438098896E-01 0.700410957E-17
   12.845 0.277535900E+00 -.301428398E-14 0.431359001E-01 0.166291608E-16
   13.235 0.277678440E+00 -.311066976E-14 0.424000183E-01 0.863977369E-17
   13.640 0.277816043E+00 -.321805169E-14 0.416111675E-01 0.728712027E-17
   14.061 0.277949136E+00 -.331734828E-14 0.407772654E-01 0.157946727E-16
   14.500 0.278077859E+00 -.344282943E-14 0.399053384E-01 0.117023912E-16
   14.957 0.278202162E+00 -.360850910E-14 0.390016209E-01 0.195870474E-17
   15.435 0.278321881E+00 -.374028399E-14 0.380716436E-01 0.678960410E-17
   15.934 0.278436797E+00 -.385793652E-14 0.371203021E-01 -.393057091E-17
   16.457 0.278546683E+00 -.399228419E-14 0.361519201E-01 -.463695601E-17
   17.005 0.278651332E+00 -.412924059E-14 0.351703006E-01 0.101434298E-16
   17.581 0.278750584E+00 -.430708968E-14 0.341787687E-01 -.860475582E-17
   18.187 0.278844332E+00 -.443980206E-14 0.331802123E-01 0.261846098E-16
   18.825 0.278932534E+00 -.466389702E-14 0.321771162E-01 -.160795361E-17
   19.499 0.279015209E+00 -.484892929E-14 0.311715956E-01 0.359289146E-16
   20.213 0.279092436E+00 -.502605933E-14 0.301654270E-01 0.186442812E-16
   20.969 0.279164345E+00 -.526055221E-14 0.291600788E-01 0.289897453E-16
   21.772 0.279231114E+00 -.541413963E-14 0.281567410E-01 0.166063981E-16
   22.628 0.279292953E+00 -.556048912E-14 0.271563559E-01 0.213750250E-16
   23.541 0.279350102E+00 -.569579804E-14 0.261596466E-01 0.143545243E-16
   24.518 0.279402817E+00 -.583701189E-14 0.251671465E-01 0.158357972E-16
   25.567 0.279451365E+00 -.594258687E-14 0.241792270E-01 0.130416454E-16
   26.697 0.279496015E+00 -.602016525E-14 0.231961237E-01 0.167555669E-16
   27.917 0.279537033E+00 -.611039586E-14 0.222179603E-01 0.166221971E-16
   29.240 0.279574677E+00 -.626028455E-14 0.212447711E-01 0.109502497E-16
   30.679 0.279609194E+00 -.649821931E-14 0.202765194E-01 -.162026101E-17
   32.251 0.279640816E+00 -.678054130E-14 0.193131152E-01 -.423871048E-17
   33.978 0.279669760E+00 -.705201326E-14 0.183544293E-01 0.109556659E-17
   35.882 0.279696227E+00 -.722117150E-14 0.174003131E-01 0.279099101E-17
   37.994 0.279720397E+00 -.740668902E-14 0.164506384E-01 0.925687315E-18
   40.351 0.279742425E+00 -.751741987E-14 0.155054422E-01 0.329407214E-17
   43.000 0.279762397E+00 -.764342363E-14 0.145654553E-01 0.129166095E-16
   45.999 0.279779835E+00 -.790320318E-14 0.136312096E-01 -.828608297E-17
   49.425 0.279794517E+00 -.678268171E-14 0.126878645E-01 0.113523754E-16
   53.378 0.279809802E+00 -.541965424E-14 0.117506949E-01 0.714607141E-17
   57.990 0.279825301E+00 -.424050602E-14 0.108180606E-01 0.421592498E-17
   63.445 0.279840674E+00 -.324528283E-14 0.988956715E-02 0.245303999E-17
   70.000 0.279855614E+00 -.242284088E-14 0.896484607E-02 0.122800345E-17
