    0.000   0.261479E+00   0.179085E-18   0.344417E-18  -0.209024E-16
    0.612   0.261267E+00  -0.211347E-16  -0.430083E-02  -0.249022E-16
    1.224   0.260686E+00  -0.191402E-16  -0.841668E-02  -0.183463E-16
    1.837   0.259833E+00  -0.536537E-16  -0.121111E-01  -0.160131E-16
    2.449   0.258821E+00  -0.321346E-16  -0.150253E-01  -0.175717E-16
    3.061   0.257696E+00   0.891572E-16  -0.166911E-01  -0.158069E-16
    3.673   0.256380E+00   0.186260E-15  -0.164421E-01   0.137594E-16
    4.286   0.254955E+00   0.183484E-15  -0.129752E-01   0.262721E-16
    4.898   0.254588E+00   0.114969E-15  -0.415734E-02   0.266081E-16
    5.510   0.257664E+00   0.765280E-16   0.977949E-02   0.120864E-16
    6.122   0.263619E+00   0.580945E-16   0.232769E-01  -0.312297E-17
    6.735   0.269052E+00   0.834091E-16   0.325484E-01  -0.772467E-17
    7.347   0.272620E+00   0.118863E-15   0.377648E-01  -0.335414E-17
    7.959   0.274717E+00   0.128610E-15   0.401963E-01  -0.313284E-17
    8.571   0.275949E+00   0.138806E-15   0.409133E-01  -0.109834E-18
    9.184   0.276714E+00   0.136566E-15   0.406216E-01  -0.813065E-18
    9.796   0.277228E+00   0.155094E-15   0.397552E-01   0.171691E-17
   10.408   0.277602E+00   0.172002E-15   0.385774E-01   0.498808E-17
   11.020   0.277893E+00   0.205176E-15   0.372474E-01   0.349624E-17
   11.633   0.278132E+00   0.223772E-15   0.358617E-01   0.162908E-17
   12.245   0.278333E+00   0.235662E-15   0.344783E-01   0.570442E-17
   12.857   0.278506E+00   0.256636E-15   0.331312E-01   0.419720E-17
   13.469   0.278656E+00   0.269645E-15   0.318392E-01  -0.263823E-18
   14.082   0.278786E+00   0.274016E-15   0.306121E-01  -0.350009E-18
   14.694   0.278900E+00   0.292169E-15   0.294534E-01  -0.147851E-17
   15.306   0.279000E+00   0.292056E-15   0.283633E-01  -0.229496E-17
   15.918   0.279087E+00   0.307934E-15   0.273398E-01  -0.202618E-17
   16.531   0.279163E+00   0.319703E-15   0.263795E-01  -0.736800E-18
   17.143   0.279230E+00   0.318060E-15   0.254788E-01  -0.167512E-17
   17.755   0.279289E+00   0.319785E-15   0.246334E-01  -0.383865E-17
   18.367   0.279341E+00   0.330391E-15   0.238394E-01  -0.336189E-17
   18.980   0.279387E+00   0.336308E-15   0.230929E-01  -0.333127E-17
   19.592   0.279428E+00   0.328458E-15   0.223902E-01  -0.367459E-17
   20.204   0.279464E+00   0.321999E-15   0.217278E-01  -0.454509E-17
   20.816   0.279497E+00   0.317408E-15   0.211026E-01  -0.333227E-17
   21.429   0.279526E+00   0.325174E-15   0.205118E-01  -0.283630E-17
   22.041   0.279551E+00   0.304248E-15   0.199526E-01  -0.302829E-17
   22.653   0.279575E+00   0.300018E-15   0.194227E-01  -0.196569E-17
   23.265   0.279596E+00   0.289886E-15   0.189199E-01  -0.218632E-17
   23.878   0.279615E+00   0.286149E-15   0.184423E-01  -0.150888E-17
   24.490   0.279632E+00   0.267199E-15   0.179880E-01  -0.108130E-17
   25.102   0.279648E+00   0.251325E-15   0.175553E-01  -0.366022E-18
   25.714   0.279662E+00   0.244110E-15   0.171428E-01  -0.911918E-20
   26.327   0.279675E+00   0.233913E-15   0.167490E-01   0.297677E-18
   26.939   0.279687E+00   0.211965E-15   0.163729E-01   0.201271E-18
   27.551   0.279698E+00   0.187637E-15   0.160130E-01   0.731675E-18
   28.163   0.279708E+00   0.173143E-15   0.156685E-01   0.684079E-18
   28.776   0.279717E+00   0.159177E-15   0.153383E-01   0.930092E-18
   29.388   0.279725E+00   0.140434E-15   0.150214E-01   0.122350E-17
   30.000   0.279731E+00   0.126567E-15   0.147168E-01   0.131499E-17
