    0.000 0.261531790E+00 0.764301282E-19 0.420425184E-19 -.301385076E-13
    0.144 0.261519543E+00 0.178076062E-15 -.104803702E-02 -.301429903E-13
    0.289 0.261483847E+00 0.361764795E-15 -.209359130E-02 -.301277907E-13
    0.433 0.261425729E+00 0.446549914E-15 -.313459445E-02 -.300743206E-13
    0.578 0.261346169E+00 0.377658566E-15 -.416914115E-02 -.299803526E-13
    0.723 0.261246105E+00 0.593757566E-15 -.519528461E-02 -.298138101E-13
    0.868 0.261126494E+00 0.862456634E-15 -.621086859E-02 -.295565088E-13
    1.014 0.260988357E+00 0.983974990E-15 -.721338780E-02 -.291789980E-13
    1.160 0.260832818E+00 0.943824076E-15 -.819987424E-02 -.286588560E-13
    1.306 0.260661124E+00 0.102415217E-14 -.916680698E-02 -.279454075E-13
    1.453 0.260474648E+00 0.131854912E-14 -.101100435E-01 -.269998039E-13
    1.601 0.260274867E+00 0.150866983E-14 -.110247791E-01 -.257759446E-13
    1.750 0.260063310E+00 0.182060937E-14 -.119055294E-01 -.242174661E-13
    1.899 0.259841473E+00 0.196067896E-14 -.127461485E-01 -.223067671E-13
    2.049 0.259610698E+00 0.189623327E-14 -.135398567E-01 -.200312598E-13
    2.199 0.259372018E+00 0.186597881E-14 -.142792838E-01 -.173393422E-13
    2.351 0.259125995E+00 0.188975386E-14 -.149564819E-01 -.142106350E-13
    2.504 0.258872542E+00 0.205316702E-14 -.155628648E-01 -.106640412E-13
    2.658 0.258610777E+00 0.212306954E-14 -.160890279E-01 -.674042289E-14
    2.813 0.258338957E+00 0.198466240E-14 -.165243998E-01 -.246723916E-14
    2.970 0.258054491E+00 0.171690865E-14 -.168566618E-01 0.207021148E-14
    3.127 0.257754130E+00 0.161372136E-14 -.170709380E-01 0.683079349E-14
    3.287 0.257434353E+00 0.144364575E-14 -.171487191E-01 0.116373494E-13
    3.447 0.257092021E+00 0.104420970E-14 -.170664639E-01 0.164487022E-13
    3.610 0.256725406E+00 0.959529455E-15 -.167938448E-01 0.211366780E-13
    3.774 0.256335797E+00 0.548530257E-15 -.162915951E-01 0.254701628E-13
    3.939 0.255929911E+00 -.410797391E-15 -.155092199E-01 0.293485029E-13
    4.107 0.255523427E+00 -.110813574E-14 -.143832759E-01 0.326955232E-13
    4.277 0.255145671E+00 -.145626580E-14 -.128378573E-01 0.353788708E-13
    4.449 0.254844811E+00 -.181651226E-14 -.107901060E-01 0.371195295E-13
    4.623 0.254691305E+00 -.235610434E-14 -.816436545E-02 0.377307319E-13
    4.799 0.254775136E+00 -.288161107E-14 -.491733043E-02 0.372124425E-13
    4.978 0.255191180E+00 -.342365780E-14 -.106984584E-02 0.355619054E-13
    5.159 0.256011256E+00 -.383685715E-14 0.326999732E-02 0.329767462E-13
    5.343 0.257252598E+00 -.412290524E-14 0.791286388E-02 0.297586538E-13
    5.530 0.258862111E+00 -.425580053E-14 0.126285042E-01 0.262272185E-13
    5.720 0.260728876E+00 -.443207494E-14 0.171993185E-01 0.226887431E-13
    5.913 0.262717196E+00 -.441476190E-14 0.214585799E-01 0.193782571E-13
    6.110 0.264700492E+00 -.431686420E-14 0.253020412E-01 0.163890394E-13
    6.310 0.266581936E+00 -.421328915E-14 0.286801468E-01 0.137486113E-13
    6.514 0.268300161E+00 -.395849139E-14 0.315832736E-01 0.114768665E-13
    6.721 0.269825134E+00 -.348963204E-14 0.340274178E-01 0.958441105E-14
    6.933 0.271150166E+00 -.291440285E-14 0.360432965E-01 0.803209616E-14
    7.149 0.272283777E+00 -.219131454E-14 0.376688024E-01 0.675376178E-14
    7.369 0.273243098E+00 -.128743245E-14 0.389442264E-01 0.570114998E-14
    7.594 0.274049159E+00 -.236857611E-15 0.399093671E-01 0.483274261E-14
    7.824 0.274723824E+00 0.925192979E-15 0.406018443E-01 0.413065224E-14
    8.060 0.275287969E+00 0.225903027E-14 0.410562866E-01 0.356380937E-14
    8.301 0.275760512E+00 0.367983396E-14 0.413040163E-01 0.309708441E-14
    8.547 0.276158017E+00 0.524032296E-14 0.413729838E-01 0.271749306E-14
    8.800 0.276494618E+00 0.692240247E-14 0.412879206E-01 0.239699224E-14
    9.060 0.276782146E+00 0.869363715E-14 0.410705986E-01 0.213798449E-14
    9.326 0.277030352E+00 0.105931288E-13 0.407401093E-01 0.192475496E-14
    9.599 0.277247160E+00 0.125635203E-13 0.403131500E-01 0.174299534E-14
    9.881 0.277438933E+00 0.146315270E-13 0.398043143E-01 0.159022195E-14
   10.170 0.277610720E+00 0.167350775E-13 0.392263377E-01 0.146142413E-14
   10.468 0.277766478E+00 0.189178756E-13 0.385903402E-01 0.134017238E-14
   10.775 0.277909275E+00 0.212050155E-13 0.379060334E-01 0.122907586E-14
   11.092 0.278041455E+00 0.234420995E-13 0.371818928E-01 0.113717310E-14
   11.419 0.278164787E+00 0.257640628E-13 0.364253210E-01 0.105194215E-14
   11.757 0.278280583E+00 0.281318827E-13 0.356427744E-01 0.975427416E-15
   12.107 0.278389803E+00 0.304988185E-13 0.348398825E-01 0.902450088E-15
   12.470 0.278493134E+00 0.328724092E-13 0.340215416E-01 0.837061690E-15
   12.845 0.278591062E+00 0.353200701E-13 0.331920009E-01 0.784644431E-15
   13.235 0.278683925E+00 0.377868275E-13 0.323549349E-01 0.723836853E-15
   13.640 0.278771958E+00 0.401815045E-13 0.315135019E-01 0.655102553E-15
   14.061 0.278855326E+00 0.427091753E-13 0.306704018E-01 0.607868187E-15
   14.500 0.278934153E+00 0.451714279E-13 0.298279217E-01 0.554909501E-15
   14.957 0.279008538E+00 0.476546406E-13 0.289879780E-01 0.504005244E-15
   15.435 0.279078574E+00 0.501146584E-13 0.281521555E-01 0.461526040E-15
   15.934 0.279144357E+00 0.526117817E-13 0.273217421E-01 0.415515039E-15
   16.457 0.279205991E+00 0.551066024E-13 0.264977615E-01 0.373445380E-15
   17.005 0.279263591E+00 0.576707336E-13 0.256810029E-01 0.346029003E-15
   17.581 0.279317290E+00 0.601192396E-13 0.248720488E-01 0.315205443E-15
   18.187 0.279367234E+00 0.626335868E-13 0.240713017E-01 0.273565411E-15
   18.825 0.279413582E+00 0.651228887E-13 0.232790091E-01 0.237954015E-15
   19.499 0.279456504E+00 0.675927119E-13 0.224952869E-01 0.209623239E-15
   20.213 0.279496179E+00 0.700364040E-13 0.217201407E-01 0.186636624E-15
   20.969 0.279532789E+00 0.724198024E-13 0.209534859E-01 0.159824286E-15
   21.772 0.279566523E+00 0.747236857E-13 0.201951651E-01 0.130127411E-15
   22.628 0.279597566E+00 0.769482207E-13 0.194449649E-01 0.106919094E-15
   23.541 0.279626102E+00 0.790079221E-13 0.187026289E-01 0.882784467E-16
   24.518 0.279652311E+00 0.808781709E-13 0.179678708E-01 0.695585167E-16
   25.567 0.279676366E+00 0.825554943E-13 0.172403834E-01 0.524916656E-16
   26.697 0.279698428E+00 0.839449690E-13 0.165198476E-01 0.408628253E-16
   27.917 0.279718655E+00 0.850435524E-13 0.158059379E-01 0.298933615E-16
   29.240 0.279737191E+00 0.857537457E-13 0.150983279E-01 0.148103197E-16
   30.679 0.279754170E+00 0.859823017E-13 0.143966932E-01 0.100268465E-16
   32.251 0.279769715E+00 0.856793666E-13 0.137007140E-01 0.815390258E-17
   33.978 0.279783941E+00 0.848306426E-13 0.130100772E-01 0.350042015E-18
   35.882 0.279796948E+00 0.833374241E-13 0.123244792E-01 -.482680413E-17
   37.994 0.279808830E+00 0.812109004E-13 0.116436357E-01 -.137138731E-16
   40.351 0.279819667E+00 0.784799547E-13 0.109673292E-01 -.226467926E-16
   43.000 0.279829524E+00 0.753244154E-13 0.102956302E-01 -.217146619E-16
   45.999 0.279838484E+00 0.716714555E-13 0.962887697E-02 0.250245284E-15
   49.425 0.279849176E+00 0.604993814E-13 0.896177854E-02 0.498062787E-16
   53.378 0.279859786E+00 0.482469007E-13 0.829903351E-02 0.404259970E-16
   57.990 0.279870079E+00 0.377010687E-13 0.763968137E-02 0.328372779E-16
   63.445 0.279879935E+00 0.288253652E-13 0.698342602E-02 0.250813771E-16
   70.000 0.279889244E+00 0.214850672E-13 0.632998870E-02 0.182218902E-16
