    0.000   0.637512E-17  -0.101834E-17  -0.107966E-17   0.777261E-18
    0.168   0.286418E-01  -0.394620E-17   0.963730E-02   0.103996E-17
    0.336   0.557304E-01  -0.243987E-17   0.185794E-01  -0.156070E-17
    0.504   0.802890E-01   0.702616E-17   0.264614E-01   0.312338E-17
    0.672   0.102033E+00   0.446054E-17   0.332278E-01   0.586889E-17
    0.841   0.121095E+00  -0.202011E-16   0.389854E-01   0.138645E-17
    1.010   0.137779E+00  -0.140701E-16   0.438860E-01   0.538011E-17
    1.180   0.152415E+00  -0.597851E-17   0.480725E-01  -0.207176E-17
    1.351   0.165311E+00  -0.394685E-16   0.516627E-01   0.738775E-18
    1.522   0.176727E+00   0.653278E-17   0.547486E-01   0.482878E-17
    1.694   0.186882E+00  -0.173630E-16   0.574005E-01  -0.529693E-17
    1.867   0.195954E+00   0.425513E-16   0.596724E-01  -0.197081E-17
    2.042   0.204088E+00   0.230775E-16   0.616063E-01   0.261038E-17
    2.217   0.211403E+00  -0.199813E-16   0.632351E-01   0.225393E-17
    2.394   0.217996E+00  -0.453982E-17   0.645855E-01   0.341016E-18
    2.572   0.223949E+00   0.192154E-16   0.656798E-01   0.766347E-18
    2.752   0.229331E+00  -0.227167E-17   0.665371E-01  -0.311431E-17
    2.933   0.234201E+00  -0.229543E-16   0.671746E-01  -0.212430E-17
    3.116   0.238609E+00   0.331397E-16   0.676077E-01   0.553874E-18
    3.301   0.242600E+00  -0.602947E-16   0.678512E-01   0.100473E-17
    3.489   0.246213E+00  -0.154174E-18   0.679192E-01   0.249630E-17
    3.678   0.249484E+00   0.467681E-16   0.678252E-01  -0.149586E-17
    3.870   0.252444E+00   0.671604E-17   0.675825E-01  -0.243062E-17
    4.064   0.255121E+00  -0.244986E-16   0.672037E-01   0.273846E-17
    4.261   0.257542E+00   0.815194E-17   0.667013E-01   0.106223E-17
    4.460   0.259730E+00  -0.106038E-16   0.660874E-01   0.445406E-17
    4.663   0.261707E+00   0.476311E-16   0.653733E-01   0.121611E-17
    4.869   0.263492E+00   0.368833E-17   0.645702E-01   0.322463E-18
    5.079   0.265104E+00   0.840553E-16   0.636883E-01   0.157825E-17
    5.291   0.266558E+00   0.104732E-16   0.627376E-01  -0.503716E-17
    5.508   0.267869E+00   0.542585E-16   0.617271E-01  -0.134723E-17
    5.729   0.269052E+00  -0.525269E-17   0.606655E-01  -0.382742E-17
    5.954   0.270118E+00  -0.368766E-17   0.595606E-01  -0.361539E-17
    6.184   0.271080E+00  -0.395341E-16   0.584197E-01  -0.198719E-17
    6.418   0.271946E+00  -0.381502E-16   0.572494E-01   0.177735E-17
    6.658   0.272726E+00   0.178097E-16   0.560557E-01   0.759692E-18
    6.903   0.273429E+00  -0.115688E-16   0.548442E-01   0.731559E-18
    7.153   0.274062E+00  -0.201345E-16   0.536198E-01  -0.559572E-17
    7.410   0.274632E+00   0.303421E-16   0.523868E-01  -0.948906E-18
    7.674   0.275146E+00   0.334029E-17   0.511493E-01  -0.217578E-17
    7.944   0.275608E+00   0.208285E-17   0.499105E-01   0.230919E-17
    8.221   0.276024E+00  -0.207584E-16   0.486737E-01  -0.277084E-18
    8.506   0.276399E+00  -0.160201E-17   0.474415E-01   0.181365E-17
    8.800   0.276737E+00   0.577929E-17   0.462161E-01   0.173959E-17
    9.102   0.277041E+00  -0.204846E-16   0.449996E-01  -0.175647E-17
    9.414   0.277315E+00  -0.292139E-17   0.437936E-01  -0.157209E-18
    9.735   0.277561E+00   0.154669E-16   0.425996E-01  -0.979440E-18
   10.068   0.277784E+00  -0.190396E-16   0.414187E-01   0.756560E-18
   10.412   0.277984E+00  -0.144496E-16   0.402518E-01   0.183678E-17
   10.768   0.278164E+00  -0.182122E-17   0.390998E-01   0.407786E-18
   11.137   0.278327E+00  -0.912771E-17   0.379631E-01  -0.330615E-17
   11.520   0.278474E+00   0.202775E-16   0.368422E-01  -0.189575E-17
   11.918   0.278607E+00   0.114919E-16   0.357373E-01  -0.393132E-19
   12.333   0.278726E+00   0.107073E-16   0.346486E-01  -0.191435E-18
   12.765   0.278834E+00   0.191474E-16   0.335761E-01  -0.206714E-17
   13.216   0.278932E+00   0.209283E-16   0.325197E-01  -0.190032E-17
   13.687   0.279021E+00  -0.239154E-16   0.314793E-01  -0.979137E-18
   14.181   0.279101E+00  -0.171901E-16   0.304547E-01  -0.539527E-18
   14.698   0.279174E+00  -0.337917E-17   0.294457E-01   0.300907E-17
   15.242   0.279240E+00   0.104540E-17   0.284517E-01   0.928212E-19
   15.815   0.279300E+00  -0.862278E-17   0.274726E-01   0.159979E-17
   16.418   0.279354E+00   0.192018E-16   0.265078E-01   0.190263E-18
   17.056   0.279404E+00   0.189562E-16   0.255570E-01  -0.240936E-17
   17.732   0.279449E+00  -0.554102E-17   0.246197E-01   0.151583E-17
   18.449   0.279490E+00  -0.303720E-17   0.236954E-01   0.131088E-18
   19.211   0.279528E+00   0.381665E-18   0.227837E-01  -0.981281E-19
   20.025   0.279563E+00  -0.132383E-17   0.218839E-01  -0.234350E-18
   20.895   0.279594E+00  -0.572750E-18   0.209957E-01  -0.921897E-18
   21.828   0.279623E+00  -0.312602E-17   0.201186E-01  -0.841111E-18
   22.833   0.279650E+00   0.728542E-17   0.192520E-01  -0.573791E-18
   23.917   0.279675E+00  -0.277799E-17   0.183955E-01   0.305063E-18
   25.092   0.279697E+00  -0.215649E-17   0.175485E-01   0.902950E-18
   26.371   0.279718E+00   0.335850E-17   0.167106E-01   0.101700E-17
   27.767   0.279737E+00  -0.592745E-17   0.158814E-01   0.573850E-18
   29.301   0.279754E+00  -0.308552E-17   0.150602E-01  -0.136233E-18
   30.993   0.279770E+00   0.171894E-16   0.142468E-01  -0.257639E-18
   32.871   0.279785E+00  -0.462462E-18   0.134406E-01  -0.364898E-18
   34.968   0.279799E+00   0.408173E-17   0.126412E-01   0.626339E-18
   37.326   0.279811E+00  -0.927032E-18   0.118480E-01   0.555239E-18
   40.000   0.279825E+00   0.219222E-17   0.110593E-01   0.172855E-18
