    0.000 0.890775649E-18 -.993784027E-18 0.110803564E-18 -.289775411E-18 0.654543127E-18 0.432574065E-18 0.304385625E-18 0.482487709E-18 -.138918710E-18 0.965162076E-19 0.101230075E-18 0.139533372E-18 -.726792751E-18 0.233511808E-18 -.294290421E-18 -.364536518E-20 -.108452111E-17 -.467935057E-19
    0.144 0.170908318E-03 -.297877634E-17 0.421758511E-18 -.543475802E-19 0.998682487E-02 -.124358990E-16 0.123651384E-17 -.759185127E-19 0.366615606E-01 -.106535710E-18 0.773037309E-18 0.649749004E-19 0.143998826E-01 0.930693531E-17 0.326028616E-18 -.286903539E-18 0.383405388E-03 0.876528459E-17
    0.289 0.648860126E-03 0.182880573E-16 0.605063864E-18 0.137761181E-19 0.198867410E-01 -.402414386E-16 -.719792401E-18 0.223955615E-17 0.716075760E-01 -.429846991E-17 -.128871455E-17 -.169034528E-17 0.284402400E-01 0.295474395E-16 0.584443219E-18 -.216075685E-18 0.978818115E-03 -.138919301E-16
    0.433 0.131171311E-02 0.105555793E-17 0.563759730E-19 0.220097301E-19 0.296705526E-01 -.239251793E-16 -.161105423E-17 0.262240381E-18 0.103592803E+00 -.793275176E-17 -.161959417E-17 -.138469163E-17 0.421107465E-01 0.174358413E-16 -.245820506E-18 -.300821239E-19 0.172450258E-02 0.829243620E-17
    0.578 0.207962409E-02 -.136317281E-16 -.229019427E-18 0.799492075E-18 0.393482037E-01 0.845947462E-17 0.202500897E-17 -.207753672E-17 0.132038799E+00 -.940275914E-17 0.145483458E-17 0.192393254E-17 0.553631814E-01 -.689370457E-17 -.138055903E-18 -.104475012E-17 0.257475221E-02 0.171970746E-16
    0.723 0.289998197E-02 0.301400642E-16 0.907256507E-18 0.178082328E-18 0.489117012E-01 -.735588597E-16 0.219489610E-17 0.172152542E-17 0.156872975E+00 0.100599781E-17 0.259151506E-17 -.728012796E-18 0.681727699E-01 0.690555409E-16 0.122896208E-17 -.452503137E-18 0.349041149E-02 -.232378378E-16
    0.868 0.373536053E-02 -.447178614E-16 0.371699192E-18 0.839073161E-18 0.583481026E-01 -.323891451E-17 -.961620744E-19 0.333134298E-17 0.178306243E+00 -.763947207E-17 0.735511612E-18 -.460753703E-17 0.805265670E-01 0.253135382E-16 0.189719639E-18 -.845693944E-18 0.443870680E-02 0.342414097E-16
    1.014 0.455865190E-02 -.155225605E-15 -.128749894E-17 -.100066612E-17 0.676421985E-01 0.258896166E-16 -.964349039E-18 -.157841193E-17 0.196673418E+00 -.104052354E-16 0.559923801E-18 0.154144898E-17 0.924174318E-01 -.188222224E-16 -.951226818E-18 0.107221869E-17 0.539310514E-02 0.161080806E-15
    1.160 0.535060584E-02 0.105581924E-15 -.167446813E-17 -.128594292E-17 0.767775600E-01 -.130743758E-15 0.292906510E-17 0.515292295E-17 0.212342359E+00 -.541079510E-17 0.355999413E-17 -.532000326E-17 0.103841414E+00 0.143411457E-15 -.153370152E-17 0.139739699E-17 0.633306275E-02 -.116121225E-15
    1.306 0.609788279E-02 0.133529807E-15 0.241441161E-17 0.176443630E-18 0.857373203E-01 -.215183633E-15 -.998187419E-18 -.633179806E-17 0.225668600E+00 -.191659694E-16 -.165935866E-18 0.712796238E-17 0.114796529E+00 0.220468295E-15 0.190514399E-17 -.121592671E-18 0.724308968E-02 -.139765334E-15
    1.453 0.679159194E-02 0.928520208E-16 -.117030494E-17 0.109613740E-17 0.945048544E-01 -.230281235E-15 0.269934111E-17 0.725958245E-17 0.236975769E+00 -.988091127E-17 0.296384726E-17 -.672445396E-17 0.125282400E+00 0.229123710E-15 -.133308427E-17 -.171792466E-17 0.811183551E-02 -.914777666E-16
    1.601 0.742609707E-02 -.116581092E-15 0.119538499E-17 0.369991316E-18 0.103064341E+00 -.955309761E-16 -.634995847E-17 -.709620202E-17 0.246549183E+00 -.170273566E-16 -.586764379E-17 0.661834670E-17 0.135300118E+00 0.109261998E-15 0.759037038E-18 -.106402816E-17 0.893107530E-02 0.121312447E-15
    1.750 0.799814598E-02 -.955715124E-16 -.218477879E-17 -.102055762E-17 0.111401173E+00 -.100737739E-15 -.290184169E-17 -.689551590E-18 0.254636389E+00 -.217759181E-16 -.110546913E-17 0.807973894E-18 0.144852345E+00 0.116795581E-15 -.231472800E-17 -.464808394E-19 0.969497317E-02 0.774869915E-16
    1.899 0.850626863E-02 0.228299679E-15 -.510272184E-17 0.324051609E-17 0.119502311E+00 -.340192395E-15 -.298436114E-17 0.112869951E-16 0.261450015E+00 -.136453229E-16 -.244127291E-17 -.115021829E-16 0.153943496E+00 0.311171751E-15 -.589187185E-17 -.325745094E-17 0.103995680E-01 -.183676953E-15
    2.049 0.895033275E-02 0.127883756E-15 0.290903096E-17 0.122502476E-17 0.127356455E+00 -.217431893E-15 0.148672410E-18 0.411012431E-17 0.267172046E+00 -.978447874E-17 0.525526221E-18 -.439189397E-17 0.162579802E+00 0.232790028E-15 0.194142770E-17 -.282401623E-17 0.110423552E-01 -.121642179E-15
    2.199 0.933122289E-02 0.793320035E-17 0.331756850E-17 -.197055124E-17 0.134954215E+00 -.177377611E-15 -.487664993E-17 -.577421717E-18 0.271957976E+00 -.209784456E-16 -.387048400E-17 0.546882201E-18 0.170769301E+00 0.177158447E-15 0.266904499E-17 0.249135778E-17 0.116220091E-01 0.339220436E-16
    2.351 0.965056068E-02 0.253919832E-15 0.116759934E-17 -.246741173E-18 0.142288159E+00 -.327428735E-15 0.858213320E-17 0.905384767E-17 0.275940740E+00 -.429139242E-16 0.814072962E-17 -.979839633E-17 0.178521687E+00 0.356930617E-15 0.465997228E-18 0.243002577E-18 0.121381142E-01 -.272710206E-15
    2.504 0.991052399E-02 0.241258142E-16 -.278106294E-17 0.575177417E-17 0.149352812E+00 -.319060304E-15 0.496379460E-17 0.910814260E-17 0.279234178E+00 -.185702905E-16 0.487700534E-17 -.898194028E-17 0.185848151E+00 0.285340975E-15 -.293626102E-17 -.521618043E-17 0.125909960E-01 0.442095028E-16
    2.658 0.101137256E-01 0.322373841E-16 0.170792207E-17 0.161092070E-17 0.156144583E+00 0.435015854E-17 -.689451834E-17 0.858643602E-17 0.281935996E+00 -.576677804E-17 -.680098177E-17 -.939286667E-17 0.192761169E+00 0.182591102E-16 0.289979253E-17 -.975155320E-18 0.129815883E-01 -.285583593E-16
    2.813 0.102630590E-01 -.105590768E-15 0.558949591E-17 0.499799241E-18 0.162661735E+00 -.134327068E-16 0.508583354E-18 -.108557068E-16 0.284130155E+00 -.356639809E-16 0.586082683E-18 0.110081417E-16 0.199274354E+00 -.419251030E-17 0.563517824E-17 -.126584960E-17 0.133113609E-01 0.145763556E-15
    2.970 0.103616392E-01 -.142911329E-15 0.205182837E-17 0.658498441E-18 0.168904203E+00 0.967681529E-17 0.725508787E-18 -.638922137E-17 0.285889097E+00 -.774846314E-17 0.988815922E-18 0.645751474E-17 0.205402105E+00 -.299358922E-16 0.160892507E-17 0.269324702E-18 0.135821480E-01 0.184342299E-15
    3.127 0.104127117E-01 -.318640066E-15 -.126862479E-17 0.108277194E-17 0.174873484E+00 -.862868233E-16 0.110913702E-18 0.184545121E-17 0.287275377E+00 -.291033573E-16 0.237892603E-18 -.193204734E-17 0.211159488E+00 0.773823693E-16 -.220733886E-17 -.157526402E-17 0.137961493E-01 0.362246153E-15
    3.287 0.104195877E-01 0.457618739E-16 -.741163515E-18 0.128112196E-17 0.180572499E+00 -.108045489E-15 -.518723584E-17 0.396425820E-17 0.288343120E+00 -.261255405E-16 -.513115814E-17 -.359896680E-17 0.216562004E+00 0.613687610E-16 -.283015402E-17 -.194686146E-17 0.139558189E-01 0.532134692E-17
    3.447 0.103856169E-01 0.238669921E-15 -.455555575E-17 0.362546657E-17 0.186005409E+00 -.471552729E-15 0.738149242E-17 0.243502747E-17 0.289139261E+00 -.238650383E-16 0.761679762E-17 -.219530164E-17 0.221625374E+00 0.432603018E-15 -.399994300E-17 -.406370643E-17 0.140638248E-01 -.178123831E-15
    3.610 0.103141331E-01 -.279729503E-15 -.390069502E-17 0.141726292E-17 0.191177468E+00 -.155309584E-15 0.155985887E-17 -.970433617E-18 0.289704546E+00 -.378809003E-16 0.869202279E-18 0.154842811E-17 0.226365398E+00 0.144524478E-15 -.525704803E-17 -.258485738E-19 0.141229941E-01 0.298403952E-15
    3.774 0.102084185E-01 -.236130745E-16 -.345519055E-17 -.747523415E-17 0.196094875E+00 -.182578392E-15 0.291228473E-17 -.417513940E-17 0.290074352E+00 -.407105174E-16 0.355345758E-17 0.396016253E-17 0.230797808E+00 0.159256753E-15 -.299682775E-17 0.806177097E-17 0.141362610E-01 0.688677863E-16
    3.939 0.100716834E-01 0.294684193E-15 -.424982506E-17 -.395513987E-17 0.200764607E+00 -.736601524E-15 -.369982973E-17 0.124878517E-16 0.290279435E+00 -.342238052E-16 -.386906492E-17 -.122973181E-16 0.234938128E+00 0.715032103E-15 -.339830022E-17 0.379756204E-17 0.141066236E-01 -.237370063E-15
    4.107 0.990704665E-02 0.449404879E-16 0.399413444E-17 0.511733637E-17 0.205194281E+00 -.544950513E-15 0.723723821E-17 -.249667419E-17 0.290346536E+00 -.212775684E-16 0.737954660E-17 0.250695703E-17 0.238801584E+00 0.513303627E-15 0.347686994E-17 -.491019445E-17 0.140371157E-01 0.331825859E-17
    4.277 0.971751841E-02 0.155348848E-15 0.224798656E-17 -.251255324E-17 0.209392021E+00 -.319235311E-15 -.113964332E-17 -.256868936E-17 0.290298904E+00 -.368946951E-16 -.884361153E-18 0.233018824E-17 0.242403021E+00 0.299928213E-15 0.147169450E-17 0.240595874E-17 0.139307733E-01 -.106774185E-15
    4.449 0.950598840E-02 0.398700070E-15 -.223248589E-19 0.333625621E-17 0.213366331E+00 -.354854978E-15 -.560652806E-17 0.619351090E-17 0.290156729E+00 -.391450671E-16 -.547673144E-17 -.585215596E-17 0.245756837E+00 0.350564785E-15 0.123755928E-17 -.355921110E-17 0.137906059E-01 -.336684535E-15
    4.623 0.927521726E-02 -.130311161E-15 -.194333442E-18 -.475547386E-17 0.217125986E+00 0.567253280E-16 0.535013642E-17 0.379092380E-17 0.289937528E+00 -.168300945E-16 0.487320403E-17 -.394576294E-17 0.248876930E+00 -.829951042E-16 -.179275626E-18 0.456619088E-17 0.136195707E-01 0.172463874E-15
    4.799 0.902783053E-02 0.181230364E-16 -.102758326E-17 0.164629327E-17 0.220679934E+00 -.623873461E-15 -.330454150E-17 -.237437839E-17 0.289656480E+00 -.253400056E-16 -.302861049E-17 0.273687956E-17 0.251776671E+00 0.612971314E-15 -.886079190E-18 -.932019414E-18 0.134205602E-01 0.271742798E-16
    4.978 0.876631453E-02 -.173707569E-15 -.370730057E-17 -.657793687E-17 0.224037199E+00 -.256997003E-16 0.487540099E-17 -.158262265E-17 0.289326711E+00 -.129083982E-16 0.505175823E-17 0.157424222E-17 0.254468872E+00 -.321581408E-16 -.341202099E-17 0.597921952E-17 0.131963808E-01 0.260648131E-15
    5.159 0.849301625E-02 -.187325707E-16 -.233288463E-17 -.423439890E-17 0.227206804E+00 -.226122135E-15 0.245167114E-17 0.383511097E-17 0.288959556E+00 -.215292547E-16 0.187326282E-17 -.342326271E-17 0.256965774E+00 0.183075485E-15 -.208844820E-17 0.507789748E-17 0.129497393E-01 0.752546245E-16
    5.343 0.821013711E-02 0.195816167E-15 0.258096726E-18 -.233960430E-17 0.230197712E+00 -.599014154E-15 -.623253475E-17 0.978626052E-17 0.288564761E+00 -.124894852E-16 -.632669848E-17 -.971308840E-17 0.259279049E+00 0.579045343E-15 -.594255898E-19 0.183358640E-17 0.126832364E-01 -.160130487E-15
    5.530 0.791974030E-02 -.302683258E-15 0.101275976E-17 -.199234799E-17 0.233018759E+00 -.742561002E-16 -.353938180E-17 0.470704126E-17 0.288150690E+00 -.250708676E-16 -.392154918E-17 -.493484754E-17 0.261419798E+00 0.417938079E-16 0.148501749E-17 0.117548927E-17 0.123993569E-01 0.343570486E-15
    5.720 0.762374932E-02 -.204522835E-16 -.181092658E-17 0.269947168E-17 0.235678612E+00 -.225573817E-15 0.120778021E-18 0.157966284E-16 0.287724472E+00 -.157047670E-16 -.335359633E-19 -.152891674E-16 0.263398562E+00 0.154784623E-15 -.175874226E-17 -.227325395E-17 0.121004660E-01 0.986671313E-16
    5.913 0.732395169E-02 0.350555500E-15 -.219745567E-17 0.337630024E-18 0.238185731E+00 -.461418770E-15 -.299235000E-17 0.331787879E-17 0.287292169E+00 -.201949355E-16 -.293581838E-17 -.331903994E-17 0.265225330E+00 0.407471614E-15 -.928679520E-18 -.382086215E-18 0.117888036E-01 -.289787729E-15
    6.110 0.702199920E-02 0.301619351E-15 -.509940893E-17 0.240317641E-17 0.240548328E+00 -.578211016E-15 -.130116627E-17 0.564183661E-19 0.286858902E+00 -.157750750E-16 -.157221239E-17 0.189816847E-18 0.266909562E+00 0.515511761E-15 -.595763600E-17 -.169758286E-17 0.114664832E-01 -.234993601E-15
    6.310 0.671941585E-02 -.376801244E-15 0.288562908E-17 -.117442048E-17 0.242774351E+00 0.404700632E-16 -.136254785E-17 0.643844348E-17 0.286428957E+00 -.162402829E-16 -.110535743E-17 -.642379873E-17 0.268460198E+00 -.127405790E-15 0.305722514E-17 0.359596803E-18 0.111354922E-01 0.467083145E-15
    6.514 0.641760038E-02 0.569203985E-16 -.246182602E-17 0.315867699E-17 0.244871466E+00 -.386914984E-15 -.556073896E-18 0.200261479E-17 0.286005892E+00 -.165269009E-16 -.465674673E-18 -.230544930E-17 0.269885692E+00 0.309634022E-15 -.189309401E-17 -.276128501E-17 0.107976918E-01 0.316962459E-16
    6.721 0.611782441E-02 -.162060927E-16 -.260108623E-17 0.764284939E-18 0.246847032E+00 -.537743492E-15 -.273281266E-17 0.181410959E-16 0.285592632E+00 -.205498801E-16 -.282658263E-17 -.181334260E-16 0.271194018E+00 0.512939067E-15 -.340999348E-17 -.588401533E-18 0.104548145E-01 0.520863339E-16
    6.933 0.582124359E-02 0.134987577E-15 -.445106999E-17 0.499152082E-17 0.248708102E+00 -.488313667E-15 0.395654550E-17 0.759417753E-17 0.285191543E+00 -.212034681E-16 0.431603354E-17 -.781210253E-17 0.272392706E+00 0.442015740E-15 -.393595280E-17 -.549700635E-17 0.101084707E-01 -.602930517E-16
    7.149 0.552890051E-02 0.186695777E-15 -.415802538E-17 0.362354618E-17 0.250461416E+00 -.295020162E-15 -.826077516E-17 0.109791019E-16 0.284804496E+00 -.134565579E-16 -.819750681E-17 -.106383911E-16 0.273488857E+00 0.238494775E-15 -.514299259E-17 -.409717041E-17 0.976015074E-02 -.125890370E-15
    7.369 0.524172814E-02 0.413969498E-15 0.237434654E-17 -.120648181E-17 0.252113395E+00 -.509037523E-15 0.108624136E-17 0.426193282E-18 0.284432946E+00 -.186363693E-16 0.769308390E-18 -.623018801E-18 0.274489168E+00 0.488008268E-15 0.269905687E-17 0.528777173E-18 0.941122677E-02 -.368189282E-15
    7.594 0.496055429E-02 0.473514921E-15 -.276889378E-17 -.560231749E-17 0.253670144E+00 -.549858640E-15 -.174223764E-17 0.101687203E-16 0.284077974E+00 -.120924375E-16 -.207987802E-17 -.102290791E-16 0.275399954E+00 0.502718605E-15 -.283500720E-17 0.514030538E-17 0.906295737E-02 -.407856639E-15
    7.824 0.468610794E-02 0.408955647E-15 -.618513245E-18 -.831000659E-17 0.255137458E+00 -.503485093E-15 -.572940842E-17 -.215464651E-19 0.283740340E+00 -.152559115E-16 -.575483281E-17 -.182897879E-18 0.276227169E+00 0.466847412E-15 -.797293268E-18 0.780840513E-17 0.871649236E-02 -.343101743E-15
    8.060 0.441902301E-02 -.184582638E-15 0.327526454E-17 0.355301057E-17 0.256520823E+00 -.160895580E-15 -.127904607E-17 -.705856797E-17 0.283420529E+00 -.283174789E-17 -.115983257E-17 0.704853405E-17 0.276976432E+00 0.141845515E-15 0.325793213E-17 -.372999732E-17 0.837287632E-02 0.205423311E-15
    8.301 0.415984252E-02 0.576536705E-15 0.272035748E-17 -.733245618E-17 0.257825423E+00 -.669345595E-15 -.453163318E-17 0.735563235E-17 0.283118786E+00 -.252610475E-17 -.440347301E-17 -.748540176E-17 0.277653036E+00 0.621091595E-15 0.297345992E-17 0.754466831E-17 0.803305208E-02 -.511246753E-15
    8.547 0.390902595E-02 -.763631483E-16 0.138396704E-17 0.919232349E-18 0.259056151E+00 -.672439831E-15 0.172906850E-17 0.836505214E-17 0.282835154E+00 -.465355882E-17 0.173155168E-17 -.830010118E-17 0.278261980E+00 0.639639502E-15 0.164494853E-17 -.148053171E-17 0.769786872E-02 0.137114081E-15
    8.800 0.366695078E-02 -.195180045E-15 -.442409885E-17 -.332892415E-18 0.260217613E+00 0.377435901E-16 0.262097785E-17 0.170066210E-17 0.282569502E+00 -.241210216E-17 0.278314293E-17 -.174339663E-17 0.278807975E+00 -.776397540E-16 -.467158700E-17 0.547253532E-18 0.736808212E-02 0.277548947E-15
    9.060 0.343391947E-02 0.565383734E-16 -.502668308E-17 0.737254282E-17 0.261314145E+00 -.264077696E-15 0.950604549E-17 -.101180054E-17 0.282321553E+00 -.261380886E-17 0.957082287E-17 0.103740373E-17 0.279295471E+00 0.242187791E-15 -.487811898E-17 -.727102744E-17 0.704436235E-02 -.968285443E-17
    9.326 0.321016239E-02 0.512994869E-15 0.476288088E-17 0.845656832E-17 0.262349813E+00 -.585775983E-15 0.161769253E-17 0.445748863E-17 0.282090908E+00 -.154356451E-17 0.150176340E-17 -.446552322E-17 0.279728665E+00 0.578405721E-15 0.437674983E-17 -.868618668E-17 0.672729699E-02 -.457003630E-15
    9.599 0.299584482E-02 -.339772263E-15 0.282230558E-17 -.627323889E-17 0.263328433E+00 -.129127676E-16 -.315617808E-17 -.907120753E-17 0.281877067E+00 0.178724000E-17 -.318166305E-17 0.897942013E-17 0.280111522E+00 0.238815520E-16 0.310635358E-17 0.615053590E-17 0.641739706E-02 0.364209985E-15
    9.881 0.279106978E-02 0.188767944E-15 -.536029600E-17 -.326395570E-17 0.264253578E+00 -.562655441E-15 0.699811414E-17 -.570482042E-17 0.281679448E+00 0.471245497E-17 0.708127936E-17 0.560317932E-17 0.280447784E+00 0.571980491E-15 -.566468618E-17 0.282439684E-17 0.611510086E-02 -.160854496E-15
   10.170 0.259588274E-02 -.671430121E-16 0.456383943E-17 0.262866089E-17 0.265128587E+00 -.218624699E-15 0.136919122E-17 0.240244835E-17 0.281497404E+00 0.104725587E-16 0.156737385E-17 -.269290004E-17 0.280740984E+00 0.228947771E-15 0.449751480E-17 -.209993796E-17 0.582077790E-02 0.995449664E-16
   10.468 0.241027596E-02 0.129166012E-15 -.485718628E-17 -.216256279E-17 0.265956579E+00 -.449074489E-15 -.262232731E-17 -.854415824E-17 0.281330238E+00 0.113531888E-16 -.257780984E-17 0.850676784E-17 0.280994459E+00 0.472109572E-15 -.478647963E-17 0.246534750E-17 0.553473369E-02 -.111952618E-15
   10.775 0.223419319E-02 -.147498439E-15 0.945674491E-17 0.235885795E-17 0.266740465E+00 -.138822263E-15 0.259762119E-17 -.300127392E-17 0.281177217E+00 0.923613884E-17 0.249126535E-17 0.294194531E-17 0.281211359E+00 0.170989587E-15 0.874571655E-17 -.218009467E-17 0.525721414E-02 0.162437426E-15
   11.092 0.206753349E-02 -.581505007E-16 0.872936375E-17 -.241605136E-17 0.267482953E+00 -.122283494E-15 0.745604910E-17 -.212985988E-19 0.281037582E+00 0.177352243E-16 0.751756057E-17 0.338806372E-18 0.281394658E+00 0.149274740E-15 0.835228098E-17 0.204140244E-17 0.498840910E-02 0.806726170E-16
   11.419 0.191015502E-02 0.111515240E-15 -.137952838E-17 0.306170588E-17 0.268186567E+00 -.692604267E-16 0.153718825E-17 -.769243292E-17 0.280910558E+00 0.160507276E-16 0.153181234E-17 0.770189549E-17 0.281547162E+00 0.897535971E-16 -.123449019E-17 -.314915240E-17 0.472845633E-02 -.879461866E-16
   11.757 0.176187933E-02 -.803539010E-16 0.317437477E-17 -.151460628E-16 0.268853653E+00 -.328904444E-16 -.208554268E-17 -.436261077E-17 0.280795365E+00 0.240332075E-16 -.179462856E-17 0.419820774E-17 0.281671519E+00 0.625311040E-16 0.311149721E-17 0.155313272E-16 0.447744545E-02 0.111632708E-15
   12.107 0.162249548E-02 -.778911308E-16 0.192031508E-17 0.583978501E-17 0.269486387E+00 0.734836415E-16 -.465854825E-17 -.284903392E-17 0.280691225E+00 0.203615587E-16 -.469915984E-17 0.280255015E-17 0.281770224E+00 -.246814724E-16 0.192136672E-17 -.582834529E-17 0.423542195E-02 0.782233313E-16
   12.470 0.149176365E-02 0.151050706E-15 -.141276395E-17 0.638981129E-18 0.270086793E+00 0.519703522E-16 0.408544683E-19 0.145936378E-16 0.280597367E+00 0.258494060E-16 0.293163186E-18 -.146302816E-16 0.281845627E+00 0.172265059E-16 -.128018118E-17 -.528815944E-18 0.400239045E-02 -.167766666E-15
   12.845 0.136941796E-02 -.141880218E-15 -.410448366E-17 -.110795552E-18 0.270656744E+00 0.151115461E-15 0.208798494E-17 -.722425636E-17 0.280513036E+00 0.263566289E-16 0.207148819E-17 0.727281354E-17 0.281899940E+00 -.750944936E-16 -.387021223E-17 0.304457445E-18 0.377831751E-02 0.118383872E-15
   13.235 0.125517104E-02 -.583390301E-16 -.199765504E-17 -.137664480E-17 0.271197980E+00 0.241378495E-16 0.501320941E-17 0.309311354E-18 0.280437498E+00 0.272316807E-16 0.503992671E-17 -.386259474E-18 0.281935242E+00 0.243684933E-16 -.207881992E-17 0.629521664E-18 0.356313595E-02 0.716930722E-16
   13.640 0.114871788E-02 -.194698811E-15 0.612808234E-17 0.486907902E-17 0.271712111E+00 0.100778324E-15 -.984890823E-17 0.420142970E-17 0.280370039E+00 0.295555689E-16 -.983620744E-17 -.424964121E-17 0.281953487E+00 -.274319997E-16 0.620630101E-17 -.372673502E-17 0.335674831E-02 0.179124996E-15
   14.061 0.104973881E-02 0.753565701E-16 -.104323868E-16 -.535645246E-17 0.272200631E+00 0.132512908E-15 -.443165513E-18 -.422766572E-17 0.280309977E+00 0.326655033E-16 -.423099642E-18 0.423285128E-17 0.281956502E+00 -.688951958E-16 -.104473704E-16 0.541723645E-17 0.315902975E-02 -.776939527E-16
   14.500 0.957902056E-03 0.219862177E-15 -.430510055E-17 0.185529042E-18 0.272664923E+00 -.163814121E-15 0.577801975E-17 0.106765397E-16 0.280256658E+00 0.333296705E-16 0.598621547E-17 -.106731352E-16 0.281946000E+00 0.221446311E-15 -.379266174E-17 -.541698516E-18 0.296983045E-02 -.210567903E-15
   14.957 0.872867064E-03 -.483067689E-16 -.649838600E-17 -.905036346E-17 0.273106268E+00 0.169940532E-15 0.194349518E-17 0.382862613E-17 0.280209462E+00 0.328973361E-16 0.190396736E-17 -.395000614E-17 0.281923578E+00 -.126067812E-15 -.671854247E-17 0.875854836E-17 0.278897889E-02 0.637058022E-16
   15.435 0.794287836E-03 0.264977359E-16 -.227149640E-19 0.797291765E-17 0.273525856E+00 0.532355199E-16 -.863723051E-18 -.507944090E-18 0.280167803E+00 0.352630643E-16 -.765396326E-18 0.642281235E-18 0.281890723E+00 0.258787662E-16 0.157228997E-18 -.784677272E-17 0.261628474E-02 -.330188788E-16
   15.934 0.721815308E-03 0.248799172E-15 -.142906370E-17 0.451281449E-17 0.273924789E+00 0.229357220E-17 -.681558743E-17 0.129877137E-17 0.280131132E+00 0.370196753E-16 -.678070034E-17 -.138699302E-17 0.281848816E+00 0.806930924E-16 -.117890032E-17 -.441235691E-17 0.245154158E-02 -.255995974E-15
   16.457 0.655099951E-03 -.285657082E-16 -.158717235E-17 0.720787209E-18 0.274304090E+00 0.292019984E-15 0.194476585E-17 0.551020199E-17 0.280098937E+00 0.377405107E-16 0.190896173E-17 -.552111771E-17 0.281799139E+00 -.217906752E-15 -.187371423E-17 -.797010135E-18 0.229452937E-02 0.277206908E-16
   17.005 0.593794606E-03 -.172321090E-15 -.354836743E-17 0.106274487E-16 0.274664713E+00 0.315111964E-15 -.174720591E-17 0.149070273E-16 0.280070743E+00 0.353549168E-16 -.173855135E-17 -.149329198E-16 0.281742870E+00 -.236130564E-15 -.308300958E-17 -.103607002E-16 0.214501724E-02 0.173111910E-15
   17.581 0.537556507E-03 -.397210821E-15 0.175024368E-17 -.139354816E-16 0.275007542E+00 0.715840278E-15 0.937097016E-18 0.604515291E-17 0.280046112E+00 0.367298094E-16 0.702066649E-18 -.598446257E-17 0.281681098E+00 -.657520573E-15 0.173182124E-17 0.136270712E-16 0.200276587E-02 0.413780307E-15
   18.187 0.486049612E-03 -.293315563E-15 -.667992293E-17 -.503111965E-17 0.275333406E+00 0.763586021E-15 -.123505284E-17 -.668916743E-17 0.280024641E+00 0.441345954E-16 -.122264505E-17 0.677962802E-17 0.281614818E+00 -.693348511E-15 -.621984407E-17 0.477148130E-17 0.186752988E-02 0.297684557E-15
   18.825 0.438946735E-03 -.535380542E-16 0.344619002E-17 -.982557530E-17 0.275643075E+00 0.281707537E-15 0.113560814E-18 -.184437936E-16 0.280005966E+00 0.448762835E-16 0.494119206E-19 0.185449427E-16 0.281544939E+00 -.205860692E-15 0.357542772E-17 0.974389275E-17 0.173906011E-02 0.516307796E-16
   19.499 0.395930784E-03 -.959551051E-16 -.136515735E-17 0.112280231E-17 0.275937273E+00 0.726678293E-15 -.839036289E-18 -.240153026E-17 0.279989755E+00 0.401389436E-16 -.962083212E-18 0.247750305E-17 0.281472287E+00 -.623723930E-15 -.941914283E-18 -.107652642E-17 0.161710575E-02 0.734728301E-16
   20.213 0.356696722E-03 0.206797687E-16 0.996982118E-17 -.148423497E-16 0.276216678E+00 0.435329340E-15 0.114598856E-16 -.331830651E-18 0.279975708E+00 0.459083671E-16 0.113874012E-16 0.272195555E-18 0.281397610E+00 -.336972631E-15 0.990939993E-17 0.147668371E-16 0.150141615E-02 -.383561391E-16
   20.969 0.320952445E-03 0.415331060E-15 0.276693316E-17 -.972821188E-17 0.276481926E+00 0.700616989E-15 -.802494291E-18 -.667586827E-17 0.279963559E+00 0.464398628E-16 -.704413262E-18 0.672858063E-17 0.281321579E+00 -.608637481E-15 0.275878625E-17 0.102207524E-16 0.139174302E-02 -.432701302E-15
   21.772 0.288420154E-03 -.122604171E-15 -.483941097E-18 0.956646348E-18 0.276733615E+00 0.883211640E-15 -.297900462E-17 -.532903791E-17 0.279953069E+00 0.481806091E-16 -.301512314E-17 0.529266135E-17 0.281244800E+00 -.779953882E-15 0.201539833E-19 -.868964494E-18 0.128784168E-02 0.926555645E-16
   22.628 0.258837271E-03 0.222992056E-15 0.996321426E-18 -.161842661E-17 0.276972311E+00 0.874563033E-15 -.196074503E-17 -.681369480E-18 0.279944027E+00 0.507801428E-16 -.187270321E-17 0.667547081E-18 0.281167809E+00 -.789527860E-15 0.143317701E-17 0.140386083E-17 0.118947305E-02 -.244373631E-15
   23.541 0.231956713E-03 0.594733169E-15 -.121242864E-17 -.621475059E-17 0.277198545E+00 0.936357585E-15 -.377223604E-17 -.858378126E-17 0.279936247E+00 0.423504737E-16 -.375677624E-17 0.854790370E-17 0.281091083E+00 -.842722927E-15 -.102849791E-17 0.587292272E-17 0.109640481E-02 -.631359485E-15
   24.518 0.207547404E-03 0.490742957E-15 0.480441163E-17 -.473099402E-17 0.277412821E+00 0.369815730E-15 0.695963834E-17 -.658978271E-17 0.279929565E+00 0.353104805E-16 0.689574074E-17 0.650102548E-17 0.281015045E+00 -.289979399E-15 0.453506027E-17 0.374189904E-17 0.100841255E-02 -.524302930E-15
   25.567 0.185394512E-03 -.132940343E-15 0.156559224E-16 0.502087570E-17 0.277615614E+00 0.870807574E-15 -.220851483E-17 -.938985831E-17 0.279923838E+00 0.242511369E-16 -.222748816E-17 0.936845227E-17 0.280940063E+00 -.818417726E-15 0.146747393E-16 -.547732215E-17 0.925280791E-03 0.111116885E-15
   26.697 0.165299125E-03 -.364903273E-15 -.686679811E-18 -.300914466E-17 0.277807373E+00 0.101696012E-14 -.196616495E-17 -.100591598E-16 0.279918940E+00 0.170838657E-16 -.208639249E-17 0.100214846E-16 0.280866462E+00 -.981332192E-15 -.729511954E-19 0.340761365E-17 0.846803874E-03 0.352289002E-15
   27.917 0.147078094E-03 -.170002542E-15 0.702121323E-17 0.866774034E-17 0.277988523E+00 0.526387291E-15 -.898126714E-19 -.505253457E-18 0.279914763E+00 0.836724916E-17 -.362133139E-19 0.526123522E-18 0.280794523E+00 -.512538754E-15 0.747025380E-17 -.887189403E-17 0.772786328E-03 0.166964522E-15
   29.240 0.130563559E-03 0.257408268E-15 -.321546432E-17 -.435944270E-17 0.278159465E+00 -.244677592E-17 0.431616445E-17 0.860775450E-18 0.279911212E+00 -.413346861E-18 0.436524262E-17 -.970596476E-18 0.280724491E+00 0.827087438E-17 -.359694966E-17 0.408906470E-17 0.703043450E-03 -.267010927E-15
   30.679 0.115602245E-03 -.107403059E-15 -.519956983E-17 0.100402968E-16 0.278320575E+00 -.100782986E-16 -.146171181E-17 0.323026530E-17 0.279908203E+00 -.784470840E-17 -.147809720E-17 -.332837936E-17 0.280656577E+00 -.124587893E-16 -.501696742E-17 -.101802936E-16 0.637401428E-03 0.110667039E-15
   32.251 0.102054802E-03 0.472083708E-16 -.610388169E-17 -.996285371E-17 0.278472211E+00 0.338544897E-15 -.611590314E-17 0.389571084E-17 0.279905664E+00 -.120003029E-16 -.618154450E-17 -.392368231E-17 0.280590962E+00 -.365469058E-15 -.619308383E-17 0.975705290E-17 0.575697412E-03 -.410093962E-16
   33.978 0.897950345E-04 -.902687411E-16 -.318159862E-17 -.188613242E-17 0.278614707E+00 0.506642885E-15 0.344062261E-17 0.241242729E-17 0.279903532E+00 -.143469451E-16 0.346870274E-17 -.248905210E-17 0.280527805E+00 -.537335568E-15 -.298100842E-17 0.151504147E-17 0.517779568E-03 0.922987020E-16
   35.882 0.787093845E-04 -.702836028E-17 0.253345745E-17 -.956129423E-17 0.278748375E+00 0.133181037E-15 0.494175299E-18 0.635867814E-17 0.279901752E+00 -.115036947E-16 0.565777230E-18 -.631709383E-17 0.280467240E+00 -.153882896E-15 0.252273649E-17 0.102171015E-16 0.463507394E-03 0.446945503E-17
   37.994 0.686972327E-04 0.219970008E-16 0.378368680E-17 0.371978803E-18 0.278873505E+00 0.112910013E-15 -.754257340E-17 0.742894562E-17 0.279900274E+00 -.531785359E-17 -.756660185E-17 -.742493595E-17 0.280409387E+00 -.118349699E-15 0.386548878E-17 -.311529648E-18 0.412753422E-03 -.211964128E-16
   40.351 0.596746080E-04 0.669801674E-16 0.140368301E-17 0.383001881E-18 0.278990360E+00 -.235034460E-15 -.249215369E-17 0.237416730E-17 0.279899056E+00 0.143861763E-17 -.259772743E-17 -.238261752E-17 0.280354371E+00 0.243064318E-15 0.146309331E-17 -.888190077E-18 0.365411642E-03 -.693440775E-16
   43.000 0.515905805E-04 0.210476036E-15 0.263891315E-16 -.769853103E-17 0.279099147E+00 -.577449542E-16 -.917658746E-17 -.566851228E-18 0.279898097E+00 0.975526249E-17 -.926372390E-17 0.674494880E-18 0.280302395E+00 0.778291408E-16 0.266571182E-16 0.915526300E-17 0.321437561E-03 -.211252442E-15
   45.999 0.444671019E-04 0.355771094E-16 0.191986629E-17 0.232053050E-19 0.279200255E+00 -.948821557E-16 0.942172693E-19 0.910592043E-17 0.279897924E+00 0.140589863E-16 0.438809859E-19 -.908494663E-17 0.280254207E+00 0.124224509E-15 0.189058489E-17 0.403558197E-19 0.281040177E-03 -.336674747E-16
   49.425 0.380709600E-04 0.733503413E-16 0.690084189E-17 0.699326032E-17 0.279298875E+00 -.170876790E-15 -.636779058E-17 -.436881889E-18 0.279903081E+00 0.132561021E-16 -.635184549E-17 0.539513744E-18 0.280211816E+00 0.199906557E-15 0.696466575E-17 -.706093985E-17 0.243719322E-03 -.779938280E-16
   53.378 0.325562721E-04 -.391150517E-16 -.635126250E-17 -.571915110E-17 0.279390018E+00 0.128466885E-15 -.663894466E-17 0.482857811E-17 0.279907931E+00 0.100128729E-16 -.659117696E-17 -.472402238E-17 0.280172701E+00 -.104687894E-15 -.622492657E-17 0.539057039E-17 0.208969911E-03 0.326255061E-16
   57.990 0.275246617E-04 0.202058371E-15 -.373941061E-17 0.461532524E-17 0.279473667E+00 -.183394497E-16 0.734768478E-17 0.108752663E-16 0.279912370E+00 0.827480485E-17 0.735207560E-17 -.107549286E-16 0.280136747E+00 0.338355690E-16 -.370387424E-17 -.465335443E-17 0.177050423E-03 -.202146981E-15
   63.445 0.229507940E-04 -.778745669E-16 0.156816661E-17 0.221011283E-17 0.279549978E+00 -.468866150E-16 -.407024835E-17 -.107476676E-16 0.279916410E+00 0.707259786E-17 -.406048218E-17 0.108749527E-16 0.280103899E+00 0.601597308E-16 0.153773231E-17 -.221913509E-17 0.147913278E-03 0.772693519E-16
   70.000 0.188210784E-04 0.725002586E-16 0.452756731E-17 -.163174976E-16 0.279619097E+00 -.164762916E-15 0.611105686E-17 -.623684753E-17 0.279920060E+00 0.557508563E-17 0.612721371E-17 0.633619397E-17 0.280074108E+00 0.169754908E-15 0.450693329E-17 0.164220344E-16 0.121508347E-03 -.794475544E-16
