    0.000  -0.174613E-18  -0.605599E-19  -0.344541E-18  -0.810659E-17  -0.464875E-18   0.750633E-18  -0.632004E-17  -0.345569E-17  -0.122239E-17   0.332344E-18  -0.463464E-18   0.296733E-18  -0.647072E-18   0.444397E-18   0.874467E-19   0.280649E-18  -0.793748E-18   0.390355E-18
    0.168   0.249837E-03   0.147297E-16  -0.312779E-18  -0.775552E-17   0.121001E-01  -0.194843E-16  -0.465388E-17  -0.403859E-17   0.436325E-01  -0.170645E-16   0.252935E-17   0.160563E-17   0.202659E-01   0.155407E-16  -0.238777E-18   0.512838E-18   0.265157E-03  -0.114391E-16
    0.336   0.664904E-03   0.801752E-17   0.777374E-18  -0.673657E-17   0.241071E-01   0.249111E-17  -0.554830E-17  -0.310985E-18   0.844396E-01  -0.483741E-16   0.106584E-17  -0.160882E-17   0.400689E-01  -0.232539E-17   0.182124E-17   0.135198E-17   0.679539E-03  -0.208234E-17
    0.504   0.111942E-02  -0.644777E-17  -0.184462E-17  -0.479442E-17   0.360244E-01  -0.211529E-16  -0.894716E-17   0.415321E-18   0.120564E+00  -0.385829E-16  -0.141574E-17  -0.221632E-17   0.591844E-01   0.650796E-17  -0.120661E-17   0.784167E-18   0.119160E-02   0.669210E-17
    0.672   0.153720E-02   0.431405E-16  -0.156053E-17  -0.274994E-17   0.478297E-01  -0.623169E-16  -0.857435E-17   0.309951E-17   0.151451E+00  -0.442076E-16  -0.486782E-18  -0.437777E-17   0.774691E-01   0.500814E-16  -0.142674E-17   0.759296E-18   0.174714E-02  -0.364712E-16
    0.841   0.187430E-02  -0.618995E-16  -0.115774E-17  -0.217273E-17   0.594919E-01  -0.420309E-16  -0.993816E-17  -0.390378E-17   0.177341E+00  -0.352564E-16  -0.251434E-17   0.181713E-17   0.948380E-01   0.323210E-16  -0.271747E-18   0.126461E-17   0.230113E-02   0.525441E-16
    1.010   0.210692E-02   0.593007E-16  -0.224161E-17  -0.242319E-17   0.709760E-01  -0.815114E-16  -0.238947E-17  -0.618293E-18   0.198806E+00  -0.456765E-16   0.498373E-17  -0.156042E-17   0.111244E+00   0.851651E-16  -0.232667E-17   0.347055E-18   0.282009E-02  -0.872825E-16
    1.180   0.222533E-02  -0.553379E-17  -0.869206E-18   0.466011E-18   0.822445E-01  -0.396363E-16  -0.722255E-17  -0.199864E-17   0.216489E+00  -0.469777E-16   0.813247E-18  -0.667718E-18   0.126664E+00   0.314437E-16  -0.239906E-18  -0.204704E-17   0.328190E-02  -0.230950E-16
    1.351   0.222970E-02   0.330390E-16   0.174748E-17  -0.119849E-17   0.932596E-01  -0.702273E-16  -0.796455E-17  -0.117685E-17   0.230998E+00  -0.674709E-16   0.114230E-17  -0.129202E-17   0.141092E+00   0.462651E-16   0.166830E-17   0.992090E-18   0.367381E-02  -0.538540E-16
    1.522   0.212708E-02  -0.153583E-15  -0.198668E-18  -0.500491E-18   0.103985E+00   0.297153E-16  -0.529390E-17  -0.877531E-17   0.242863E+00  -0.110456E-15   0.210658E-17   0.701214E-17   0.154537E+00  -0.860974E-16  -0.867211E-18   0.750462E-18   0.399024E-02   0.147553E-15
    1.694   0.192912E-02  -0.900998E-16  -0.123776E-17  -0.265481E-17   0.114385E+00   0.882294E-16  -0.603175E-17   0.195473E-17   0.252537E+00  -0.920465E-16   0.174554E-17  -0.637580E-17   0.167017E+00  -0.145502E-15  -0.143199E-17   0.654954E-18   0.423076E-02   0.742210E-16
    1.867   0.165036E-02   0.259984E-16  -0.457242E-17  -0.563598E-18   0.124430E+00  -0.166064E-16   0.551504E-17  -0.243311E-17   0.260396E+00  -0.807681E-16   0.118738E-16  -0.140543E-17   0.178559E+00  -0.884707E-16  -0.511603E-17  -0.112347E-17   0.439852E-02   0.393997E-16
    2.042   0.130697E-02   0.141944E-15   0.254240E-17  -0.500218E-17   0.134095E+00  -0.895112E-16  -0.609921E-17   0.401611E-17   0.266752E+00  -0.835527E-16  -0.206397E-18  -0.718147E-17   0.189198E+00  -0.485735E-16   0.266157E-18   0.149669E-17   0.449925E-02  -0.732139E-16
    2.217   0.915628E-03  -0.679817E-16  -0.388315E-18  -0.960995E-17   0.143357E+00   0.561212E-16   0.287776E-17  -0.676055E-17   0.271864E+00  -0.100767E-15   0.907940E-17   0.249082E-17   0.198974E+00  -0.115012E-15   0.382571E-18   0.485031E-17   0.454035E-02   0.101062E-15
    2.394   0.492740E-03   0.167465E-15   0.129600E-17  -0.214573E-17   0.152201E+00   0.161662E-17  -0.991176E-18  -0.455463E-17   0.275945E+00  -0.741251E-16   0.491550E-17   0.116841E-17   0.207930E+00  -0.161755E-15   0.198457E-17  -0.532172E-17   0.453015E-02  -0.814845E-16
    2.572   0.537839E-04  -0.575274E-16  -0.393551E-18  -0.600517E-17   0.160617E+00   0.140172E-15   0.179958E-18   0.342636E-18   0.279172E+00  -0.506747E-16   0.636562E-17  -0.460476E-17   0.216111E+00  -0.314874E-15  -0.105974E-17  -0.521690E-18   0.447744E-02   0.117581E-15
    2.752  -0.387206E-03  -0.343146E-16   0.505257E-19  -0.425081E-17   0.168600E+00   0.789864E-17  -0.595441E-17  -0.200153E-17   0.281694E+00  -0.772832E-16   0.649577E-18  -0.706030E-18   0.223565E+00  -0.900403E-16   0.151882E-17   0.279758E-17   0.439093E-02   0.357741E-16
    2.933  -0.817970E-03  -0.153072E-15  -0.623800E-17  -0.120697E-16   0.176148E+00   0.138087E-15  -0.655117E-17   0.205972E-17   0.283632E+00  -0.784799E-16  -0.132890E-17  -0.499763E-17   0.230339E+00  -0.223231E-15  -0.715738E-17   0.903066E-17   0.427892E-02   0.134057E-15
    3.116  -0.122819E-02   0.274180E-16  -0.878220E-17  -0.157307E-16   0.183266E+00  -0.363781E-16  -0.829678E-17   0.615148E-17   0.285089E+00  -0.547770E-16  -0.452073E-17  -0.849305E-17   0.236478E+00  -0.164864E-16  -0.872890E-17   0.128679E-16   0.414901E-02  -0.614527E-16
    3.301  -0.160961E-02  -0.420880E-16  -0.206254E-17  -0.634813E-17   0.189962E+00  -0.693737E-16   0.229768E-17  -0.867810E-17   0.286150E+00  -0.724094E-16   0.663007E-17   0.613451E-17   0.242029E+00   0.447607E-16  -0.190070E-17   0.524155E-17   0.400797E-02  -0.288150E-16
    3.489  -0.195592E-02   0.790188E-16  -0.151273E-17  -0.862276E-17   0.196247E+00  -0.193632E-16  -0.280735E-17  -0.407639E-17   0.286888E+00  -0.590807E-16  -0.450131E-18   0.172186E-17   0.247035E+00  -0.397124E-16  -0.278043E-18   0.644110E-17   0.386157E-02  -0.143003E-15
    3.678  -0.226270E-02   0.837881E-16  -0.694230E-17  -0.239912E-17   0.202134E+00  -0.959389E-16  -0.334373E-17  -0.918012E-17   0.287363E+00  -0.526497E-16  -0.209458E-18   0.715360E-17   0.251540E+00   0.720038E-16  -0.675086E-17   0.396271E-17   0.371460E-02  -0.164492E-15
    3.870  -0.252723E-02   0.318582E-16  -0.141897E-16  -0.143552E-17   0.207639E+00  -0.706146E-16   0.786314E-17  -0.138042E-16   0.287626E+00  -0.517127E-16   0.109085E-16   0.117484E-16   0.255582E+00   0.112803E-16  -0.128865E-16   0.594201E-19   0.357086E-02  -0.892791E-16
    4.064  -0.274827E-02   0.113735E-17  -0.100441E-16  -0.292320E-17   0.212779E+00   0.114058E-15  -0.693848E-17   0.433703E-17   0.287717E+00  -0.545941E-16  -0.578444E-17  -0.604399E-17   0.259201E+00  -0.235182E-15  -0.968773E-17   0.866702E-18   0.343326E-02  -0.101126E-16
    4.261  -0.292582E-02   0.629704E-16  -0.417815E-17   0.144683E-17   0.217572E+00   0.130693E-16  -0.433231E-17   0.529846E-18   0.287673E+00  -0.748048E-16  -0.360655E-17  -0.219013E-17   0.262433E+00  -0.157068E-15  -0.456757E-17  -0.117196E-17   0.330389E-02  -0.743731E-16
    4.460  -0.306092E-02   0.282712E-15  -0.249610E-17  -0.627109E-17   0.222038E+00  -0.122200E-15  -0.780542E-17  -0.269459E-17   0.287524E+00  -0.809057E-16  -0.659098E-17   0.175124E-17   0.265310E+00  -0.604204E-16  -0.127622E-17   0.478787E-17   0.318412E-02  -0.241540E-15
    4.663  -0.315544E-02   0.164826E-15   0.361062E-18  -0.356414E-17   0.226193E+00  -0.117319E-15   0.330823E-17   0.615749E-17   0.287293E+00  -0.974336E-16   0.410552E-17  -0.762671E-17   0.267865E+00  -0.145534E-15   0.164517E-17   0.355393E-17   0.307469E-02  -0.117575E-15
    4.869  -0.321186E-02   0.650084E-16   0.319815E-17   0.490925E-18   0.230059E+00   0.236217E-16  -0.306600E-17  -0.591570E-18   0.287001E+00  -0.897219E-16  -0.259017E-17  -0.239092E-18   0.270127E+00  -0.293571E-15   0.302203E-17   0.468589E-18   0.297585E-02   0.536913E-16
    5.079  -0.323310E-02   0.539580E-16  -0.527121E-17  -0.319482E-18   0.233651E+00  -0.407684E-16  -0.166059E-17  -0.585445E-18   0.286666E+00  -0.105200E-15  -0.137758E-17  -0.151162E-18   0.272123E+00  -0.177158E-15  -0.591213E-17  -0.368183E-18   0.288746E-02  -0.131162E-16
    5.291  -0.322240E-02   0.530167E-16   0.411518E-17   0.414205E-17   0.236989E+00  -0.296357E-16   0.256735E-18  -0.393134E-17   0.286300E+00  -0.104775E-15  -0.144507E-19   0.322551E-17   0.273878E+00  -0.135751E-15   0.428649E-17  -0.343887E-17   0.280904E-02  -0.485334E-16
    5.508  -0.318313E-02  -0.817538E-16  -0.104958E-17  -0.169689E-17   0.240088E+00   0.170992E-15  -0.494884E-17   0.466581E-17   0.285916E+00  -0.808061E-16  -0.477270E-17  -0.509201E-17   0.275416E+00  -0.316725E-15   0.405988E-18   0.141835E-17   0.273988E-02   0.558587E-16
    5.729  -0.311877E-02  -0.299110E-16   0.177013E-17   0.914155E-18   0.242966E+00   0.893821E-16   0.256483E-18   0.116545E-16   0.285523E+00  -0.673916E-16   0.195440E-18  -0.118813E-16   0.276757E+00  -0.281723E-15   0.139031E-17  -0.439995E-18   0.267911E-02   0.517335E-16
    5.954  -0.303275E-02  -0.641032E-17  -0.189047E-17   0.800733E-17   0.245637E+00  -0.550461E-16   0.515705E-17   0.755576E-17   0.285127E+00  -0.594476E-16   0.538337E-17  -0.777385E-17   0.277922E+00  -0.888303E-16  -0.262508E-17  -0.790342E-17   0.262574E-02  -0.107806E-16
    6.184  -0.292843E-02  -0.197354E-16  -0.687550E-17  -0.221611E-17   0.248116E+00  -0.224637E-16  -0.739785E-19  -0.695554E-17   0.284736E+00  -0.731591E-16   0.360977E-18   0.686405E-17   0.278928E+00  -0.907763E-16  -0.697104E-17   0.192993E-17   0.257872E-02  -0.404351E-16
    6.418  -0.280902E-02  -0.243268E-16   0.289525E-18   0.231888E-17   0.250417E+00  -0.469225E-16   0.131642E-17  -0.912025E-17   0.284353E+00  -0.858472E-16   0.958797E-18   0.877097E-17   0.279792E+00  -0.113202E-15   0.271497E-18  -0.352413E-17   0.253697E-02   0.334767E-16
    6.658  -0.267757E-02   0.209051E-15   0.473458E-17  -0.412585E-17   0.252551E+00  -0.198894E-15  -0.389709E-17  -0.199038E-17   0.283983E+00  -0.825025E-16  -0.372115E-17   0.151290E-17   0.280529E+00   0.360146E-16   0.420224E-17   0.406959E-17   0.249943E-02  -0.216147E-15
    6.903  -0.253691E-02  -0.142249E-15   0.307714E-18   0.104599E-17   0.254532E+00   0.303324E-16  -0.645380E-17   0.219718E-17   0.283627E+00  -0.857941E-16  -0.659717E-17  -0.209586E-17   0.281152E+00  -0.190366E-15   0.232201E-18  -0.113588E-17   0.246506E-02   0.136846E-15
    7.153  -0.238968E-02   0.279905E-16   0.145963E-17   0.138317E-16   0.256370E+00   0.245884E-16  -0.959506E-18  -0.558326E-17   0.283289E+00  -0.809841E-16  -0.998330E-18   0.558477E-17   0.281674E+00  -0.206296E-15   0.160044E-17  -0.132538E-16   0.243289E-02  -0.191688E-16
    7.410  -0.223827E-02  -0.143674E-16  -0.897536E-18  -0.943563E-17   0.258075E+00  -0.195868E-15   0.756435E-18   0.149249E-17   0.282969E+00  -0.102441E-15   0.734209E-18  -0.152169E-17   0.282106E+00  -0.538189E-16  -0.761838E-18   0.984436E-17   0.240198E-02   0.836620E-16
    7.674  -0.208484E-02   0.513490E-16   0.216238E-17  -0.219999E-16   0.259657E+00  -0.268547E-15  -0.446567E-18   0.735414E-18   0.282668E+00  -0.924061E-16  -0.681681E-18  -0.892254E-18   0.282458E+00   0.315892E-16   0.159080E-17   0.219103E-16   0.237152E-02   0.441923E-16
    7.944  -0.193133E-02   0.158229E-15   0.165982E-18  -0.674557E-17   0.261124E+00  -0.226584E-15  -0.972194E-18   0.105815E-16   0.282387E+00  -0.107933E-15  -0.102133E-17  -0.106397E-16   0.282739E+00  -0.410231E-16  -0.585650E-18   0.736616E-17   0.234073E-02  -0.850142E-16
    8.221  -0.177943E-02   0.128209E-16   0.794993E-18   0.800451E-17   0.262486E+00  -0.220965E-15   0.680634E-17   0.986012E-18   0.282126E+00  -0.100997E-15   0.653329E-17  -0.814784E-18   0.282959E+00   0.151719E-16   0.397899E-18  -0.784673E-17   0.230896E-02   0.233760E-16
    8.506  -0.163063E-02   0.635523E-17  -0.324024E-17   0.619067E-18   0.263749E+00  -0.949872E-16  -0.891657E-18   0.547387E-18   0.281885E+00  -0.931725E-16  -0.113190E-17  -0.501157E-18   0.283124E+00  -0.788009E-16  -0.338271E-17  -0.153063E-17   0.227563E-02   0.482969E-17
    8.800  -0.148618E-02  -0.147628E-16   0.509652E-18   0.843141E-17   0.264922E+00  -0.209698E-15  -0.754254E-18   0.233752E-17   0.281662E+00  -0.104912E-15  -0.533887E-18  -0.230801E-17   0.283241E+00   0.375929E-16   0.732637E-18  -0.907751E-17   0.224026E-02   0.163121E-16
    9.102  -0.134715E-02  -0.259912E-16   0.100178E-17   0.123115E-16   0.266009E+00  -0.277105E-15  -0.257937E-17   0.361052E-17   0.281459E+00  -0.984991E-16  -0.279645E-17  -0.345268E-17   0.283317E+00   0.113178E-15   0.113439E-17  -0.114439E-16   0.220246E-02   0.271452E-16
    9.414  -0.121441E-02  -0.984883E-16  -0.665829E-17  -0.102206E-16   0.267018E+00  -0.333005E-15  -0.464561E-17  -0.263467E-18   0.281273E+00  -0.101945E-15  -0.459197E-17   0.271636E-18   0.283357E+00   0.144298E-15  -0.627240E-17   0.103460E-16   0.216192E-02   0.113534E-15
    9.735  -0.108864E-02   0.266479E-15  -0.102345E-16  -0.740264E-17   0.267955E+00  -0.660940E-15   0.187057E-18  -0.140127E-16   0.281104E+00  -0.983803E-16  -0.193621E-18   0.138214E-16   0.283365E+00   0.462286E-15  -0.104271E-16   0.752854E-17   0.211843E-02  -0.215621E-15
   10.068  -0.970366E-03   0.328218E-15   0.184515E-17   0.244691E-17   0.268824E+00  -0.657744E-15   0.105311E-17  -0.193645E-16   0.280952E+00  -0.107427E-15   0.778627E-18   0.190541E-16   0.283347E+00   0.455488E-15   0.113615E-17  -0.162123E-17   0.207185E-02  -0.288420E-15
   10.412  -0.859948E-03   0.295967E-15   0.287048E-17   0.118386E-17   0.269631E+00  -0.719264E-15   0.500706E-17  -0.204982E-16   0.280815E+00  -0.929885E-16   0.489218E-17   0.203435E-16   0.283307E+00   0.533337E-15   0.319135E-17  -0.128012E-17   0.202212E-02  -0.252517E-15
   10.768  -0.757609E-03  -0.146830E-15   0.405760E-17  -0.249012E-16   0.270379E+00  -0.330497E-15   0.147297E-18   0.173439E-17   0.280692E+00  -0.956160E-16  -0.646607E-19  -0.166305E-17   0.283247E+00   0.107216E-15   0.385566E-17   0.250953E-16   0.196926E-02   0.228983E-15
   11.137  -0.663443E-03  -0.125360E-17  -0.505149E-17  -0.252210E-16   0.271074E+00  -0.856196E-15  -0.538576E-17   0.453121E-17   0.280582E+00  -0.919239E-16  -0.540547E-17  -0.467868E-17   0.283172E+00   0.610855E-15  -0.565469E-17   0.250827E-16   0.191336E-02   0.119339E-15
   11.520  -0.577429E-03   0.314573E-15  -0.403722E-17  -0.232619E-17   0.271720E+00  -0.111990E-14  -0.234726E-17   0.321042E-17   0.280485E+00  -0.905160E-16  -0.256616E-17  -0.320089E-17   0.283083E+00   0.924453E-15  -0.357089E-17   0.241284E-17   0.185454E-02  -0.237973E-15
   11.918  -0.499441E-03   0.532061E-16   0.886690E-17  -0.134336E-16   0.272319E+00  -0.699837E-15   0.650509E-17  -0.247433E-17   0.280399E+00  -0.863596E-16   0.639573E-17   0.256098E-17   0.282984E+00   0.530992E-15   0.813002E-17   0.135134E-16   0.179302E-02   0.510690E-18
   12.333  -0.429264E-03  -0.200453E-15  -0.285010E-17  -0.264504E-16   0.272876E+00  -0.289955E-15   0.308834E-17   0.723983E-17   0.280324E+00  -0.677686E-16   0.310250E-17  -0.710829E-17   0.282876E+00   0.118526E-15  -0.317767E-17   0.265139E-16   0.172903E-02   0.262117E-15
   12.765  -0.366605E-03  -0.153144E-15   0.371636E-18  -0.409866E-16   0.273394E+00  -0.191217E-15  -0.328181E-18  -0.327886E-18   0.280258E+00  -0.657091E-16  -0.282687E-18   0.433573E-18   0.282762E+00   0.536169E-16   0.114915E-17   0.409543E-16   0.166286E-02   0.188829E-15
   13.216  -0.311108E-03  -0.162824E-16  -0.112366E-17  -0.164353E-16   0.273875E+00  -0.213761E-15   0.138291E-17   0.109636E-16   0.280201E+00  -0.603238E-16   0.141545E-17  -0.109790E-16   0.282643E+00   0.718478E-16  -0.973757E-18   0.161138E-16   0.159482E-02   0.667076E-16
   13.687  -0.262359E-03   0.449082E-15  -0.289066E-17  -0.468390E-17   0.274323E+00  -0.528411E-15   0.270947E-17   0.357936E-17   0.280151E+00  -0.542134E-16   0.251987E-17  -0.346968E-17   0.282520E+00   0.414123E-15  -0.235021E-17   0.290545E-17   0.152527E-02  -0.425461E-15
   14.181  -0.219906E-03  -0.368672E-17  -0.111127E-17  -0.528280E-17   0.274739E+00  -0.388462E-15   0.340322E-17   0.902836E-18   0.280109E+00  -0.446023E-16   0.338421E-17  -0.982748E-18   0.282396E+00   0.316550E-15  -0.588284E-18   0.435465E-17   0.145457E-02  -0.867982E-19
   14.698  -0.183265E-03   0.377400E-16   0.621857E-17  -0.612385E-17   0.275127E+00  -0.226952E-15  -0.380066E-17  -0.323566E-17   0.280072E+00  -0.351906E-16  -0.369777E-17   0.324987E-17   0.282270E+00   0.185415E-15   0.661768E-17   0.660759E-17   0.138310E-02  -0.579886E-16
   15.242  -0.151931E-03   0.192288E-15   0.239723E-16  -0.209391E-17   0.275488E+00  -0.407176E-15  -0.404430E-17  -0.178986E-16   0.280041E+00  -0.282028E-16  -0.400173E-17   0.179040E-16   0.282145E+00   0.376283E-15   0.240256E-16   0.215796E-17   0.131123E-02  -0.219470E-15
   15.815  -0.125393E-03  -0.751275E-16   0.294111E-16   0.110095E-17   0.275825E+00  -0.438628E-16  -0.271199E-17   0.764743E-17   0.280015E+00  -0.228084E-16  -0.272131E-17  -0.765272E-17   0.282020E+00   0.539255E-17   0.288836E-16  -0.125885E-17   0.123937E-02   0.602726E-16
   16.418  -0.103135E-03  -0.364609E-15   0.369168E-16   0.340564E-16   0.276139E+00   0.492411E-15   0.108337E-17  -0.850816E-18   0.279993E+00  -0.152996E-16   0.361197E-18   0.943375E-18   0.281897E+00  -0.537795E-15   0.361738E-16  -0.344212E-16   0.116787E-02   0.361929E-15
   17.056  -0.846536E-04  -0.824504E-16   0.427121E-16   0.459183E-16   0.276432E+00   0.429286E-15  -0.842843E-17   0.544030E-17   0.279975E+00  -0.176505E-16  -0.884094E-17  -0.540772E-17   0.281776E+00  -0.462311E-15   0.409711E-16  -0.455672E-16   0.109710E-02   0.719747E-16
   17.732  -0.694610E-04   0.787817E-16   0.349286E-18   0.371058E-16   0.276706E+00   0.187631E-15  -0.804972E-18   0.666462E-17   0.279960E+00  -0.121231E-16  -0.129513E-17  -0.677081E-17   0.281657E+00  -0.214930E-15  -0.114072E-17  -0.378794E-16   0.102741E-02  -0.883166E-16
   18.449  -0.570936E-04  -0.160823E-15  -0.319210E-17   0.693058E-18   0.276961E+00   0.406213E-15   0.599218E-17   0.578677E-17   0.279947E+00  -0.586094E-17   0.583076E-17  -0.587804E-17   0.281542E+00  -0.422307E-15  -0.345114E-17  -0.121031E-17   0.959095E-03   0.151374E-15
   19.211  -0.471184E-04  -0.695023E-17  -0.449765E-18  -0.427758E-17   0.277200E+00   0.208452E-15  -0.248068E-17   0.635061E-17   0.279937E+00  -0.874501E-17  -0.244380E-17  -0.616730E-17   0.281429E+00  -0.218840E-15  -0.544260E-18   0.317793E-17   0.892457E-03  -0.373111E-20
   20.025  -0.391375E-04  -0.150291E-15   0.228786E-16  -0.647983E-17   0.277424E+00   0.364681E-15  -0.450323E-17   0.105392E-16   0.279929E+00  -0.112065E-16  -0.448413E-17  -0.104045E-16   0.281321E+00  -0.383301E-15   0.227145E-16   0.744384E-17   0.827743E-03   0.141110E-15
   20.895  -0.327921E-04   0.962225E-16   0.280067E-17   0.287176E-16   0.277633E+00   0.125543E-15  -0.335650E-17   0.873713E-18   0.279922E+00  -0.116731E-16  -0.301815E-17  -0.724820E-18   0.281216E+00  -0.163683E-15   0.384156E-17  -0.285197E-16   0.765171E-03  -0.867295E-16
   21.828  -0.277648E-04   0.245460E-15  -0.548534E-17   0.459206E-17   0.277828E+00  -0.527962E-15   0.204826E-18  -0.969590E-17   0.279916E+00  -0.186704E-16   0.308129E-18   0.996519E-17   0.281115E+00   0.477207E-15  -0.442012E-17  -0.358202E-17   0.704921E-03  -0.230176E-15
   22.833  -0.237805E-04  -0.606076E-16  -0.497814E-17   0.160554E-16   0.278011E+00  -0.116281E-15   0.205357E-17   0.139896E-17   0.279912E+00  -0.205665E-16   0.215121E-17  -0.124285E-17   0.281018E+00   0.693615E-16  -0.487674E-17  -0.157291E-16   0.647136E-03   0.662597E-16
   23.917  -0.206059E-04  -0.185740E-15  -0.239394E-16   0.326762E-17   0.278183E+00  -0.670753E-16  -0.214885E-18   0.711982E-17   0.279909E+00  -0.177722E-16  -0.707306E-19  -0.696122E-17   0.280925E+00   0.184437E-16  -0.237558E-16  -0.352611E-17   0.591922E-03   0.187131E-15
   25.092  -0.180479E-04  -0.303826E-15  -0.302776E-17  -0.677570E-17   0.278343E+00  -0.375719E-15   0.580659E-17   0.554233E-17   0.279906E+00  -0.205614E-16   0.583070E-17  -0.548362E-17   0.280837E+00   0.338126E-15  -0.367942E-17   0.757096E-17   0.539352E-03   0.291150E-15
   26.371  -0.159509E-04   0.792685E-16  -0.309474E-17   0.399507E-18   0.278493E+00  -0.124950E-14   0.705812E-17   0.133150E-16   0.279903E+00  -0.265098E-16   0.723773E-17  -0.131924E-16   0.280752E+00   0.119506E-14  -0.314686E-17  -0.480614E-18   0.489467E-03  -0.778200E-16
   27.767  -0.141928E-04   0.132845E-15  -0.622941E-18   0.231665E-17   0.278633E+00  -0.212441E-14  -0.133983E-17   0.843030E-17   0.279902E+00  -0.279984E-16  -0.116785E-17  -0.854592E-17   0.280672E+00   0.205330E-14  -0.315496E-18  -0.281196E-17   0.442282E-03  -0.111872E-15
   29.301  -0.126806E-04   0.614691E-15  -0.199080E-16  -0.318736E-17   0.278764E+00  -0.216703E-14  -0.195977E-17  -0.493078E-17   0.279900E+00  -0.310993E-16  -0.180846E-17   0.485898E-17   0.280596E+00   0.207844E-14  -0.195900E-16   0.176354E-17   0.397786E-03  -0.581050E-15
   30.993  -0.113448E-04   0.142508E-15   0.297275E-18  -0.224973E-16   0.278885E+00  -0.215747E-15  -0.780443E-17   0.181675E-16   0.279899E+00  -0.293835E-16  -0.794946E-17  -0.181682E-16   0.280524E+00   0.144000E-15  -0.202879E-18   0.216645E-16   0.355956E-03  -0.117160E-15
   32.871  -0.101335E-04   0.695761E-16  -0.152121E-16  -0.517731E-18   0.278999E+00  -0.221884E-15  -0.283303E-16   0.231762E-16   0.279898E+00  -0.271225E-16  -0.283232E-16  -0.231925E-16   0.280457E+00   0.165518E-15  -0.149994E-16  -0.698403E-18   0.316753E-03  -0.549032E-16
   34.968  -0.900259E-05  -0.124531E-16   0.209887E-16  -0.136279E-17   0.279104E+00   0.571202E-15  -0.230257E-16   0.119277E-16   0.279897E+00  -0.236710E-16  -0.231234E-16  -0.121308E-16   0.280393E+00  -0.610922E-15   0.215700E-16  -0.738835E-18   0.280147E-03   0.180546E-16
   37.326  -0.791498E-05   0.237651E-15   0.376042E-17  -0.331459E-17   0.279202E+00   0.384379E-15   0.193845E-17   0.195187E-17   0.279897E+00  -0.243089E-16   0.156649E-17  -0.232118E-17   0.280334E+00  -0.437257E-15   0.349700E-17   0.106497E-17   0.246138E-03  -0.230906E-15
   40.000  -0.725548E-05  -0.268238E-16  -0.247948E-17   0.476465E-18   0.279295E+00   0.443085E-15  -0.351277E-18  -0.397512E-17   0.279899E+00  -0.236097E-16  -0.685287E-18   0.359618E-17   0.280281E+00  -0.495635E-15  -0.386080E-17  -0.225001E-17   0.214648E-03   0.327810E-16
