    0.000 -.540109295E-15 0.186674668E-14 -.111040125E+00 -.218530354E-11 0.613864435E-15 -.185970287E-14 0.439166096E+00 0.728788355E-11 0.458433449E-15 0.274788846E-15 0.794738673E-06 -.177990969E-13 -.846356855E-15 0.169430565E-14 0.143977779E-04 0.425968920E-15 0.392024367E-15 -.167269737E-14
    0.144 0.236914698E-03 -.850696904E-13 -.111074682E+00 -.218788574E-11 0.239336997E-02 0.164695736E-12 0.439121939E+00 0.798320080E-11 0.232441250E-02 0.576249319E-13 0.453351139E-04 -.181073643E-12 0.783030397E-03 -.437297085E-13 -.178759290E-03 0.331128521E-14 0.232552153E-03 0.623338630E-13
    0.289 0.635866829E-03 -.453841631E-14 -.111178015E+00 -.218233176E-11 0.476008944E-02 0.697609805E-13 0.438990842E+00 0.884880330E-11 0.467547939E-02 0.107511360E-12 0.178432370E-03 -.132088990E-12 0.147568400E-02 0.189385957E-12 -.765123904E-03 -.119732505E-13 0.564571899E-03 -.188502457E-12
    0.433 0.113421587E-02 -.354412606E-13 -.111350818E+00 -.217089489E-11 0.710069613E-02 0.196423239E-12 0.438772040E+00 0.873886409E-11 0.707220932E-02 0.147806676E-12 0.399576575E-03 0.451219944E-12 0.214547392E-02 0.226926664E-13 -.174972374E-02 -.488518346E-13 0.962086979E-03 -.633227954E-13
    0.578 0.170303785E-02 -.334719569E-12 -.111594468E+00 -.220394608E-11 0.943765852E-02 0.532718987E-12 0.438462390E+00 0.857734710E-11 0.953131938E-02 0.202795096E-12 0.709437986E-03 0.533131247E-12 0.280979400E-02 -.379864474E-12 -.313329884E-02 -.496935681E-13 0.141012547E-02 0.441811951E-12
    0.723 0.232859129E-02 0.695003008E-12 -.111910960E+00 -.223923000E-11 0.117831312E-01 -.386177224E-12 0.438056621E+00 0.900096266E-11 0.120686443E-01 0.267476291E-12 0.110950138E-02 -.984089863E-13 0.348420010E-02 0.662473561E-12 -.491715083E-02 -.567216146E-13 0.190062141E-02 -.564136704E-12
    0.868 0.300231895E-02 0.191016527E-12 -.112302913E+00 -.222219101E-11 0.141474900E-01 0.286925768E-12 0.437547393E+00 0.909022590E-11 0.146995106E-01 0.317477238E-12 0.160208973E-02 -.375990488E-12 0.418213453E-02 0.874305087E-13 -.710276146E-02 -.137836126E-12 0.242815674E-02 -.459696255E-13
    1.014 0.371768037E-02 -.108758603E-11 -.112773585E+00 -.217595339E-11 0.165409215E-01 0.148976808E-11 0.436925304E+00 0.822666636E-11 0.174388194E-01 0.351049984E-12 0.219041635E-02 0.215929598E-12 0.491554834E-02 -.105801060E-11 -.969127890E-02 -.254078790E-12 0.298835603E-02 0.128478422E-11
    1.160 0.446909735E-02 0.333341471E-12 -.113326876E+00 -.225364331E-11 0.189739081E-01 0.223618558E-14 0.436178860E+00 0.798236134E-11 0.203009983E-01 0.416596822E-12 0.287864831E-02 0.207996386E-12 0.569557177E-02 0.513494769E-12 -.126829531E-01 -.228708104E-12 0.357732045E-02 -.148899043E-12
    1.306 0.525134566E-02 0.154949710E-11 -.113967333E+00 -.230620299E-11 0.214574552E-01 -.101176796E-11 0.435294447E+00 0.902741634E-11 0.232998467E-01 0.498650721E-12 0.367198768E-02 -.697572754E-12 0.653292398E-02 0.158310873E-11 -.160765464E-01 -.251530716E-12 0.419122282E-02 -.137818443E-11
    1.453 0.605911646E-02 -.515983035E-12 -.114700116E+00 -.216759945E-11 0.240032816E-01 0.119299872E-11 0.434256290E+00 0.859298450E-11 0.264482767E-01 0.528706940E-12 0.457676964E-02 0.100572508E-12 0.743822652E-02 -.593793623E-12 -.198686583E-01 -.506508358E-12 0.482600039E-02 0.722490053E-12
    1.601 0.688666019E-02 -.523816583E-12 -.115530945E+00 -.223401946E-11 0.266239805E-01 0.115914438E-11 0.433046436E+00 0.791346434E-11 0.297579581E-01 0.591894741E-12 0.560056440E-02 0.995430880E-12 0.842225535E-02 -.505236678E-12 -.240530186E-01 -.509362725E-12 0.547704951E-02 0.771185861E-12
    1.750 0.772746185E-02 0.100952007E-11 -.116465994E+00 -.236961056E-11 0.293331971E-01 -.291043911E-12 0.431644741E+00 0.898268749E-11 0.332388836E-01 0.691073277E-12 0.675228718E-02 0.535907427E-13 0.949620480E-02 0.103365229E-11 -.286197642E-01 -.458333410E-12 0.613894480E-02 -.743938483E-12
    1.899 0.857394855E-02 0.108370329E-12 -.117511721E+00 -.226869947E-11 0.321458191E-01 0.723733315E-12 0.430028888E+00 0.908572575E-11 0.368988788E-01 0.739875875E-12 0.804229718E-02 -.437044462E-13 0.106719773E-01 0.110120164E-12 -.335548088E-01 -.688451618E-12 0.680515820E-02 0.183175599E-12
    2.049 0.941718061E-02 -.650925448E-12 -.118674623E+00 -.226537678E-11 0.350781967E-01 0.147498966E-11 0.428174406E+00 0.821052637E-11 0.407431001E-01 0.807498967E-12 0.948250375E-02 0.541918689E-12 0.119625302E-01 -.587169003E-12 -.388393480E-01 -.820213498E-12 0.746773907E-02 0.101581931E-11
    2.199 0.102465016E-01 0.872907217E-13 -.119960900E+00 -.238706651E-11 0.381483687E-01 0.768606024E-12 0.426054705E+00 0.797697615E-11 0.447735664E-01 0.892695400E-12 0.110864733E-01 0.375345802E-12 0.133822366E-01 0.239313080E-12 -.444496154E-01 -.843811606E-12 0.811693407E-02 0.289320439E-12
    2.351 0.110491367E-01 0.974057757E-13 -.121376021E+00 -.241960296E-11 0.413763232E-01 0.870127746E-12 0.423641091E+00 0.843174279E-11 0.489887822E-01 0.979343972E-12 0.128695585E-01 -.303734571E-12 0.149473305E-01 0.286294552E-12 -.503569363E-01 -.928257274E-12 0.874072838E-02 0.257607118E-12
    2.504 0.118097157E-01 0.271787351E-12 -.122924214E+00 -.237177046E-11 0.447842851E-01 0.816894229E-12 0.420902694E+00 0.829817398E-11 0.533835301E-01 0.103205258E-11 0.148490883E-01 -.938650530E-13 0.166764745E-01 0.419343114E-12 -.565281475E-01 -.116172140E-11 0.932431826E-02 0.136642593E-12
    2.658 0.125097037E-01 0.741153280E-12 -.124607884E+00 -.243144851E-11 0.483970344E-01 0.493596770E-12 0.417806292E+00 0.769397069E-11 0.579488618E-01 0.110480052E-11 0.170446360E-01 0.760186155E-12 0.185914616E-01 0.863297535E-12 -.629263549E-01 -.129608069E-11 0.984948357E-02 -.308754454E-12
    2.813 0.131267109E-01 0.286218277E-12 -.126427004E+00 -.250409272E-11 0.522422350E-01 0.107149522E-11 0.414315981E+00 0.813420638E-11 0.626723108E-01 0.120869086E-11 0.194784056E-01 0.643851963E-12 0.207180523E-01 0.456963010E-12 -.695119802E-01 -.133040054E-11 0.102938523E-01 0.121422669E-12
    2.970 0.136336637E-01 0.843413008E-13 -.128378529E+00 -.252542404E-11 0.563507821E-01 0.132318991E-11 0.410392601E+00 0.878476445E-11 0.675383083E-01 0.130365370E-11 0.221757822E-01 0.214995520E-12 0.230870104E-01 0.296733509E-12 -.762439265E-01 -.149927242E-11 0.106300533E-01 0.374631038E-12
    3.127 0.139978323E-01 0.117179870E-11 -.130455833E+00 -.250684097E-11 0.607571356E-01 0.272121706E-12 0.405992962E+00 0.796996956E-11 0.725286856E-01 0.133963226E-11 0.251660364E-01 0.917715605E-12 0.257353335E-01 0.145544472E-11 -.830806089E-01 -.172177759E-11 0.108247348E-01 -.682695365E-12
    3.287 0.141797506E-01 0.967159043E-12 -.132648206E+00 -.262376916E-11 0.654995712E-01 0.534722018E-12 0.401068861E+00 0.742990427E-11 0.776231758E-01 0.152307828E-11 0.284831495E-01 0.103437719E-11 0.287076601E-01 0.138738212E-11 -.899805912E-01 -.177292440E-11 0.108375051E-01 -.549653063E-12
    3.447 0.141320738E-01 -.580920761E-12 -.134940442E+00 -.267832069E-11 0.706202390E-01 0.213106623E-11 0.395565940E+00 0.831522382E-11 0.827998042E-01 0.165306019E-11 0.321667172E-01 -.254613002E-12 0.320577813E-01 -.100964831E-12 -.969026233E-01 -.185306479E-11 0.106198662E-01 0.101054824E-11
    3.610 0.137985149E-01 -.137854901E-12 -.137312497E+00 -.260325457E-11 0.761649151E-01 0.177519087E-11 0.389422526E+00 0.725937412E-11 0.880350733E-01 0.157223464E-11 0.362628344E-01 0.651460544E-12 0.358501795E-01 0.422767198E-12 -.103804912E+00 -.220490634E-11 0.101142469E-01 0.542760445E-12
    3.774 0.131131649E-01 0.410744895E-12 -.139739229E+00 -.279852601E-11 0.821820801E-01 0.141056652E-11 0.382568777E+00 0.694754881E-11 0.933040037E-01 0.186313680E-11 0.408246181E-01 0.105209031E-11 0.401611812E-01 0.991782523E-12 -.110643622E+00 -.218887010E-11 0.925354111E-02 -.338322911E-13
    3.939 0.120007282E-01 -.542934987E-12 -.142190301E+00 -.281622583E-11 0.887208479E-01 0.255652283E-11 0.374926736E+00 0.779624253E-11 0.985799871E-01 0.198469563E-11 0.459119072E-01 0.529631687E-12 0.450792008E-01 0.170090292E-12 -.117370686E+00 -.225553725E-11 0.796168679E-02 0.816672419E-12
    4.107 0.103786561E-01 -.291754832E-12 -.144630226E+00 -.271651573E-11 0.958268589E-01 0.244216835E-11 0.366412578E+00 0.753219880E-11 0.103834484E+00 0.186257693E-11 0.515889224E-01 0.106954436E-11 0.507029287E-01 0.484719251E-12 -.123930947E+00 -.260233025E-11 0.615636171E-02 0.617744220E-12
    4.277 0.816274315E-02 0.882823064E-12 -.147018649E+00 -.290633125E-11 0.103534841E+00 0.136623014E-11 0.356943116E+00 0.688393544E-11 0.109036629E+00 0.206179960E-11 0.579179998E-01 0.168247089E-11 0.571357050E-01 0.178750400E-11 -.130258889E+00 -.260627890E-11 0.375539035E-02 -.541052253E-12
    4.449 0.527830627E-02 0.141349566E-11 -.149311019E+00 -.296099730E-11 0.111856308E+00 0.883974980E-12 0.346449486E+00 0.676463558E-11 0.114152930E+00 0.233264450E-11 0.649466797E-01 0.149009363E-11 0.644736199E-01 0.281225798E-11 -.136275603E+00 -.263369538E-11 0.688987356E-03 -.144439532E-11
    4.623 0.167873780E-02 0.284003820E-12 -.151459932E+00 -.287265793E-11 0.120761624E+00 0.202951643E-11 0.334900559E+00 0.694278142E-11 0.119147608E+00 0.233399046E-11 0.726857560E-01 0.905239171E-12 0.727850580E-01 0.166733217E-11 -.141887533E+00 -.282029129E-11 -.308046910E-02 -.219492431E-12
    4.799 -.262895859E-02 -.140031997E-11 -.153417484E+00 -.297626555E-11 0.130158169E+00 0.374511464E-11 0.322335842E+00 0.640837497E-11 0.123984374E+00 0.227325475E-11 0.810787003E-01 0.112295313E-11 0.820816482E-01 0.337962803E-12 -.146989277E+00 -.298051782E-11 -.753199522E-02 0.117679213E-11
    4.978 -.755825491E-02 -.227738349E-11 -.155138841E+00 -.306065581E-11 0.139872526E+00 0.469626764E-11 0.308899234E+00 0.463846611E-11 0.128630362E+00 0.245925758E-11 0.899710531E-01 0.277667259E-11 0.922873075E-01 0.326454939E-13 -.151472762E+00 -.302093529E-11 -.125603752E-01 0.154676764E-11
    5.159 -.129308521E-01 -.663194794E-13 -.156586711E+00 -.307270037E-11 0.149650698E+00 0.266544182E-11 0.294854904E+00 0.658828864E-11 0.133061976E+00 0.284286312E-11 0.990983372E-01 0.105770495E-11 0.103220331E+00 0.203104831E-11 -.155242996E+00 -.293770660E-11 -.179662746E-01 -.368993393E-12
    5.343 -.184932144E-01 0.136543988E-11 -.157735614E+00 -.294923833E-11 0.159188680E+00 0.151104249E-11 0.280564835E+00 0.654639948E-11 0.137270717E+00 0.252419206E-11 0.108112231E+00 0.150211042E-11 0.114605682E+00 0.387104563E-11 -.158236401E+00 -.319780171E-11 -.234772482E-01 -.211509707E-11
    5.530 -.239629661E-01 0.478211817E-12 -.158574440E+00 -.308615591E-11 0.168189304E+00 0.248617292E-11 0.266426502E+00 0.351337287E-11 0.141266049E+00 0.251897893E-11 0.116645227E+00 0.447361271E-11 0.126120614E+00 0.377161553E-11 -.160434313E+00 -.329967991E-11 -.287991468E-01 -.183930689E-11
    5.720 -.290850011E-01 -.380778659E-12 -.159106194E+00 -.317899213E-11 0.176420485E+00 0.318611729E-11 0.252797942E+00 0.573301719E-11 0.145073306E+00 0.306494982E-11 0.124385126E+00 0.169710433E-11 0.137454239E+00 0.259176548E-11 -.161865332E+00 -.298045175E-11 -.336753843E-01 -.422382449E-12
    5.913 -.336714782E-01 -.114284270E-11 -.159345222E+00 -.303719717E-11 0.183748430E+00 0.383903878E-11 0.239944898E+00 0.591967265E-11 0.148727549E+00 0.299659126E-11 0.131124074E+00 0.101792082E-11 0.148353975E+00 0.248398968E-11 -.162596259E+00 -.327737265E-11 -.379268685E-01 -.172627439E-12
    6.110 -.376142903E-01 -.210825067E-11 -.159313130E+00 -.291964851E-11 0.190138060E+00 0.485747733E-11 0.228025052E+00 0.204061487E-11 0.152266227E+00 0.268714551E-11 0.136768224E+00 0.466860835E-11 0.158645178E+00 0.252248674E-11 -.162716838E+00 -.338384498E-11 -.414617925E-01 -.211080701E-12
    6.310 -.408756266E-01 -.562093356E-12 -.159034796E+00 -.329693779E-11 0.195631121E+00 0.346302959E-11 0.217101334E+00 0.485293227E-11 0.155723330E+00 0.306946527E-11 0.141317965E+00 0.196324850E-11 0.168227633E+00 0.294781697E-11 -.162324596E+00 -.292957990E-11 -.442625612E-01 -.608074343E-12
    6.514 -.434691156E-01 0.169574650E-13 -.158535346E+00 -.306046808E-11 0.200317668E+00 0.310663217E-11 0.207167329E+00 0.570025620E-11 0.159126150E+00 0.337310398E-11 0.144837365E+00 0.145772980E-11 0.177060531E+00 0.414363585E-11 -.161513642E+00 -.337449409E-11 -.463636440E-01 -.163689325E-11
    6.721 -.454405114E-01 -.105675561E-11 -.157838250E+00 -.275756926E-11 0.204310797E+00 0.425896831E-11 0.198172895E+00 0.192258191E-11 0.162494366E+00 0.291965956E-11 0.147425454E+00 0.523446592E-11 0.185144986E+00 0.408069757E-11 -.160368156E+00 -.327249198E-11 -.478299765E-01 -.133112746E-11
    6.933 -.468523418E-01 -.635717013E-12 -.156964392E+00 -.328394875E-11 0.207728555E+00 0.366738478E-11 0.190044273E+00 0.486564357E-11 0.165840614E+00 0.317254979E-11 0.149194934E+00 0.178877427E-11 0.192508992E+00 0.353801091E-11 -.158959674E+00 -.281358849E-11 -.487403649E-01 -.573306968E-12
    7.149 -.477732042E-01 -.169278757E-11 -.155931818E+00 -.295930099E-11 0.210682781E+00 0.457595042E-11 0.182697976E+00 0.388654293E-11 0.169171756E+00 0.355636414E-11 0.150258490E+00 0.231633225E-11 0.199196076E+00 0.338166413E-11 -.157346879E+00 -.344342092E-11 -.491763330E-01 -.308505143E-12
    7.369 -.482710772E-01 -.521078031E-12 -.154755870E+00 -.287663868E-11 0.213273223E+00 0.343172126E-11 0.176049383E+00 0.194980933E-11 0.172490294E+00 0.317362970E-11 0.150721167E+00 0.415048079E-11 0.205257521E+00 0.500383803E-11 -.155576681E+00 -.293160686E-11 -.492154802E-01 -.186579721E-11
    7.594 -.484095312E-01 -.533163345E-12 -.153449519E+00 -.303134957E-11 0.215585221E+00 0.366056706E-11 0.170017623E+00 0.464387807E-11 0.175795659E+00 0.338095752E-11 0.150676837E+00 0.153024273E-11 0.210747267E+00 0.410706723E-11 -.153685860E+00 -.287456783E-11 -.489280406E-01 -.972891195E-12
    7.824 -.482458819E-01 -.176561936E-11 -.152023758E+00 -.285276202E-11 0.217689539E+00 0.517189791E-11 0.164528025E+00 0.245744339E-11 0.179085265E+00 0.360533482E-11 0.150207155E+00 0.376951286E-11 0.215718729E+00 0.336170263E-11 -.151702832E+00 -.331938187E-11 -.483755130E-01 -.248638214E-12
    8.060 -.478305564E-01 -.236684492E-12 -.150487994E+00 -.305803759E-11 0.219643329E+00 0.368137101E-11 0.159513048E+00 0.335016986E-11 0.182355307E+00 0.343052405E-11 0.149381906E+00 0.290750291E-11 0.220222980E+00 0.499072409E-11 -.149649258E+00 -.258159436E-11 -.476105061E-01 -.162754848E-11
    8.301 -.472071756E-01 -.150369216E-11 -.148850385E+00 -.253801446E-11 0.221491652E+00 0.462695163E-11 0.154912342E+00 0.370351948E-11 0.185601346E+00 0.359311360E-11 0.148260045E+00 0.225700419E-11 0.224307761E+00 0.386889419E-11 -.147541459E+00 -.315517962E-11 -.466772504E-01 -.101561082E-12
    8.547 -.464130232E-01 -.124784465E-11 -.147118143E+00 -.302677813E-11 0.223269183E+00 0.417821348E-11 0.150672397E+00 0.134708557E-11 0.188818704E+00 0.367333523E-11 0.146891016E+00 0.403124782E-11 0.228017017E+00 0.455726435E-11 -.145391591E+00 -.276845213E-11 -.456124853E-01 -.706974187E-12
    8.800 -.454796844E-01 -.115736197E-12 -.145297761E+00 -.292926029E-11 0.225001891E+00 0.341796863E-11 0.146745969E+00 0.431280015E-11 0.192002733E+00 0.368369806E-11 0.145316078E+00 0.112744466E-11 0.231390767E+00 0.531511287E-11 -.143208594E+00 -.254606948E-11 -.444464246E-01 -.167248465E-11
    9.060 -.444337855E-01 -.618562262E-12 -.143395204E+00 -.226490045E-11 0.226708576E+00 0.442144299E-11 0.143091385E+00 0.164186410E-11 0.195148979E+00 0.371486567E-11 0.143569579E+00 0.414449788E-11 0.234465219E+00 0.442133152E-11 -.140998950E+00 -.317118347E-11 -.432037417E-01 -.103830083E-11
    9.326 -.432976860E-01 -.108934758E-11 -.141416048E+00 -.327677377E-11 0.228402230E+00 0.471240197E-11 0.139671900E+00 0.339688254E-11 0.198253288E+00 0.383627945E-11 0.141680071E+00 0.212652803E-11 0.237272959E+00 0.425254217E-11 -.138767281E+00 -.220074931E-11 -.419044731E-01 -.566604904E-12
    9.599 -.420901349E-01 -.103173284E-11 -.139365584E+00 -.227856096E-11 0.230091204E+00 0.428491980E-11 0.136455092E+00 0.255994774E-11 0.201311857E+00 0.384857606E-11 0.139671271E+00 0.264405094E-11 0.239843210E+00 0.477997732E-11 -.136516822E+00 -.299747971E-11 -.405648268E-01 -.486175191E-12
    9.881 -.408268657E-01 -.350556188E-12 -.137248896E+00 -.269202161E-11 0.231780208E+00 0.380173636E-11 0.133412317E+00 0.222491866E-11 0.204321257E+00 0.389633481E-11 0.137562885E+00 0.291045156E-11 0.242202113E+00 0.528902179E-11 -.134249781E+00 -.247188132E-11 -.391978895E-01 -.119112742E-11
   10.170 -.395211050E-01 -.106777262E-11 -.135070901E+00 -.263135865E-11 0.233471138E+00 0.454090487E-11 0.130518244E+00 0.282762278E-11 0.207278436E+00 0.398626333E-11 0.135371301E+00 0.224708293E-11 0.244373002E+00 0.452473824E-11 -.131967618E+00 -.256057229E-11 -.378142292E-01 -.469906231E-12
   10.468 -.381840182E-01 -.771775760E-12 -.132836386E+00 -.243243117E-11 0.235163761E+00 0.465556097E-11 0.127750451E+00 0.223720083E-11 0.210180713E+00 0.398268589E-11 0.133110154E+00 0.271890438E-11 0.246376675E+00 0.455525832E-11 -.129671270E+00 -.253121348E-11 -.364223941E-01 -.657234604E-12
   10.775 -.368250837E-01 -.938668536E-12 -.130550022E+00 -.239700925E-11 0.236856281E+00 0.533177791E-11 0.125089063E+00 0.263393319E-11 0.213025762E+00 0.407935630E-11 0.130790795E+00 0.233146815E-11 0.248231652E+00 0.385791494E-11 -.127361314E+00 -.254888168E-11 -.350293284E-01 -.433816908E-12
   11.092 -.354523949E-01 -.333806555E-12 -.128216363E+00 -.252964850E-11 0.238545792E+00 0.341392437E-11 0.122516484E+00 0.217060801E-11 0.215811594E+00 0.410340820E-11 0.128422684E+00 0.260852476E-11 0.249954392E+00 0.592086364E-11 -.125038094E+00 -.232259466E-11 -.336407081E-01 -.949991729E-12
   11.419 -.340729267E-01 -.753533664E-12 -.125839842E+00 -.227218643E-11 0.240228658E+00 0.405041263E-11 0.120017130E+00 0.239672832E-11 0.218536539E+00 0.414523121E-11 0.126013715E+00 0.214555312E-11 0.251559515E+00 0.533490802E-11 -.122701815E+00 -.243043756E-11 -.322612219E-01 -.402283920E-12
   11.757 -.326927339E-01 -.867915051E-12 -.123424760E+00 -.232485385E-11 0.241900800E+00 0.575471610E-11 0.117577230E+00 0.218281618E-11 0.221199224E+00 0.420288417E-11 0.123570475E+00 0.244546624E-11 0.253059975E+00 0.349618832E-11 -.120352619E+00 -.230767391E-11 -.308947849E-01 -.468673573E-12
   12.107 -.313171222E-01 -.266416738E-12 -.120975269E+00 -.227662495E-11 0.243557940E+00 0.405213232E-11 0.115184640E+00 0.232896085E-11 0.223798556E+00 0.421911262E-11 0.121098470E+00 0.214762702E-11 0.254467236E+00 0.532988426E-11 -.117990630E+00 -.224749759E-11 -.295447111E-01 -.864111820E-12
   12.470 -.299507740E-01 -.342560380E-12 -.118495350E+00 -.223232182E-11 0.245195785E+00 0.400312922E-11 0.112828694E+00 0.204020263E-11 0.226333703E+00 0.427836690E-11 0.118602300E+00 0.229227905E-11 0.255791420E+00 0.553527769E-11 -.115615994E+00 -.217931313E-11 -.282138465E-01 -.633369830E-12
   12.845 -.285978537E-01 -.575754703E-12 -.115988799E+00 -.209131213E-11 0.246810168E+00 0.470077208E-11 0.110500064E+00 0.210125871E-11 0.228804071E+00 0.430287352E-11 0.116085818E+00 0.216848135E-11 0.257041436E+00 0.466733143E-11 -.113228898E+00 -.221971327E-11 -.269046728E-01 -.567480353E-12
   13.235 -.272620830E-01 -.491445555E-12 -.113459200E+00 -.223278565E-11 0.248397157E+00 0.364599462E-11 0.108190639E+00 0.196414365E-11 0.231209289E+00 0.433302202E-11 0.113552250E+00 0.215769589E-11 0.258225106E+00 0.593292433E-11 -.110829589E+00 -.197919864E-11 -.256193787E-01 -.379174763E-12
   13.640 -.259467947E-01 -.127294845E-11 -.110909916E+00 -.183114246E-11 0.249953132E+00 0.763455764E-11 0.105893424E+00 0.211926805E-11 0.233549189E+00 0.437221583E-11 0.111004296E+00 0.196198300E-11 0.259349269E+00 0.177521202E-11 -.108418372E+00 -.224422583E-11 -.243599121E-01 0.222897846E-12
   14.061 -.246549756E-01 -.495270506E-13 -.108344066E+00 -.218785748E-11 0.251474843E+00 0.213298746E-11 0.103602436E+00 0.185526253E-11 0.235823789E+00 0.438945911E-11 0.108444222E+00 0.213209418E-11 0.260419880E+00 0.740130107E-11 -.105995617E+00 -.182213585E-11 -.231280176E-01 -.810548625E-12
   14.500 -.233892972E-01 -.658283770E-13 -.105764518E+00 -.187900842E-11 0.252959443E+00 0.392269540E-11 0.101312627E+00 0.186820913E-11 0.238033269E+00 0.442236516E-11 0.105873936E+00 0.189039855E-11 0.261442093E+00 0.578294341E-11 -.103561752E+00 -.198549422E-11 -.219252638E-01 -.617621525E-12
   14.957 -.221521351E-01 -.918668130E-12 -.103173879E+00 -.184576496E-11 0.254404506E+00 0.730494719E-11 0.990197901E-01 0.195181075E-11 0.240177957E+00 0.444447682E-11 0.103295044E+00 0.185141435E-11 0.262420339E+00 0.203360569E-11 -.101117255E+00 -.193561002E-11 -.207530557E-01 -.746977877E-13
   15.435 -.209455808E-01 -.366561696E-12 -.100574489E+00 -.188140690E-11 0.255808027E+00 0.274516955E-11 0.967204882E-01 0.178782752E-11 0.242258304E+00 0.446003737E-11 0.100708906E+00 0.185234946E-11 0.263358406E+00 0.688603331E-11 -.986626454E-01 -.178487543E-11 -.196126397E-01 -.291551977E-12
   15.934 -.197714531E-01 -.988297548E-12 -.979684257E-01 -.166119926E-11 0.257168420E+00 0.540683560E-11 0.944119751E-01 0.162711196E-11 0.244274865E+00 0.448589193E-11 0.981166754E-01 0.186749856E-11 0.264259503E+00 0.423345523E-11 -.961984754E-01 -.189386131E-11 -.185051076E-01 0.364194967E-12
   16.457 -.186313049E-01 -.595863572E-12 -.953575051E-01 -.186413302E-11 0.258484493E+00 0.548712246E-11 0.920921251E-01 0.175709024E-11 0.246228281E+00 0.449324042E-11 0.955193401E-01 0.167802843E-11 0.265126330E+00 0.395740317E-11 -.937253161E-01 -.158843917E-11 -.174313955E-01 -.146499176E-12
   17.005 -.175264285E-01 -.101313562E-12 -.927432909E-01 -.156381887E-11 0.259755428E+00 0.454413570E-11 0.897593628E-01 0.165576285E-11 0.248119260E+00 0.450701644E-11 0.929177505E-01 0.167097256E-11 0.265961131E+00 0.496870242E-11 -.912437471E-01 -.177721769E-11 -.163922806E-01 -.528792214E-12
   17.581 -.164578614E-01 0.530979169E-12 -.901271048E-01 -.161585453E-11 0.260980751E+00 0.254572894E-11 0.874125982E-01 0.154672461E-11 0.249948563E+00 0.451453315E-11 0.903126468E-01 0.165755341E-11 0.266765756E+00 0.711846435E-11 -.887543452E-01 -.161238857E-11 -.153883787E-01 -.964746084E-12
   18.187 -.154263956E-01 -.617509821E-12 -.875100456E-01 -.162358930E-11 0.262160294E+00 0.639601893E-11 0.850511635E-01 0.158950088E-11 0.251716974E+00 0.451848474E-11 0.877046810E-01 0.148492975E-11 0.267541711E+00 0.295505929E-11 -.862576781E-01 -.149303467E-11 -.144201442E-01 -.527262664E-13
   18.825 -.144325836E-01 -.146431985E-12 -.848930046E-01 -.136109928E-11 0.263294164E+00 0.398313587E-11 0.826747476E-01 0.143513470E-11 0.253425296E+00 0.452129996E-11 0.850944303E-01 0.158086113E-11 0.268290214E+00 0.552033016E-11 -.837542948E-01 -.165135549E-11 -.134878673E-01 -.314575365E-12
   19.499 -.134767563E-01 -.850600616E-13 -.822766892E-01 -.148364511E-11 0.264382700E+00 0.355594059E-11 0.802833447E-01 0.150242448E-11 0.255074330E+00 0.451056539E-11 0.824824180E-01 0.136405869E-11 0.269012230E+00 0.594538897E-11 -.812447216E-01 -.140537362E-11 -.125916812E-01 -.304088953E-12
   20.213 -.125590333E-01 -.665158046E-12 -.796616411E-01 -.144364948E-11 0.265426435E+00 0.671052269E-11 0.778771972E-01 0.132090679E-11 0.256664868E+00 0.450811426E-11 0.798691216E-01 0.142595727E-11 0.269708523E+00 0.254099156E-11 -.787294548E-01 -.133736649E-11 -.117315650E-01 0.117079386E-12
   20.969 -.116793464E-01 0.592098207E-12 -.770482658E-01 -.127127500E-11 0.266426056E+00 0.178852300E-11 0.754567534E-01 0.127503230E-11 0.258197674E+00 0.449432956E-11 0.772549891E-01 0.141401303E-11 0.270379688E+00 0.765330187E-11 -.762089644E-01 -.139839274E-11 -.109073569E-01 -.863000886E-12
   21.772 -.108374535E-01 -.552761347E-12 -.744368537E-01 -.120533094E-11 0.267382371E+00 0.651249941E-11 0.730226181E-01 0.129678927E-11 0.259673481E+00 0.447095215E-11 0.746404417E-01 0.120905828E-11 0.271026188E+00 0.268191002E-11 -.736836924E-01 -.134148207E-11 -.101187607E-01 0.115862324E-12
   22.628 -.100329630E-01 -.224312108E-12 -.718276070E-01 -.136244231E-11 0.268296275E+00 0.327679333E-11 0.705755172E-01 0.124403779E-11 0.261092985E+00 0.444980359E-11 0.720258830E-01 0.120323196E-11 0.271648383E+00 0.593129431E-11 -.711540568E-01 -.107779022E-11 -.936536247E-02 -.616237104E-13
   23.541 -.926536024E-02 0.237584637E-12 -.692206660E-01 -.985002700E-12 0.269168715E+00 0.483567885E-11 0.681162711E-01 0.118176732E-11 0.262456833E+00 0.440980508E-11 0.694117109E-01 0.111929677E-11 0.272246555E+00 0.424623250E-11 -.686204606E-01 -.132845530E-11 -.864664881E-02 -.552129603E-12
   24.518 -.853403070E-02 -.192833820E-12 -.666161363E-01 -.111553606E-11 0.270000664E+00 0.393168027E-11 0.656457701E-01 0.995262372E-12 0.263765623E+00 0.437676883E-11 0.667983245E-01 0.120326925E-11 0.272820925E+00 0.506952056E-11 -.660833015E-01 -.108865805E-11 -.796202514E-02 -.708334962E-13
   25.567 -.783828520E-02 -.566853432E-12 -.640141174E-01 -.104008205E-11 0.270793098E+00 0.509394792E-11 0.631649599E-01 0.108829762E-11 0.265019905E+00 0.432635127E-11 0.641861353E-01 0.984368060E-12 0.273371675E+00 0.376730525E-11 -.635429881E-01 -.104333958E-11 -.731083485E-02 0.314634289E-12
   26.697 -.717738692E-02 -.881229653E-12 -.614147346E-01 -.109234708E-11 0.271546972E+00 0.466777358E-11 0.606748411E-01 0.111984876E-11 0.266220167E+00 0.425965343E-11 0.615755874E-01 0.842556776E-12 0.273898950E+00 0.406066239E-11 -.609999608E-01 -.863698888E-12 -.669238190E-02 0.670954989E-12
   27.917 -.655057548E-02 -.570366375E-13 -.588181774E-01 -.606124389E-12 0.272263201E+00 0.433158026E-11 0.581764784E-01 0.565921158E-12 0.267366846E+00 0.420004862E-11 0.589671803E-01 0.126450781E-11 0.274402872E+00 0.423969446E-11 -.584547227E-01 -.123784677E-11 -.610595160E-02 -.146756592E-12
   29.240 -.595708966E-02 -.805107506E-12 -.562247425E-01 -.114508840E-11 0.272942650E+00 0.466462466E-11 0.556710225E-01 0.123785972E-11 0.268460312E+00 0.411979801E-11 0.563615028E-01 0.483022819E-12 0.274883542E+00 0.372469025E-11 -.559078770E-01 -.574003651E-12 -.555083045E-02 0.629924703E-12
   30.679 -.539619084E-02 0.683463893E-12 -.536348951E-01 -.636832417E-12 0.273586117E+00 0.325451372E-11 0.531597580E-01 0.609175635E-12 0.269500871E+00 0.399802275E-11 0.537592872E-01 0.980338185E-12 0.275341034E+00 0.489551353E-11 -.533601848E-01 -.952327987E-12 -.502632756E-02 -.820299209E-12
   32.251 -.486718325E-02 -.581031717E-12 -.510493490E-01 -.715898301E-12 0.274194322E+00 0.439880718E-11 0.506441742E-01 0.633407599E-12 0.270488754E+00 0.392549619E-11 0.511614841E-01 0.835525578E-12 0.275775394E+00 0.354846252E-11 -.508126444E-01 -.761517968E-12 -.453179374E-02 0.431251630E-12
   33.978 -.436943276E-02 -.204348841E-12 -.484691796E-01 -.696614516E-12 0.274767901E+00 0.374650835E-11 0.481260727E-01 0.983031688E-12 0.271424102E+00 0.374393814E-11 0.485693697E-01 0.351849620E-12 0.276186633E+00 0.386101859E-11 -.482666046E-01 -.636338952E-12 -.406663951E-02 0.997569492E-13
   35.882 -.390238802E-02 0.343111834E-12 -.458959835E-01 -.629862494E-12 0.275307394E+00 0.315770409E-11 0.456077384E-01 0.216643698E-12 0.272306952E+00 0.361843474E-11 0.459847053E-01 0.100232055E-11 0.276574710E+00 0.416335167E-11 -.457239361E-01 -.589841609E-12 -.363035650E-02 -.451747982E-12
   37.994 -.346560514E-02 -.127487712E-12 -.433320956E-01 -.391542612E-12 0.275813243E+00 0.353902673E-11 0.430922209E-01 0.908282641E-12 0.273137209E+00 0.341571683E-11 0.434099425E-01 0.164894662E-12 0.276939506E+00 0.335411152E-11 -.431873112E-01 -.689660738E-12 -.322254474E-02 0.558546333E-13
   40.351 -.305879547E-02 0.532440483E-13 -.407807606E-01 -.647225245E-12 0.276285818E+00 0.294146150E-11 0.405839788E-01 0.198532187E-12 0.273914606E+00 0.319867481E-11 0.408483151E-01 0.759309028E-12 0.277280756E+00 0.352221128E-11 -.406608023E-01 -.302293405E-12 -.284297087E-02 -.123129558E-12
   43.000 -.268199373E-02 -.228334275E-12 -.382450501E-01 -.277526271E-12 0.276725557E+00 0.301447117E-11 0.380920834E-01 0.562199039E-12 0.274638614E+00 0.293782002E-11 0.383017667E-01 0.253246845E-12 0.277597860E+00 0.291048930E-11 -.381522512E-01 -.540680584E-12 -.249175563E-02 0.182934062E-12
   45.999 -.233664554E-02 -.444578129E-12 -.357130086E-01 -.313221249E-12 0.277133228E+00 0.313642024E-11 0.356675773E-01 0.397200782E-12 0.275308077E+00 0.263001360E-11 0.357357827E-01 0.294985689E-12 0.277889755E+00 0.215153836E-11 -.356908751E-01 -.378966737E-12 -.217022380E-02 0.395312675E-12
   49.425 -.202353436E-02 -.266458959E-12 -.332295029E-01 -.309214486E-12 0.277509295E+00 -.150762733E-11 0.332178522E-01 0.285218256E-12 0.275928038E+00 0.227889411E-11 0.332367700E-01 0.341558068E-12 0.278163888E+00 0.604979629E-11 -.332250537E-01 -.314243371E-12 -.187914043E-02 0.295868581E-12
   53.378 -.173466140E-02 0.144840899E-12 -.307685395E-01 -.269886087E-12 0.277856113E+00 -.188019277E-11 0.307593214E-01 0.408405540E-12 0.276500277E+00 0.195475544E-11 0.307743097E-01 0.157588171E-12 0.278417099E+00 0.576779622E-11 -.307650388E-01 -.296842120E-12 -.161070015E-02 -.855445083E-13
   57.990 -.146947081E-02 0.353791096E-12 -.283209506E-01 -.255723359E-12 0.278174418E+00 -.190676275E-11 0.283137552E-01 0.192139236E-12 0.277025622E+00 0.165685088E-11 0.283254550E-01 0.317513268E-12 0.278649519E+00 0.519168598E-11 -.283182242E-01 -.253698640E-12 -.136431553E-02 -.291448380E-12
   63.445 -.122747076E-02 -.640761841E-12 -.258855985E-01 -.210841856E-12 0.278464816E+00 -.157594973E-11 0.258800988E-01 0.319837486E-12 0.277505030E+00 0.138488691E-11 0.258890411E-01 0.136394316E-12 0.278861582E+00 0.431758398E-11 -.258835188E-01 -.243880126E-12 -.113952242E-02 0.701237632E-12
   70.000 -.100822195E-02 0.125944968E-12 -.234613809E-01 -.195917742E-12 0.278727853E+00 -.116270638E-11 0.234572824E-01 0.213192696E-12 0.277939370E+00 0.113809759E-11 0.234639462E-01 0.192491010E-12 0.279053681E+00 0.341146024E-11 -.234598338E-01 -.207965613E-12 -.935900608E-03 -.669185518E-13
