    0.000 -.709882443E-18 0.770927049E-18 -.104011624E+00 -.274917483E-12 -.518608308E-18 -.926565927E-18 0.441049362E+00 0.111989618E-11 0.148909535E-17 -.102153494E-17 -.984418546E-05 -.648109319E-16 0.483049875E-19 0.192543367E-18 0.209502552E-04 0.631491672E-16 0.193311202E-18 -.203563160E-18
    0.144 0.154079784E-03 0.404058626E-15 -.104039748E+00 -.274974563E-12 0.172089589E-02 0.456372159E-14 0.441024468E+00 0.111930531E-11 0.203840933E-02 0.502511344E-14 0.187613038E-04 0.408959352E-15 0.486103127E-03 0.115809689E-14 -.136864411E-03 -.338352894E-15 0.163748673E-03 0.420169627E-15
    0.289 0.422776037E-03 0.110889264E-14 -.104123680E+00 -.275200253E-12 0.342199034E-02 0.906818169E-14 0.440942248E+00 0.111890328E-11 0.409481662E-02 0.101083130E-13 0.103248313E-03 0.624446871E-15 0.908388791E-03 0.214597804E-14 -.620101180E-03 -.152908959E-14 0.398159010E-03 0.103292868E-14
    0.433 0.762670103E-03 0.200246380E-14 -.104264002E+00 -.275607269E-12 0.510252211E-02 0.135235409E-13 0.440801576E+00 0.111907331E-11 0.618216101E-02 0.152841907E-13 0.247206977E-03 0.488753738E-15 0.131405468E-02 0.308438981E-14 -.143530064E-02 -.351631739E-14 0.680114088E-03 0.176676778E-14
    0.578 0.115410878E-02 0.303807025E-14 -.104461954E+00 -.276110551E-12 0.677711665E-02 0.179682398E-13 0.440600791E+00 0.111948787E-11 0.831180113E-02 0.205716429E-13 0.450616113E-03 0.572454931E-15 0.171497387E-02 0.398628676E-14 -.258218138E-02 -.632820241E-14 0.999902769E-03 0.261424810E-14
    0.723 0.158816848E-02 0.419136513E-14 -.104719344E+00 -.276799168E-12 0.845309839E-02 0.224082344E-13 0.440336884E+00 0.112096599E-11 0.104944225E-01 0.260074055E-13 0.714243787E-03 -.358622410E-15 0.212167742E-02 0.489734089E-14 -.406086465E-02 -.995316174E-14 0.135271844E-02 0.355318960E-14
    0.868 0.205964679E-02 0.545575699E-14 -.105038537E+00 -.277637612E-12 0.101364815E-01 0.268846980E-13 0.440005511E+00 0.112172090E-11 0.127402664E-01 0.316523909E-13 0.103945539E-02 0.201424100E-15 0.254313462E-02 0.582275528E-14 -.587158211E-02 -.144416169E-13 0.173568723E-02 0.457236571E-14
    1.014 0.256486852E-02 0.681994158E-14 -.105422463E+00 -.278592800E-12 0.118330662E-01 0.313735866E-13 0.439601095E+00 0.112096505E-11 0.150591754E-01 0.374948862E-13 0.142816645E-02 0.104924583E-14 0.298715885E-02 0.679531715E-14 -.801427898E-02 -.197628316E-13 0.214676951E-02 0.567894772E-14
    1.160 0.310098383E-02 0.828669543E-14 -.105874630E+00 -.279694081E-12 0.135487557E-01 0.358997896E-13 0.439116852E+00 0.112051709E-11 0.174605649E-01 0.435691244E-13 0.188284346E-02 0.251663443E-14 0.346084318E-02 0.783185211E-14 -.104882289E-01 -.259478121E-13 0.258439734E-02 0.687191905E-14
    1.306 0.366558603E-02 0.981959961E-14 -.106399129E+00 -.280962417E-12 0.152896879E-01 0.405112041E-13 0.438544804E+00 0.112019780E-11 0.199533385E-01 0.499021141E-13 0.240652747E-02 0.351075776E-14 0.397080488E-02 0.894065730E-14 -.132917001E-01 -.330208333E-13 0.304723199E-02 0.814005114E-14
    1.453 0.425645819E-02 0.114301364E-13 -.107000624E+00 -.282396192E-12 0.170623371E-01 0.452126974E-13 0.437875785E+00 0.111813971E-11 0.225457554E-01 0.564799306E-13 0.300286770E-02 0.538383190E-14 0.452335547E-02 0.101698573E-13 -.164215695E-01 -.410039940E-13 0.353399772E-02 0.944756542E-14
    1.601 0.487138184E-02 0.130924242E-13 -.107684340E+00 -.283970993E-12 0.188735944E-01 0.499838817E-13 0.437099470E+00 0.111468349E-11 0.252452527E-01 0.633336359E-13 0.367615971E-02 0.829591133E-14 0.512461088E-02 0.115407989E-13 -.198729335E-01 -.497880086E-13 0.404332826E-02 0.108463328E-13
    1.750 0.550798451E-02 0.148246423E-13 -.108456012E+00 -.285775117E-12 0.207308531E-01 0.548686107E-13 0.436204405E+00 0.111198395E-11 0.280582352E-01 0.705187026E-13 0.443138256E-02 0.104060645E-13 0.578059858E-02 0.130475199E-13 -.236387028E-01 -.593816298E-13 0.457364324E-02 0.122752475E-13
    1.899 0.616361793E-02 0.166211798E-13 -.109321806E+00 -.287809618E-12 0.226421009E-01 0.598869267E-13 0.435178054E+00 0.110921175E-11 0.309898417E-01 0.780646053E-13 0.527422574E-02 0.129932950E-13 0.649736207E-02 0.146816329E-13 -.277092557E-01 -.697859247E-13 0.512303807E-02 0.137813260E-13
    2.049 0.683524226E-02 0.184521793E-13 -.110288208E+00 -.290149913E-12 0.246160283E-01 0.650418086E-13 0.434006860E+00 0.110680302E-11 0.340437078E-01 0.859404055E-13 0.621111651E-02 0.152484306E-13 0.728107605E-02 0.164755601E-13 -.320721569E-01 -.809228266E-13 0.568916901E-02 0.153492579E-13
    2.199 0.751930315E-02 0.203282706E-13 -.111361862E+00 -.292734908E-12 0.266621397E-01 0.703825045E-13 0.432676322E+00 0.110375474E-11 0.372217415E-01 0.941619163E-13 0.724923602E-02 0.169812074E-13 0.813814435E-02 0.184761762E-13 -.367120030E-01 -.927604212E-13 0.626911664E-02 0.169347202E-13
    2.351 0.821159525E-02 0.222010832E-13 -.112549360E+00 -.295630716E-12 0.287908811E-01 0.759614399E-13 0.431171081E+00 0.110044507E-11 0.405239299E-01 0.102728285E-12 0.839653257E-02 0.200170535E-13 0.907531546E-02 0.206518415E-13 -.416104099E-01 -.105308966E-12 0.685922223E-02 0.185455701E-13
    2.504 0.890710783E-02 0.241034448E-13 -.113856980E+00 -.298780507E-12 0.310137853E-01 0.817841063E-13 0.429474993E+00 0.109618357E-11 0.439482116E-01 0.111631720E-12 0.966174493E-02 0.230420081E-13 0.100998363E-01 0.230788611E-13 -.467461833E-01 -.118505218E-12 0.745490735E-02 0.201389627E-13
    2.658 0.959984478E-02 0.259081265E-13 -.115290392E+00 -.302236437E-12 0.333436342E-01 0.879360604E-13 0.427571182E+00 0.109013476E-11 0.474904228E-01 0.120833681E-12 0.110544341E-01 0.280614883E-13 0.112196461E-01 0.257532896E-13 -.520956666E-01 -.132294202E-12 0.805045914E-02 0.217287816E-13
    2.813 0.102826029E-01 0.277393803E-13 -.116854312E+00 -.306014143E-12 0.357946389E-01 0.943367037E-13 0.425442064E+00 0.108358941E-11 0.511443345E-01 0.130359322E-12 0.125850384E-01 0.326989394E-13 0.124436074E-01 0.286910630E-13 -.576332709E-01 -.146586743E-12 0.863877261E-02 0.232976892E-13
    2.970 0.109466991E-01 0.294831920E-13 -.118552168E+00 -.310059722E-12 0.383826437E-01 0.101131034E-12 0.423069286E+00 0.107566482E-11 0.549017921E-01 0.140207199E-12 0.142649831E-01 0.384719995E-13 0.137818113E-01 0.318727785E-13 -.633321469E-01 -.161293008E-12 0.921104806E-02 0.248618667E-13
    3.127 0.115816326E-01 0.312303978E-13 -.120385751E+00 -.314464006E-12 0.411253614E-01 0.108214058E-12 0.420433593E+00 0.106888119E-11 0.587529382E-01 0.150390607E-12 0.161068465E-01 0.435460005E-13 0.152459585E-01 0.353392852E-13 -.691649326E-01 -.176300049E-12 0.975642827E-02 0.263931886E-13
    3.287 0.121746793E-01 0.329281316E-13 -.122354894E+00 -.319226675E-12 0.440426273E-01 0.115734571E-12 0.417514588E+00 0.106154499E-11 0.626865017E-01 0.160823599E-12 0.181245923E-01 0.491853187E-13 0.168498314E-01 0.391205533E-13 -.751045089E-01 -.191562888E-12 0.102615703E-01 0.278030279E-13
    3.447 0.127103981E-01 0.343567308E-13 -.124457191E+00 -.324332976E-12 0.471566726E-01 0.123855293E-12 0.414290378E+00 0.105442375E-11 0.666901251E-01 0.171506962E-12 0.203338852E-01 0.537865026E-13 0.186098648E-01 0.432700173E-13 -.811246750E-01 -.207033568E-12 0.107101464E-01 0.291278514E-13
    3.610 0.131700443E-01 0.356480330E-13 -.126687744E+00 -.329779161E-12 0.504924158E-01 0.132509366E-12 0.410737109E+00 0.104574765E-11 0.707506671E-01 0.182354262E-12 0.227524821E-01 0.593306140E-13 0.205458453E-01 0.478673071E-13 -.872006230E-01 -.222574278E-12 0.110822501E-01 0.301799142E-13
    3.774 0.135308938E-01 0.366802534E-13 -.129038942E+00 -.335432532E-12 0.540777576E-01 0.141742118E-12 0.406828376E+00 0.103617344E-11 0.748544680E-01 0.193240169E-12 0.254006931E-01 0.654051890E-13 0.226817391E-01 0.529144606E-13 -.933091503E-01 -.238194750E-12 0.113537102E-01 0.310035888E-13
    3.939 0.137654704E-01 0.374121256E-13 -.131500267E+00 -.341361729E-12 0.579438430E-01 0.151603840E-12 0.402534520E+00 0.102488068E-11 0.789875341E-01 0.204167850E-12 0.283019185E-01 0.727493597E-13 0.250466526E-01 0.585502365E-13 -.994285471E-01 -.253848191E-12 0.114953253E-01 0.315310865E-13
    4.107 0.138407026E-01 0.377398835E-13 -.134058135E+00 -.347583351E-12 0.621252670E-01 0.162282467E-12 0.397821791E+00 0.101327311E-11 0.831356325E-01 0.215090276E-12 0.314832666E-01 0.800763794E-13 0.276759320E-01 0.647876264E-13 -.105538149E+00 -.269396565E-12 0.114720240E-01 0.316507625E-13
    4.277 0.137170508E-01 0.374812924E-13 -.136695728E+00 -.353920929E-12 0.666601412E-01 0.174004451E-12 0.392651414E+00 0.100014913E-11 0.872843266E-01 0.225935284E-12 0.349762086E-01 0.889977565E-13 0.306123451E-01 0.718594828E-13 -.111617545E+00 -.284852202E-12 0.112420202E-01 0.311928314E-13
    4.449 0.133477038E-01 0.365531976E-13 -.139392861E+00 -.360479281E-12 0.715898965E-01 0.186668241E-12 0.386978626E+00 0.985495944E-12 0.914189481E-01 0.236635638E-12 0.388172390E-01 0.983201579E-13 0.339072748E-01 0.800396493E-13 -.117645478E+00 -.300174350E-12 0.107560623E-01 0.299309669E-13
    4.623 0.126780510E-01 0.348155089E-13 -.142125872E+00 -.367168740E-12 0.769586131E-01 0.200448025E-12 0.380751871E+00 0.968900870E-12 0.955245408E-01 0.247171407E-12 0.430483458E-01 0.109793090E-12 0.376217046E-01 0.892655553E-13 -.123598401E+00 -.315207265E-12 0.995701228E-02 0.279629795E-13
    4.799 0.116457704E-01 0.321225922E-13 -.144867508E+00 -.373772295E-12 0.828114720E-01 0.215528420E-12 0.373912561E+00 0.949534329E-12 0.995857468E-01 0.257390480E-12 0.477169333E-01 0.123641618E-12 0.418266454E-01 0.997460326E-13 -.129448634E+00 -.329979495E-12 0.878012713E-02 0.249065251E-13
    4.978 0.101821179E-01 0.283319820E-13 -.147586870E+00 -.380394651E-12 0.891918676E-01 0.231753208E-12 0.366396066E+00 0.928870769E-12 0.103586643E+00 0.267420676E-12 0.528745954E-01 0.137255460E-12 0.466023960E-01 0.111727397E-12 -.135162120E+00 -.344268738E-12 0.715464749E-02 0.207684010E-13
    5.159 0.821532766E-02 0.232932093E-13 -.150249412E+00 -.386850302E-12 0.961362726E-01 0.249408207E-12 0.358135121E+00 0.908028488E-12 0.107510587E+00 0.277240345E-12 0.585736020E-01 0.151382013E-12 0.520355718E-01 0.125351211E-12 -.140695847E+00 -.357936854E-12 0.500773730E-02 0.153114634E-13
    5.343 0.567729881E-02 0.166592653E-13 -.152817145E+00 -.392997868E-12 0.103666106E+00 0.268458544E-12 0.349067092E+00 0.884416117E-12 0.111340184E+00 0.286690559E-12 0.648597741E-01 0.167433271E-12 0.582126292E-01 0.141109355E-12 -.145995319E+00 -.371013617E-12 0.227191309E-02 0.821448269E-14
    5.530 0.251488560E-02 0.855675758E-14 -.155249239E+00 -.399011204E-12 0.111775679E+00 0.289046768E-12 0.339146993E+00 0.859030381E-12 0.115057681E+00 0.295866887E-12 0.717599437E-01 0.184262961E-12 0.652081504E-01 0.158715287E-12 -.150992898E+00 -.383098072E-12 -.110254253E-02 -.489547165E-15
    5.720 -.129375865E-02 -.120000126E-14 -.157503280E+00 -.404531053E-12 0.120416692E+00 0.310643563E-12 0.328367051E+00 0.831190626E-12 0.118646162E+00 0.304630298E-12 0.792633147E-01 0.202629930E-12 0.730671169E-01 0.178736940E-12 -.155608336E+00 -.394156041E-12 -.512992377E-02 -.108057066E-13
    5.913 -.571970603E-02 -.124996934E-13 -.159537503E+00 -.409548803E-12 0.129482296E+00 0.333444180E-12 0.316780672E+00 0.802007126E-12 0.122091878E+00 0.312961597E-12 0.872989819E-01 0.221275771E-12 0.817827705E-01 0.200648959E-12 -.159753099E+00 -.404009974E-12 -.976855012E-02 -.225187970E-13
    6.110 -.106667667E-01 -.251596263E-13 -.161314018E+00 -.414133317E-12 0.138797604E+00 0.356872250E-12 0.304523247E+00 0.772567380E-12 0.125387645E+00 0.320926809E-12 0.957172316E-01 0.240257810E-12 0.912761552E-01 0.224545225E-12 -.163339493E+00 -.412221626E-12 -.149041261E-01 -.356166026E-13
    6.310 -.159679701E-01 -.387923668E-13 -.162802688E+00 -.417896352E-12 0.148126557E+00 0.380280956E-12 0.291816822E+00 0.741289988E-12 0.128536507E+00 0.328483827E-12 0.104287664E+00 0.260780176E-12 0.101388103E+00 0.250171217E-12 -.166293788E+00 -.418929783E-12 -.203479629E-01 -.495125043E-13
    6.514 -.214025024E-01 -.526989683E-13 -.163984640E+00 -.421048247E-12 0.157200228E+00 0.403110472E-12 0.278948799E+00 0.709310616E-12 0.131554109E+00 0.335602254E-12 0.112723649E+00 0.281356616E-12 0.111892350E+00 0.276630538E-12 -.168569826E+00 -.423838117E-12 -.258575040E-01 -.635588026E-13
    6.721 -.267311176E-01 -.663868974E-13 -.164854178E+00 -.423422650E-12 0.165761063E+00 0.424569831E-12 0.266227079E+00 0.677390183E-12 0.134468185E+00 0.342567961E-12 0.120729865E+00 0.300967348E-12 0.122529341E+00 0.303589084E-12 -.170158007E+00 -.427035940E-12 -.311763600E-01 -.772360221E-13
    6.933 -.317362832E-01 -.792676846E-13 -.165418316E+00 -.424763223E-12 0.173605849E+00 0.443830760E-12 0.253929601E+00 0.645399720E-12 0.137314806E+00 0.349249100E-12 0.128053754E+00 0.320178319E-12 0.133047487E+00 0.330785854E-12 -.171086028E+00 -.428766166E-12 -.360781047E-01 -.899258825E-13
    7.149 -.362515014E-01 -.907344737E-13 -.165694123E+00 -.425658902E-12 0.180611065E+00 0.460728153E-12 0.242268322E+00 0.616632153E-12 0.140132658E+00 0.355830575E-12 0.134519993E+00 0.335454852E-12 0.143235884E+00 0.357093144E-12 -.171411642E+00 -.428967462E-12 -.403969242E-01 -.101015257E-12
    7.369 -.401725925E-01 -.100904371E-12 -.165704918E+00 -.425421248E-12 0.186735555E+00 0.475960285E-12 0.231376562E+00 0.587181304E-12 0.142957429E+00 0.362629280E-12 0.140039397E+00 0.350694354E-12 0.152940087E+00 0.381764352E-12 -.171211051E+00 -.427987669E-12 -.440378174E-01 -.110271809E-12
    7.594 -.434536262E-01 -.109250849E-12 -.165476498E+00 -.424905696E-12 0.192006402E+00 0.488872398E-12 0.221315626E+00 0.561419399E-12 0.145817902E+00 0.369305788E-12 0.144597533E+00 0.362196160E-12 0.162062442E+00 0.405070366E-12 -.170567187E+00 -.425795131E-12 -.469699245E-01 -.117932323E-12
    7.824 -.460945281E-01 -.116016529E-12 -.165034203E+00 -.423913055E-12 0.196497735E+00 0.500608234E-12 0.212091305E+00 0.539011830E-12 0.148734259E+00 0.376396529E-12 0.148233858E+00 0.370079743E-12 0.170553260E+00 0.425814216E-12 -.169560660E+00 -.422572847E-12 -.492112156E-01 -.123723080E-12
    8.060 -.481268355E-01 -.121329245E-12 -.164401067E+00 -.422297064E-12 0.200310112E+00 0.510483507E-12 0.203671921E+00 0.517601155E-12 0.151718159E+00 0.383625527E-12 0.151020481E+00 0.377060308E-12 0.178399103E+00 0.445056335E-12 -.168264149E+00 -.418574728E-12 -.508117272E-01 -.127891449E-12
    8.301 -.496010551E-01 -.125063868E-12 -.163596944E+00 -.420332976E-12 0.203554063E+00 0.518047400E-12 0.196003717E+00 0.496497263E-12 0.154773933E+00 0.390940739E-12 0.153045002E+00 0.383506635E-12 0.185611661E+00 0.463198146E-12 -.166739782E+00 -.414141118E-12 -.518391420E-01 -.130380653E-12
    8.547 -.505770332E-01 -.127580100E-12 -.162638343E+00 -.417497022E-12 0.206338767E+00 0.524787582E-12 0.189022120E+00 0.476468292E-12 0.157900204E+00 0.398576478E-12 0.154398681E+00 0.388543981E-12 0.192218803E+00 0.479498430E-12 -.165038639E+00 -.409425667E-12 -.523681273E-01 -.131712662E-12
    8.800 -.511172193E-01 -.128896334E-12 -.161538674E+00 -.414565148E-12 0.208765067E+00 0.531593516E-12 0.182659258E+00 0.459431802E-12 0.161091517E+00 0.406143432E-12 0.155169158E+00 0.390697039E-12 0.198257933E+00 0.493214435E-12 -.163201436E+00 -.404305701E-12 -.524731514E-01 -.132025584E-12
    9.060 -.512823491E-01 -.129340300E-12 -.160308696E+00 -.410969926E-12 0.210921837E+00 0.537608607E-12 0.176848549E+00 0.443931507E-12 0.164339757E+00 0.414006342E-12 0.155436605E+00 0.391452092E-12 0.203771305E+00 0.505592533E-12 -.161259817E+00 -.399146142E-12 -.522241506E-01 -.131388824E-12
    9.326 -.511289084E-01 -.129059790E-12 -.158957035E+00 -.407123788E-12 0.212884566E+00 0.542731557E-12 0.171527210E+00 0.429679519E-12 0.167635267E+00 0.421803199E-12 0.155272123E+00 0.390936066E-12 0.208802884E+00 0.517018180E-12 -.159237821E+00 -.393504158E-12 -.516842008E-01 -.129936478E-12
    9.599 -.507078318E-01 -.127887784E-12 -.157490672E+00 -.402931615E-12 0.214715399E+00 0.546430511E-12 0.166637432E+00 0.418012978E-12 0.170967688E+00 0.429651684E-12 0.154737513E+00 0.387966067E-12 0.213396283E+00 0.528111993E-12 -.157153302E+00 -.388041438E-12 -.509085749E-01 -.127893734E-12
    9.881 -.500640357E-01 -.126170474E-12 -.155915383E+00 -.398237391E-12 0.216464000E+00 0.549146143E-12 0.162126732E+00 0.406987739E-12 0.174326542E+00 0.437570585E-12 0.153885804E+00 0.384476388E-12 0.217593468E+00 0.538917971E-12 -.155019202E+00 -.382172407E-12 -.499446619E-01 -.125438876E-12
   10.170 -.492364688E-01 -.123880591E-12 -.154236089E+00 -.393455892E-12 0.218168844E+00 0.552426259E-12 0.157947820E+00 0.397511810E-12 0.177701623E+00 0.445355588E-12 0.152762135E+00 0.379565083E-12 0.221434010E+00 0.547829213E-12 -.152844624E+00 -.376276192E-12 -.488324074E-01 -.122523616E-12
   10.468 -.482584686E-01 -.121595622E-12 -.152457148E+00 -.388108056E-12 0.219858673E+00 0.555475024E-12 0.154058245E+00 0.388010644E-12 0.181083239E+00 0.453161904E-12 0.151404750E+00 0.374759121E-12 0.224954662E+00 0.556033513E-12 -.150635727E+00 -.370338362E-12 -.476050109E-01 -.118944961E-12
   10.775 -.471582846E-01 -.118227836E-12 -.150582581E+00 -.382117628E-12 0.221553971E+00 0.557992671E-12 0.150419936E+00 0.379312832E-12 0.184462352E+00 0.460793564E-12 0.149845971E+00 0.369223911E-12 0.228189190E+00 0.563813879E-12 -.148396456E+00 -.364791883E-12 -.462897519E-01 -.115843941E-12
   11.092 -.459596647E-01 -.115084279E-12 -.148616227E+00 -.375982759E-12 0.223268349E+00 0.560486590E-12 0.146998742E+00 0.368756697E-12 0.187830649E+00 0.468320095E-12 0.148113085E+00 0.365617253E-12 0.231168343E+00 0.570846749E-12 -.146129116E+00 -.358785761E-12 -.449088172E-01 -.112152156E-12
   11.419 -.446824807E-01 -.111610976E-12 -.146561871E+00 -.369080885E-12 0.225009830E+00 0.562782109E-12 0.143763970E+00 0.358013475E-12 0.191180557E+00 0.475668044E-12 0.146229138E+00 0.362141868E-12 0.233919941E+00 0.577205838E-12 -.143834823E+00 -.353490187E-12 -.434801255E-01 -.108279549E-12
   11.757 -.433433039E-01 -.107951771E-12 -.144423312E+00 -.362056954E-12 0.226781972E+00 0.564324980E-12 0.140688002E+00 0.347749096E-12 0.194505236E+00 0.482800085E-12 0.144213600E+00 0.358165005E-12 0.236469008E+00 0.583773256E-12 -.141513866E+00 -.347727358E-12 -.420180517E-01 -.104379792E-12
   12.107 -.419559566E-01 -.104338119E-12 -.142204416E+00 -.354961066E-12 0.228584857E+00 0.566368880E-12 0.137745946E+00 0.341403674E-12 0.197798549E+00 0.489837424E-12 0.142082935E+00 0.350348203E-12 0.238837956E+00 0.589315486E-12 -.139165979E+00 -.341696472E-12 -.405340902E-01 -.100410809E-12
   12.470 -.405319887E-01 -.100314835E-12 -.139909130E+00 -.347250604E-12 0.230415931E+00 0.568477992E-12 0.134915361E+00 0.333649165E-12 0.201055022E+00 0.496540245E-12 0.139851069E+00 0.343857624E-12 0.241046770E+00 0.594063613E-12 -.136790553E+00 -.336197958E-12 -.390374232E-01 -.965911011E-13
   12.845 -.390811145E-01 -.964517990E-13 -.137541483E+00 -.339555969E-12 0.232270723E+00 0.570476897E-12 0.132176000E+00 0.325907100E-12 0.204269800E+00 0.503059467E-12 0.137529796E+00 0.337230918E-12 0.243113220E+00 0.598381642E-12 -.134386794E+00 -.329932108E-12 -.375354121E-01 -.925588716E-13
   13.235 -.376115753E-01 -.922834494E-13 -.135105569E+00 -.330909397E-12 0.234143431E+00 0.572219417E-12 0.129509615E+00 0.317631105E-12 0.207438603E+00 0.509312118E-12 0.135129111E+00 0.331226361E-12 0.245053055E+00 0.602243143E-12 -.131953843E+00 -.324670015E-12 -.360340017E-01 -.886553952E-13
   13.640 -.361304374E-01 -.884379352E-13 -.132605522E+00 -.322637683E-12 0.236027414E+00 0.573610322E-12 0.126899799E+00 0.308555535E-12 0.210557677E+00 0.515203160E-12 0.132657478E+00 0.325729306E-12 0.246880188E+00 0.606028841E-12 -.129490861E+00 -.318617574E-12 -.345380508E-01 -.845240380E-13
   14.061 -.346438485E-01 -.845415525E-13 -.130045474E+00 -.313479157E-12 0.237915592E+00 0.575623559E-12 0.124331838E+00 0.298489195E-12 0.213623751E+00 0.520917056E-12 0.130122072E+00 0.320999608E-12 0.248606877E+00 0.608751968E-12 -.126997091E+00 -.313124480E-12 -.330516052E-01 -.806428837E-13
   14.500 -.331572372E-01 -.806322711E-13 -.127429515E+00 -.304573397E-12 0.239800765E+00 0.576715038E-12 0.121792603E+00 0.289430386E-12 0.216633991E+00 0.526206648E-12 0.127528987E+00 0.315506515E-12 0.250243881E+00 0.611730257E-12 -.124471895E+00 -.307292257E-12 -.315781131E-01 -.767662551E-13
   14.957 -.316754671E-01 -.765798443E-13 -.124761652E+00 -.295368479E-12 0.241675862E+00 0.576079753E-12 0.119270445E+00 0.281741338E-12 0.219585960E+00 0.531173961E-12 0.124883399E+00 0.307887216E-12 0.251800600E+00 0.615726724E-12 -.121914780E+00 -.301156002E-12 -.301205869E-01 -.730003551E-13
   15.435 -.302029539E-01 -.726617689E-13 -.122045763E+00 -.286507854E-12 0.243534129E+00 0.575588953E-12 0.116755100E+00 0.276244809E-12 0.222477573E+00 0.535748031E-12 0.122189715E+00 0.298275030E-12 0.253285225E+00 0.618641330E-12 -.119325408E+00 -.294568553E-12 -.286817224E-01 -.689669074E-13
   15.934 -.287437502E-01 -.684834173E-13 -.119285558E+00 -.277976055E-12 0.245369271E+00 0.572977310E-12 0.114237611E+00 0.271115677E-12 0.225307060E+00 0.539870741E-12 0.119451702E+00 0.288219157E-12 0.254704843E+00 0.623155769E-12 -.116703597E+00 -.287313671E-12 -.272639888E-01 -.653158778E-13
   16.457 -.273016030E-01 -.644603594E-13 -.116484541E+00 -.269700320E-12 0.247175544E+00 0.570523581E-12 0.111710248E+00 0.266435383E-12 0.228072928E+00 0.543653877E-12 0.116672592E+00 0.276839419E-12 0.256065553E+00 0.626685381E-12 -.114049318E+00 -.279547793E-12 -.258696855E-01 -.617181156E-13
   17.005 -.258799888E-01 -.607722315E-13 -.113645984E+00 -.261483089E-12 0.248947820E+00 0.566446386E-12 0.109166423E+00 0.260952578E-12 0.230773924E+00 0.546858497E-12 0.113855175E+00 0.267119940E-12 0.257372565E+00 0.630991184E-12 -.111362683E+00 -.271506451E-12 -.245009757E-01 -.579422823E-13
   17.581 -.244821303E-01 -.569407851E-13 -.110772897E+00 -.252824374E-12 0.250681616E+00 0.563327866E-12 0.106600623E+00 0.252730583E-12 0.233409000E+00 0.549625475E-12 0.111001881E+00 0.258599129E-12 0.258630289E+00 0.633585500E-12 -.108643926E+00 -.263582866E-12 -.231599028E-01 -.543533891E-13
   18.187 -.231110051E-01 -.534525424E-13 -.107868022E+00 -.243990569E-12 0.252373100E+00 0.560740844E-12 0.104008326E+00 0.244392598E-12 0.235977277E+00 0.551788198E-12 0.108114845E+00 0.251098734E-12 0.259842420E+00 0.634434747E-12 -.105893398E+00 -.255630944E-12 -.218483948E-01 -.509272923E-13
   18.825 -.217693407E-01 -.497258806E-13 -.104933819E+00 -.235459957E-12 0.254019078E+00 0.557398513E-12 0.101385923E+00 0.235454591E-12 0.238478014E+00 0.553340313E-12 0.105195962E+00 0.242909071E-12 0.261012014E+00 0.635245896E-12 -.103111540E+00 -.247049797E-12 -.205682552E-01 -.475567517E-13
   19.499 -.204596131E-01 -.467598222E-13 -.101972470E+00 -.226576760E-12 0.255616962E+00 0.556639268E-12 0.987306396E-01 0.224143835E-12 0.240910573E+00 0.554139003E-12 0.102246939E+00 0.237468477E-12 0.262141559E+00 0.631773608E-12 -.100298875E+00 -.238547770E-12 -.193211572E-01 -.439131835E-13
   20.213 -.191840373E-01 -.431401748E-13 -.989858873E-01 -.217354589E-12 0.257164732E+00 0.549675548E-12 0.960404565E-01 0.215335594E-12 0.243274400E+00 0.554170927E-12 0.992693344E-01 0.228825323E-12 0.263233041E+00 0.633439402E-12 -.974559909E-01 -.229990073E-12 -.181086266E-01 -.407458248E-13
   20.969 -.179445665E-01 -.395517365E-13 -.959757328E-01 -.208228694E-12 0.258660876E+00 0.539120585E-12 0.933140303E-01 0.211664278E-12 0.245568989E+00 0.553369755E-12 0.962645928E-01 0.214962089E-12 0.264288008E+00 0.637015543E-12 -.945835293E-01 -.220994330E-12 -.169320346E-01 -.379928807E-13
   21.772 -.167428850E-01 -.363036069E-13 -.929434397E-01 -.199154868E-12 0.260104337E+00 0.531659048E-12 0.905506099E-01 0.206357904E-12 0.247793864E+00 0.551652597E-12 0.932340714E-01 0.202340553E-12 0.265307632E+00 0.635922493E-12 -.916821781E-01 -.211663000E-12 -.157925814E-01 -.347512213E-13
   22.628 -.155804129E-01 -.331543274E-13 -.898902422E-01 -.189108573E-12 0.261494455E+00 0.525738416E-12 0.877499616E-01 0.197622514E-12 0.249948560E+00 0.549015312E-12 0.901790636E-01 0.193003031E-12 0.266292761E+00 0.631569332E-12 -.887526652E-01 -.203093227E-12 -.146912919E-01 -.318342962E-13
   23.541 -.144583173E-01 -.302627462E-13 -.868172114E-01 -.178018170E-12 0.262830892E+00 0.519268883E-12 0.849122992E-01 0.185559581E-12 0.252032605E+00 0.545443715E-12 0.871008239E-01 0.186542859E-12 0.267243974E+00 0.626225726E-12 -.857957593E-01 -.195373835E-12 -.136290167E-01 -.290375179E-13
   24.518 -.133775261E-01 -.276150530E-13 -.837252935E-01 -.166951790E-12 0.264113579E+00 0.517032168E-12 0.820382176E-01 0.172670937E-12 0.254045505E+00 0.540853889E-12 0.840005866E-01 0.180700659E-12 0.268161624E+00 0.614676429E-12 -.828122737E-01 -.187469249E-12 -.126064364E-01 -.263373170E-13
   25.567 -.123387473E-01 -.253878691E-13 -.806153543E-01 -.156864454E-12 0.265342652E+00 0.511858578E-12 0.791286358E-01 0.160967625E-12 0.255986736E+00 0.535126886E-12 0.808795855E-01 0.173348697E-12 0.269045882E+00 0.603773703E-12 -.798030774E-01 -.178380449E-12 -.116240699E-01 -.232952176E-13
   26.697 -.113424977E-01 -.227674383E-13 -.774882281E-01 -.146437286E-12 0.266518394E+00 0.501359938E-12 0.761847565E-01 0.150373879E-12 0.257855732E+00 0.528296812E-12 0.777390819E-01 0.164800848E-12 0.269896770E+00 0.596182279E-12 -.767691135E-01 -.169549109E-12 -.106822940E-01 -.209957864E-13
   27.917 -.103891323E-01 -.201892671E-13 -.743447743E-01 -.136450668E-12 0.267641184E+00 0.482063773E-12 0.732080384E-01 0.142381155E-12 0.259651879E+00 0.520230586E-12 0.745803944E-01 0.153487496E-12 0.270714195E+00 0.595048139E-12 -.737114295E-01 -.160104419E-12 -.978136308E-02 -.189097887E-13
   29.240 -.947887739E-02 -.173923878E-13 -.711859401E-01 -.125757530E-12 0.268711449E+00 0.455964426E-12 0.702001878E-01 0.136340171E-12 0.261374506E+00 0.510653725E-12 0.714049400E-01 0.140038878E-12 0.271497965E+00 0.597732079E-12 -.706312173E-01 -.151206570E-12 -.892143402E-02 -.171531461E-13
   30.679 -.861186815E-02 -.150377610E-13 -.680128430E-01 -.116350532E-12 0.269729625E+00 0.435505149E-12 0.671631829E-01 0.134220277E-12 0.263022872E+00 0.499127561E-12 0.682142980E-01 0.122370230E-12 0.272247810E+00 0.591054507E-12 -.675298773E-01 -.140767835E-12 -.810259657E-02 -.151867221E-13
   32.251 -.778818594E-02 -.132520674E-13 -.648268753E-01 -.109421033E-12 0.270696120E+00 0.422083207E-12 0.640993312E-01 0.129474475E-12 0.264596161E+00 0.485053385E-12 0.650102970E-01 0.106983457E-12 0.272963385E+00 0.572726119E-12 -.644091092E-01 -.127430328E-12 -.732490456E-02 -.129439744E-13
   33.978 -.700789554E-02 -.118503397E-13 -.616298440E-01 -.101513702E-12 0.271611282E+00 0.414718773E-12 0.610113760E-01 0.115729530E-12 0.266093452E+00 0.468063437E-12 0.617951409E-01 0.100207440E-12 0.273644271E+00 0.542889741E-12 -.612710457E-01 -.114653403E-12 -.658840886E-02 -.105302639E-13
   35.882 -.627108785E-02 -.102552545E-13 -.584241625E-01 -.921345397E-13 0.272475373E+00 0.401444108E-12 0.579026869E-01 0.103075271E-12 0.267513703E+00 0.448245971E-12 0.585715927E-01 0.920197126E-13 0.274289958E+00 0.513309757E-12 -.581184562E-01 -.103128248E-12 -.589319823E-02 -.886180034E-14
   37.994 -.557793060E-02 -.824470842E-14 -.552130889E-01 -.826961471E-13 0.273288568E+00 0.365391645E-12 0.547776104E-01 0.971688429E-13 0.268855706E+00 0.424998071E-12 0.553431960E-01 0.768732706E-13 0.274899801E+00 0.499864348E-12 -.549550935E-01 -.914105744E-13 -.523945476E-02 -.770027330E-14
   40.351 -.492876340E-02 -.606681014E-14 -.520007802E-01 -.687671907E-13 0.274050999E+00 0.317979314E-12 0.516424123E-01 0.861438081E-13 0.270118031E+00 0.397587655E-12 0.521142251E-01 0.666815659E-13 0.275472884E+00 0.489842747E-12 -.517865104E-01 -.839269104E-13 -.462757014E-02 -.659598036E-14
   43.000 -.432444526E-02 -.522851229E-14 -.487898468E-01 -.605253805E-13 0.274762984E+00 0.286102375E-12 0.485107112E-01 0.708654080E-13 0.271298872E+00 0.366500230E-12 0.488857146E-01 0.608361279E-13 0.276007658E+00 0.456443328E-12 -.486237489E-01 -.710778750E-13 -.405850164E-02 -.514230093E-14
   45.999 -.376855809E-02 -.418146351E-14 -.455527814E-01 -.541973532E-13 0.275424961E+00 0.260118832E-12 0.454699786E-01 0.569001764E-13 0.272394957E+00 0.328231006E-12 0.455922679E-01 0.547077201E-13 0.276501339E+00 0.403875684E-12 -.455129228E-01 -.569358103E-13 -.353520828E-02 -.345497406E-14
   49.425 -.326364585E-02 -.316900861E-14 -.423805751E-01 -.501286266E-13 0.276031083E+00 0.226048463E-12 0.423595674E-01 0.508111447E-13 0.273405884E+00 0.284755163E-12 0.423935714E-01 0.501574727E-13 0.276961856E+00 0.349897262E-12 -.423725088E-01 -.508084824E-13 -.306068728E-02 -.300903317E-14
   53.378 -.279771854E-02 -.266483961E-14 -.392417812E-01 -.454052299E-13 0.276589672E+00 0.193676926E-12 0.392251704E-01 0.459471633E-13 0.274338712E+00 0.244412957E-12 0.392521355E-01 0.454171429E-13 0.277387111E+00 0.300459370E-12 -.392354367E-01 -.459394946E-13 -.262328365E-02 -.244245848E-14
   57.990 -.236998972E-02 -.231760680E-14 -.361200432E-01 -.409288470E-13 0.277102172E+00 0.164450452E-12 0.361070719E-01 0.413542867E-13 0.275194938E+00 0.207284980E-12 0.361281372E-01 0.409386595E-13 0.277777348E+00 0.254450262E-12 -.361151044E-01 -.413504130E-13 -.222186854E-02 -.187235452E-14
   63.445 -.197966933E-02 -.168916915E-14 -.330139177E-01 -.366893105E-13 0.277569599E+00 0.137425909E-12 0.330039987E-01 0.370144764E-13 0.275976161E+00 0.173329007E-12 0.330201105E-01 0.366903223E-13 0.278133316E+00 0.212721090E-12 -.330101520E-01 -.370061086E-13 -.185567339E-02 -.170564255E-14
   70.000 -.162604897E-02 -.131383553E-14 -.299220081E-01 -.326556215E-13 0.277992870E+00 0.113078600E-12 0.299146132E-01 0.328759267E-13 0.276683830E+00 0.142503739E-12 0.299266272E-01 0.326796704E-13 0.278455699E+00 0.174697962E-12 -.299192080E-01 -.328942305E-13 -.152400253E-02 -.139570222E-14
