    0.000 0.460277634E-17 -.259548291E-17 -.104911217E+00 -.179865538E-11 0.111374386E-16 0.214267814E-17 0.440709773E+00 0.778213426E-11 0.456030002E-16 -.144467871E-16 -.117292085E-04 0.236348620E-15 -.812780182E-18 0.203468601E-17 0.229961339E-04 0.380105807E-15 0.508795959E-17 -.195596569E-17
    0.144 0.162529968E-03 0.265606626E-14 -.104939427E+00 -.179916965E-11 0.180793334E-02 0.295986521E-13 0.440683868E+00 0.778459212E-11 0.211808276E-02 0.352580680E-13 0.172618287E-04 0.540437477E-15 0.517770706E-03 0.107252732E-13 -.138139445E-03 -.259648578E-14 0.172337634E-03 0.290895256E-14
    0.289 0.445674488E-03 0.737487905E-14 -.105023578E+00 -.180077213E-11 0.359502511E-02 0.588017551E-13 0.440597180E+00 0.778210518E-11 0.425533644E-02 0.708554261E-13 0.102666803E-03 0.253765890E-14 0.968379113E-03 0.203515322E-13 -.632279304E-03 -.114153676E-13 0.419033642E-03 0.708305563E-14
    0.433 0.803703513E-03 0.132813128E-13 -.105164231E+00 -.180317337E-11 0.536049085E-02 0.877159831E-13 0.440448500E+00 0.778380888E-11 0.642558005E-02 0.106935496E-12 0.248726045E-03 0.173422569E-14 0.140152958E-02 0.297303791E-13 -.146657378E-02 -.264829345E-13 0.715729275E-03 0.120260359E-13
    0.578 0.121589064E-02 0.200610130E-13 -.105362610E+00 -.180666895E-11 0.711974087E-02 0.116528550E-12 0.440236155E+00 0.777774108E-11 0.864095418E-02 0.143929512E-12 0.455313501E-03 0.121015590E-13 0.182975810E-02 0.391069916E-13 -.264066951E-02 -.480069724E-13 0.105216871E-02 0.175968706E-13
    0.723 0.167279642E-02 0.274512837E-13 -.105620500E+00 -.181116650E-11 0.888050169E-02 0.145438825E-12 0.439957024E+00 0.777315104E-11 0.109128801E-01 0.181889935E-12 0.723177332E-03 0.135576809E-13 0.226419259E-02 0.487959101E-13 -.415463724E-02 -.752500329E-13 0.142325423E-02 0.236123224E-13
    0.868 0.216889183E-02 0.355826830E-13 -.105940239E+00 -.181671336E-11 0.106491202E-01 0.174338916E-12 0.439606551E+00 0.776772905E-11 0.132522991E-01 0.221190442E-12 0.105371048E-02 0.189310678E-13 0.271432154E-02 0.587438664E-13 -.600865182E-02 -.108719164E-12 0.182591842E-02 0.302387425E-13
    1.014 0.270024785E-02 0.442450295E-13 -.106324732E+00 -.182326520E-11 0.124317178E-01 0.203591627E-12 0.439178875E+00 0.776013878E-11 0.156697148E-01 0.261762487E-12 0.144889161E-02 0.247099038E-13 0.318842180E-02 0.692184022E-13 -.820255834E-02 -.148083334E-12 0.225796703E-02 0.372775230E-13
    1.160 0.326379523E-02 0.533498472E-13 -.106777460E+00 -.183094667E-11 0.142345234E-01 0.233242490E-12 0.438666856E+00 0.774918720E-11 0.181751550E-01 0.303673646E-12 0.191128244E-02 0.304339739E-13 0.369401802E-02 0.802652017E-13 -.107354514E-01 -.193745887E-12 0.271769597E-02 0.447341075E-13
    1.306 0.385692049E-02 0.629658275E-13 -.107302485E+00 -.184013724E-11 0.160640127E-01 0.263251443E-12 0.438062093E+00 0.773689542E-11 0.207780714E-01 0.347345351E-12 0.244405093E-02 0.387272301E-13 0.423814107E-02 0.922542169E-13 -.136053119E-01 -.245472036E-12 0.320363446E-02 0.525764517E-13
    1.453 0.447719768E-02 0.729007018E-13 -.107904448E+00 -.185054083E-11 0.179270153E-01 0.293938312E-12 0.437354940E+00 0.771806347E-11 0.234871855E-01 0.392830169E-12 0.305100517E-02 0.562998698E-13 0.482750820E-02 0.105148104E-12 -.168085873E-01 -.302975041E-12 0.371436825E-02 0.607698860E-13
    1.601 0.512218567E-02 0.833000292E-13 -.108588543E+00 -.186232830E-11 0.198307987E-01 0.324878533E-12 0.436534539E+00 0.769967995E-11 0.263102858E-01 0.440179608E-12 0.373663215E-02 0.649918507E-13 0.546864061E-02 0.119233744E-12 -.203397703E-01 -.366620546E-12 0.424837580E-02 0.692780023E-13
    1.750 0.578926633E-02 0.940564080E-13 -.109360473E+00 -.187572183E-11 0.217831587E-01 0.356837045E-12 0.435588858E+00 0.768269904E-11 0.292539882E-01 0.489737508E-12 0.450613399E-02 0.806144589E-13 0.616797807E-02 0.134222176E-12 -.241909645E-01 -.435733254E-12 0.480389590E-02 0.782052135E-13
    1.899 0.647551535E-02 0.104927110E-12 -.110226360E+00 -.189066373E-11 0.237925157E-01 0.390100831E-12 0.434504750E+00 0.766206073E-11 0.323234743E-01 0.541357522E-12 0.536545231E-02 0.972651083E-13 0.693199122E-02 0.150505713E-12 -.283515167E-01 -.510594391E-12 0.537880890E-02 0.873274954E-13
    2.049 0.717757933E-02 0.116255370E-12 -.111192622E+00 -.190730851E-11 0.258680274E-01 0.424000650E-12 0.433268028E+00 0.764444671E-11 0.355222284E-01 0.594996066E-12 0.632129205E-02 0.113123565E-12 0.776730609E-02 0.168389469E-12 -.328077297E-01 -.590413641E-12 0.597051263E-02 0.967745762E-13
    2.199 0.789154558E-02 0.127627620E-12 -.112265803E+00 -.192589481E-11 0.280197056E-01 0.459348964E-12 0.431863553E+00 0.761535601E-11 0.388517941E-01 0.650940212E-12 0.738113264E-02 0.133616728E-12 0.868081151E-02 0.187693027E-12 -.375427188E-01 -.675241279E-12 0.657577501E-02 0.106326072E-12
    2.351 0.861279682E-02 0.139017630E-12 -.113452338E+00 -.194634542E-11 0.302585480E-01 0.496296036E-12 0.430275331E+00 0.758526252E-11 0.423115734E-01 0.709112579E-12 0.855323653E-02 0.150834452E-12 0.967978588E-02 0.208708415E-12 -.425364319E-01 -.764889875E-12 0.719055788E-02 0.115908184E-12
    2.504 0.933584687E-02 0.150667271E-12 -.114758282E+00 -.196888019E-11 0.325966895E-01 0.534633601E-12 0.428486592E+00 0.754808771E-11 0.458987068E-01 0.769494526E-12 0.984667011E-02 0.176985946E-12 0.107720666E-01 0.231107619E-12 -.477658752E-01 -.858632723E-12 0.780982254E-02 0.125775409E-12
    2.658 0.100541477E-01 0.162060446E-12 -.116188984E+00 -.199359018E-11 0.350475709E-01 0.575242408E-12 0.426479851E+00 0.750800385E-11 0.496080418E-01 0.831998175E-12 0.112713367E-01 0.203667444E-12 0.119662626E-01 0.255337384E-12 -.532055343E-01 -.956177773E-12 0.842729884E-02 0.135587382E-12
    2.813 0.107598515E-01 0.173237887E-12 -.117748738E+00 -.202045052E-11 0.376261252E-01 0.617753449E-12 0.424236915E+00 0.747042829E-11 0.534322117E-01 0.896548624E-12 0.128380385E-01 0.228123216E-12 0.132720092E-01 0.281906962E-12 -.588279912E-01 -.105693085E-11 0.903520883E-02 0.145071904E-12
    2.970 0.114435170E-01 0.184073314E-12 -.119440421E+00 -.204962046E-11 0.403489879E-01 0.662656785E-12 0.421738810E+00 0.742151481E-11 0.573618280E-01 0.962785292E-12 0.145586024E-01 0.260080939E-12 0.147003008E-01 0.310710719E-12 -.646046858E-01 -.116033609E-11 0.962394331E-02 0.154236435E-12
    3.127 0.120937474E-01 0.194126154E-12 -.121265146E+00 -.208103732E-11 0.432347393E-01 0.710513017E-12 0.418965612E+00 0.737226264E-11 0.613857629E-01 0.103078950E-11 0.164460679E-01 0.293687603E-12 0.162639076E-01 0.341949493E-12 -.705067402E-01 -.126570106E-11 0.101816745E-01 0.162750363E-12
    3.287 0.126967549E-01 0.203646383E-12 -.123221938E+00 -.211460540E-11 0.463041621E-01 0.761019087E-12 0.415896171E+00 0.731635061E-11 0.654914971E-01 0.110051222E-11 0.185149486E-01 0.329023500E-12 0.179778869E-01 0.375923161E-12 -.765057633E-01 -.137286269E-11 0.106939018E-01 0.170563931E-12
    3.447 0.132358367E-01 0.212311280E-12 -.125307450E+00 -.215021125E-11 0.495805140E-01 0.815144017E-12 0.412507709E+00 0.724684734E-11 0.696654930E-01 0.117144325E-11 0.207815817E-01 0.370937307E-12 0.198601987E-01 0.412525615E-12 -.825745360E-01 -.148118101E-11 0.111429234E-01 0.177707771E-12
    3.610 0.136907557E-01 0.219324595E-12 -.127515729E+00 -.218794654E-11 0.530898127E-01 0.873161930E-12 0.408775300E+00 0.718078981E-11 0.738935266E-01 0.124351199E-11 0.232645523E-01 0.414712888E-12 0.219324537E-01 0.452842895E-12 -.886874476E-01 -.158998628E-11 0.115072131E-01 0.183024244E-12
    3.774 0.140370347E-01 0.224446163E-12 -.129837995E+00 -.222742587E-11 0.568611123E-01 0.935766568E-12 0.404671232E+00 0.710563217E-11 0.781609650E-01 0.131625506E-11 0.259851905E-01 0.460920776E-12 0.242207911E-01 0.496377071E-12 -.948206288E-01 -.169902632E-11 0.117607081E-01 0.186634572E-12
    3.939 0.142451636E-01 0.227286074E-12 -.132262468E+00 -.226859449E-11 0.609267297E-01 0.100308133E-11 0.400164244E+00 0.702503955E-11 0.824529491E-01 0.138982609E-11 0.289681408E-01 0.507370529E-12 0.267568820E-01 0.544621722E-12 -.100951729E+00 -.180781543E-11 0.118720270E-01 0.187586297E-12
    4.107 0.142797539E-01 0.226952107E-12 -.134774218E+00 -.231116169E-11 0.653223856E-01 0.107626947E-11 0.395218642E+00 0.693368068E-11 0.867544800E-01 0.146372130E-11 0.322420054E-01 0.565646657E-12 0.295790548E-01 0.597353562E-12 -.107059339E+00 -.191606006E-11 0.118036386E-01 0.185532208E-12
    4.277 0.140987046E-01 0.223429606E-12 -.137355027E+00 -.235464972E-11 0.700871557E-01 0.115546763E-11 0.389793356E+00 0.683061164E-11 0.910504452E-01 0.153776490E-11 0.358399971E-01 0.632986852E-12 0.327334625E-01 0.655778193E-12 -.113122060E+00 -.202323683E-11 0.115110703E-01 0.180024508E-12
    4.449 0.136525113E-01 0.215442282E-12 -.139983279E+00 -.239885278E-11 0.752630773E-01 0.124110841E-11 0.383841028E+00 0.672915340E-11 0.953255781E-01 0.161175296E-11 0.398005334E-01 0.700227964E-12 0.362751841E-01 0.720686732E-12 -.119117252E+00 -.212910723E-11 0.109422927E-01 0.169722008E-12
    4.623 0.128839812E-01 0.201653337E-12 -.142633879E+00 -.244306039E-11 0.808941515E-01 0.133454584E-11 0.377307425E+00 0.660884129E-11 0.995643851E-01 0.168545095E-11 0.441675029E-01 0.773512135E-12 0.402689755E-01 0.793707319E-12 -.125019409E+00 -.223292114E-11 0.100375778E-01 0.153515361E-12
    4.799 0.117287799E-01 0.181747543E-12 -.145278178E+00 -.248716192E-11 0.870242647E-01 0.143584008E-11 0.370131673E+00 0.647396524E-11 0.103751006E+00 0.175845609E-11 0.489897425E-01 0.853578130E-12 0.447892214E-01 0.875712950E-12 -.130798138E+00 -.233457998E-11 0.873029208E-02 0.130647801E-12
    4.978 0.101175030E-01 0.153715833E-12 -.147883974E+00 -.253034261E-11 0.936934953E-01 0.154741122E-11 0.362248148E+00 0.633991906E-11 0.107869033E+00 0.183070065E-11 0.543189710E-01 0.945823601E-12 0.499183525E-01 0.967308711E-12 -.136415746E+00 -.243324496E-11 0.694934532E-02 0.997441166E-13
    5.159 0.798030156E-02 0.116745464E-12 -.150415609E+00 -.257196861E-11 0.100931835E+00 0.166880161E-11 0.353591382E+00 0.618798877E-11 0.111901375E+00 0.190176432E-11 0.602048793E-01 0.104073371E-11 0.557424971E-01 0.107055491E-11 -.141824634E+00 -.252817344E-11 0.462446983E-02 0.595619875E-13
    5.343 0.525527240E-02 0.703542498E-13 -.152834338E+00 -.261146911E-11 0.108749628E+00 0.179859408E-11 0.344105506E+00 0.602325634E-11 0.115830350E+00 0.197141115E-11 0.666859607E-01 0.115028482E-11 0.623430255E-01 0.118693969E-11 -.146965048E+00 -.261814015E-11 0.169548762E-02 0.936293262E-14
    5.530 0.190169125E-02 0.133917762E-13 -.155099188E+00 -.264809878E-11 0.117124169E+00 0.193728400E-11 0.333759889E+00 0.584194331E-11 0.119638343E+00 0.203904125E-11 0.737745313E-01 0.126860707E-11 0.697824446E-01 0.131866532E-11 -.151764208E+00 -.270207260E-11 -.187322261E-02 -.518272297E-13
    5.720 -.208229050E-02 -.547483987E-13 -.157168563E+00 -.268113568E-11 0.125983863E+00 0.208483729E-11 0.322570711E+00 0.564196403E-11 0.123309428E+00 0.210457887E-11 0.814362780E-01 0.139912524E-11 0.780847341E-01 0.146492244E-11 -.156138285E+00 -.277837293E-11 -.607374984E-02 -.124221672E-12
    5.913 -.664097716E-02 -.132760429E-12 -.159002811E+00 -.271011722E-11 0.135194476E+00 0.223937215E-11 0.310624272E+00 0.543357672E-11 0.126832147E+00 0.216752046E-11 0.895686525E-01 0.153698477E-11 0.872134289E-01 0.162340661E-11 -.159998666E+00 -.284550439E-11 -.108352374E-01 -.205534427E-12
    6.110 -.116492676E-01 -.218411161E-12 -.160567634E+00 -.273442230E-11 0.144555673E+00 0.239579125E-11 0.298092172E+00 0.521500937E-11 0.130203124E+00 0.222780764E-11 0.979880226E-01 0.167742182E-11 0.970554884E-01 0.179546583E-11 -.163262851E+00 -.290183990E-11 -.160125738E-01 -.294316623E-12
    6.310 -.169173305E-01 -.307767375E-12 -.161837743E+00 -.275367581E-11 0.153816713E+00 0.254855725E-11 0.285225539E+00 0.499237277E-11 0.133430345E+00 0.228535268E-11 0.106438354E+00 0.181822192E-11 0.107421776E+00 0.197711661E-11 -.165868095E+00 -.294618798E-11 -.213936924E-01 -.386490875E-12
    6.514 -.222157167E-01 -.398150342E-12 -.162799659E+00 -.276773540E-11 0.162712093E+00 0.269817290E-11 0.272323141E+00 0.477066876E-11 0.136534475E+00 0.234046251E-11 0.114626097E+00 0.195255180E-11 0.118069337E+00 0.216031077E-11 -.167783432E+00 -.297804275E-11 -.267288439E-01 -.477017809E-12
    6.721 -.273138337E-01 -.484583138E-12 -.163452612E+00 -.277657141E-11 0.171006485E+00 0.283716917E-11 0.259682521E+00 0.454634146E-11 0.139546987E+00 0.239355081E-11 0.122271102E+00 0.208203958E-11 0.128739621E+00 0.234338799E-11 -.169015310E+00 -.299731969E-11 -.317735094E-01 -.562307117E-12
    6.933 -.320162485E-01 -.563987847E-12 -.163807158E+00 -.278031528E-11 0.178530934E+00 0.296223874E-11 0.247554493E+00 0.433214168E-11 0.142505435E+00 0.244515899E-11 0.129152115E+00 0.219742547E-11 0.139197098E+00 0.252291222E-11 -.169604770E+00 -.300490681E-11 -.363274596E-01 -.639192369E-12
    7.149 -.361842694E-01 -.633774273E-12 -.163882087E+00 -.277945049E-11 0.185198288E+00 0.306929506E-11 0.236117051E+00 0.413328941E-11 0.145447617E+00 0.249586578E-11 0.135130407E+00 0.229396037E-11 0.149254870E+00 0.269780384E-11 -.169618027E+00 -.300185220E-11 -.402565740E-01 -.705438936E-12
    7.369 -.397401205E-01 -.693486900E-12 -.163700723E+00 -.277422048E-11 0.190997966E+00 0.316320124E-11 0.225471651E+00 0.394500435E-11 0.148406576E+00 0.254622506E-11 0.140149285E+00 0.237830377E-11 0.158783360E+00 0.286177158E-11 -.169134579E+00 -.298968661E-11 -.434951648E-01 -.759767797E-12
    7.594 -.426588177E-01 -.741808971E-12 -.163287617E+00 -.276504146E-11 0.195978213E+00 0.324332820E-11 0.215654730E+00 0.377011895E-11 0.151407616E+00 0.259678449E-11 0.144217971E+00 0.244750022E-11 0.167706225E+00 0.301426592E-11 -.168236549E+00 -.296989311E-11 -.460349830E-01 -.802003802E-12
    7.824 -.449546927E-01 -.780081328E-12 -.162666165E+00 -.275226313E-11 0.200224912E+00 0.331442063E-11 0.206655289E+00 0.361294172E-11 0.154467386E+00 0.264783085E-11 0.147390193E+00 0.249766019E-11 0.175989916E+00 0.315150754E-11 -.167001155E+00 -.294390149E-11 -.479089418E-01 -.831835671E-12
    8.060 -.466678395E-01 -.807876868E-12 -.161857234E+00 -.273622583E-11 0.203842811E+00 0.337093984E-11 0.198431844E+00 0.346751770E-11 0.157594471E+00 0.269947057E-11 0.149744678E+00 0.253475760E-11 0.183632138E+00 0.328057468E-11 -.165496475E+00 -.291301961E-11 -.491753381E-01 -.851766815E-12
    8.301 -.478528341E-01 -.825975469E-12 -.160878609E+00 -.271712946E-11 0.206941409E+00 0.341749326E-11 0.190925992E+00 0.333270616E-11 0.160790791E+00 0.275171770E-11 0.151370347E+00 0.256126586E-11 0.190651665E+00 0.339865974E-11 -.163779787E+00 -.287836677E-11 -.499051132E-01 -.862414747E-12
    8.547 -.485704845E-01 -.837215298E-12 -.159745004E+00 -.269546228E-11 0.209625690E+00 0.346222371E-11 0.184071929E+00 0.321026154E-11 0.164053234E+00 0.280464926E-11 0.152356582E+00 0.257483540E-11 0.197080448E+00 0.350087244E-11 -.161897640E+00 -.284056744E-11 -.501728393E-01 -.864473105E-12
    8.800 -.488822280E-01 -.840054052E-12 -.158468370E+00 -.267106112E-11 0.211990683E+00 0.349444111E-11 0.177802611E+00 0.309741975E-11 0.167375201E+00 0.285812535E-11 0.152787504E+00 0.258026259E-11 0.202957878E+00 0.359989982E-11 -.159886812E+00 -.280071246E-11 -.500508600E-01 -.861329216E-12
    9.060 -.488466531E-01 -.838460647E-12 -.157058346E+00 -.264428049E-11 0.214118884E+00 0.352947809E-11 0.172053378E+00 0.299147192E-11 0.170747887E+00 0.291200859E-11 0.152739146E+00 0.257893926E-11 0.208326802E+00 0.368237192E-11 -.157775673E+00 -.275908924E-11 -.496059149E-01 -.851073627E-12
    9.326 -.485175433E-01 -.830529824E-12 -.155522737E+00 -.261502106E-11 0.216079496E+00 0.355418761E-11 0.166763845E+00 0.289967560E-11 0.174161279E+00 0.296610383E-11 0.152278454E+00 0.256424141E-11 0.213230883E+00 0.376351825E-11 -.155585630E+00 -.271632924E-11 -.488974551E-01 -.837817406E-12
    9.599 -.479429555E-01 -.819092250E-12 -.153867954E+00 -.258331492E-11 0.217928837E+00 0.358028623E-11 0.161878706E+00 0.280812736E-11 0.177604879E+00 0.302023082E-11 0.151463381E+00 0.255014611E-11 0.217712881E+00 0.383322663E-11 -.153332470E+00 -.267281606E-11 -.479771044E-01 -.820344713E-12
    9.881 -.471649907E-01 -.804198208E-12 -.152099402E+00 -.254929959E-11 0.219711387E+00 0.360611930E-11 0.157347864E+00 0.272368187E-11 0.181068200E+00 0.307420527E-11 0.150343559E+00 0.252959882E-11 0.221813597E+00 0.389465910E-11 -.151027544E+00 -.262867301E-11 -.468888164E-01 -.800194615E-12
   10.170 -.462199820E-01 -.787348061E-12 -.150221780E+00 -.251306907E-11 0.221461147E+00 0.363493656E-11 0.153126204E+00 0.264263602E-11 0.184541098E+00 0.312782651E-11 0.148961208E+00 0.250629766E-11 0.225571274E+00 0.394581491E-11 -.148678744E+00 -.258402797E-11 -.456694398E-01 -.777211044E-12
   10.468 -.451389231E-01 -.767145440E-12 -.148239336E+00 -.247447273E-11 0.223203081E+00 0.365581349E-11 0.149173197E+00 0.256619103E-11 0.188013966E+00 0.318090658E-11 0.147352112E+00 0.247884510E-11 0.229021282E+00 0.399848115E-11 -.146291328E+00 -.253921031E-11 -.443494689E-01 -.753763497E-12
   10.775 -.439480212E-01 -.744728572E-12 -.146156060E+00 -.243386046E-11 0.224954546E+00 0.367577865E-11 0.145452443E+00 0.249541872E-11 0.191477853E+00 0.323324755E-11 0.145546542E+00 0.244620300E-11 0.232196009E+00 0.404626912E-11 -.143868573E+00 -.249390885E-11 -.429538769E-01 -.729260579E-12
   11.092 -.426692838E-01 -.722289139E-12 -.143975819E+00 -.239124282E-11 0.226726612E+00 0.370326382E-11 0.141931224E+00 0.242343130E-11 0.194924513E+00 0.328463098E-11 0.143570083E+00 0.241502869E-11 0.235124871E+00 0.408148558E-11 -.141412296E+00 -.244819697E-11 -.415029261E-01 -.702576627E-12
   11.419 -.413211306E-01 -.697622941E-12 -.141702465E+00 -.234678624E-11 0.228525271E+00 0.372520883E-11 0.138580072E+00 0.235915614E-11 0.198346416E+00 0.333491698E-11 0.141444372E+00 0.237627355E-11 0.237834426E+00 0.411765676E-11 -.138923278E+00 -.240196425E-11 -.400129579E-01 -.676466463E-12
   11.757 -.399189451E-01 -.672620268E-12 -.139339893E+00 -.230059680E-11 0.230352485E+00 0.374905696E-11 0.135372421E+00 0.229101677E-11 0.201736736E+00 0.338385545E-11 0.139187713E+00 0.234127890E-11 0.240348513E+00 0.414791815E-11 -.136401575E+00 -.235516641E-11 -.384970803E-01 -.649441583E-12
   12.107 -.384755982E-01 -.647333209E-12 -.136892075E+00 -.225314614E-11 0.232207106E+00 0.377568484E-11 0.132284278E+00 0.222826457E-11 0.205089325E+00 0.343130056E-11 0.136815598E+00 0.230076258E-11 0.242688445E+00 0.417098402E-11 -.133846779E+00 -.230724234E-11 -.369657906E-01 -.621788108E-12
   12.470 -.370018974E-01 -.620624664E-12 -.134363069E+00 -.220447401E-11 0.234085662E+00 0.379740570E-11 0.129293979E+00 0.217170415E-11 0.208398670E+00 0.347708823E-11 0.134341144E+00 0.225362990E-11 0.244873194E+00 0.419503395E-11 -.131258196E+00 -.225826498E-11 -.354275065E-01 -.594955012E-12
   12.845 -.355069929E-01 -.594300041E-12 -.131757005E+00 -.215475330E-11 0.235983011E+00 0.381892054E-11 0.126381955E+00 0.211725137E-11 0.211659856E+00 0.352106705E-11 0.131775463E+00 0.220404548E-11 0.246919595E+00 0.421538724E-11 -.128634988E+00 -.220807312E-11 -.338890198E-01 -.567530723E-12
   13.235 -.339987131E-01 -.566918462E-12 -.129078061E+00 -.210413876E-11 0.237892888E+00 0.383545863E-11 0.123530558E+00 0.206160643E-11 0.214868515E+00 0.356304645E-11 0.129127975E+00 0.215492363E-11 0.248842544E+00 0.423674426E-11 -.125976279E+00 -.215654095E-11 -.323558685E-01 -.540977783E-12
   13.640 -.324838367E-01 -.540609791E-12 -.126330426E+00 -.205280883E-11 0.239808351E+00 0.385898567E-11 0.120723921E+00 0.200633141E-11 0.218020784E+00 0.360284290E-11 0.126406650E+00 0.210470459E-11 0.250655168E+00 0.424695162E-11 -.123281233E+00 -.210354787E-11 -.308326370E-01 -.513161925E-12
   14.061 -.309683248E-01 -.513668694E-12 -.123518266E+00 -.200131283E-11 0.241722147E+00 0.387678419E-11 0.117947820E+00 0.195642875E-11 0.221113255E+00 0.364035371E-11 0.123618240E+00 0.204829848E-11 0.252369007E+00 0.425871840E-11 -.120549098E+00 -.204864342E-11 -.293232030E-01 -.486354306E-12
   14.500 -.294575016E-01 -.486723667E-12 -.120645679E+00 -.194957256E-11 0.243627002E+00 0.388803054E-11 0.115189576E+00 0.190568761E-11 0.224142941E+00 0.367547119E-11 0.120768469E+00 0.199169867E-11 0.253994150E+00 0.427289195E-11 -.117779249E+00 -.199195749E-11 -.278309318E-01 -.459961684E-12
   14.957 -.279561912E-01 -.458517368E-12 -.117716651E+00 -.189786077E-11 0.245515842E+00 0.389200764E-11 0.112437957E+00 0.185785480E-11 0.227107232E+00 0.370803542E-11 0.117862194E+00 0.193103244E-11 0.255539385E+00 0.428968573E-11 -.114971202E+00 -.193329193E-11 -.263588199E-01 -.435027445E-12
   15.435 -.264688203E-01 -.433589449E-12 -.114735015E+00 -.184643348E-11 0.247381964E+00 0.391509434E-11 0.109683088E+00 0.180696893E-11 0.230003869E+00 0.373796345E-11 0.114903544E+00 0.187243482E-11 0.257012328E+00 0.428305431E-11 -.112124624E+00 -.187259583E-11 -.249095994E-01 -.407677835E-12
   15.934 -.249994916E-01 -.406965677E-12 -.111704417E+00 -.179481627E-11 0.249219152E+00 0.392295492E-11 0.106916374E+00 0.176479257E-11 0.232830900E+00 0.376505757E-11 0.111896042E+00 0.180380862E-11 0.258419530E+00 0.428697218E-11 -.109239333E+00 -.181033799E-11 -.234858162E-01 -.382828003E-12
   16.457 -.235520335E-01 -.381725645E-12 -.108628275E+00 -.174311962E-11 0.251021760E+00 0.393433544E-11 0.104130425E+00 0.171982939E-11 0.235586643E+00 0.378927226E-11 0.108842710E+00 0.173674060E-11 0.259766580E+00 0.428245459E-11 -.106315300E+00 -.174662137E-11 -.220898780E-01 -.357443030E-12
   17.005 -.221300292E-01 -.356809759E-12 -.105509755E+00 -.169089380E-11 0.252784760E+00 0.394166304E-11 0.101318988E+00 0.167059745E-11 0.238269635E+00 0.381059509E-11 0.105746160E+00 0.167282447E-11 0.261058208E+00 0.427739550E-11 -.103352630E+00 -.168210020E-11 -.207240824E-01 -.333148271E-12
   17.581 -.207368278E-01 -.332298127E-12 -.102351751E+00 -.163844925E-11 0.254503765E+00 0.394383627E-11 0.984768765E-01 0.162087343E-11 0.240878588E+00 0.382891426E-11 0.102608673E+00 0.160798986E-11 0.262298367E+00 0.427255620E-11 -.100351555E+00 -.161657016E-11 -.193906273E-01 -.309815242E-12
   18.187 -.193755454E-01 -.308207849E-12 -.991568832E-01 -.158429672E-11 0.256175021E+00 0.394309575E-11 0.955999045E-01 0.157168263E-11 0.243412345E+00 0.384407448E-11 0.994322771E-01 0.154139929E-11 0.263490310E+00 0.426531716E-11 -.973124257E-01 -.155160764E-11 -.180916070E-01 -.287416216E-12
   18.825 -.180490527E-01 -.285435261E-12 -.959275169E-01 -.152671109E-11 0.257795383E+00 0.394354228E-11 0.926848103E-01 0.151709228E-11 0.245869852E+00 0.385597883E-11 0.962188062E-01 0.147894596E-11 0.264636660E+00 0.425152170E-11 -.942357078E-01 -.148904366E-11 -.168289965E-01 -.265550631E-12
   19.499 -.167599766E-01 -.263398443E-12 -.926657815E-01 -.146654290E-11 0.259362274E+00 0.394032691E-11 0.897291978E-01 0.145349463E-11 0.248250122E+00 0.386444142E-11 0.929699728E-01 0.142408320E-11 0.265739477E+00 0.423563022E-11 -.911219883E-01 -.142812617E-11 -.156046474E-01 -.244843167E-12
   20.213 -.155107022E-01 -.241962456E-12 -.893736053E-01 -.140515224E-11 0.260873646E+00 0.393629256E-11 0.867314755E-01 0.139059115E-11 0.250552198E+00 0.386919306E-11 0.896874241E-01 0.136739857E-11 0.266800321E+00 0.421424574E-11 -.879719856E-01 -.136752813E-11 -.144202829E-01 -.225434930E-12
   20.969 -.143033847E-01 -.222633567E-12 -.860527762E-01 -.134092470E-11 0.262327911E+00 0.394250476E-11 0.836908147E-01 0.132628008E-11 0.252775091E+00 0.386984715E-11 0.863728182E-01 0.131063091E-11 0.267820312E+00 0.417529912E-11 -.847865798E-01 -.130879538E-11 -.132775018E-01 -.205511507E-12
   21.772 -.131399489E-01 -.203538347E-12 -.827050192E-01 -.127252643E-11 0.263723880E+00 0.394113282E-11 0.806071163E-01 0.125361924E-11 0.254917754E+00 0.386586556E-11 0.830278978E-01 0.126097325E-11 0.268800176E+00 0.413580858E-11 -.815668525E-01 -.125321520E-11 -.121777695E-01 -.187298016E-12
   22.628 -.120220999E-01 -.184918973E-12 -.793320971E-01 -.120491747E-11 0.265060676E+00 0.393089424E-11 0.774810085E-01 0.118354142E-11 0.256979042E+00 0.385647634E-11 0.796545862E-01 0.120736987E-11 0.269740281E+00 0.409571140E-11 -.783141535E-01 -.119566570E-11 -.111224186E-01 -.170372385E-12
   23.541 -.109513474E-01 -.167468937E-12 -.759359455E-01 -.113777519E-11 0.266337661E+00 0.391705633E-11 0.743138768E-01 0.111815638E-11 0.258957660E+00 0.384090092E-11 0.762551069E-01 0.114757940E-11 0.270640675E+00 0.404781216E-11 -.750301996E-01 -.113633091E-11 -.101126629E-01 -.153630606E-12
   24.518 -.992903475E-02 -.150276515E-12 -.725188535E-01 -.106707625E-11 0.267554363E+00 0.389180617E-11 0.711079278E-01 0.104645337E-11 0.260852125E+00 0.381822812E-11 0.728321335E-01 0.109265756E-11 0.271501121E+00 0.399837465E-11 -.717172171E-01 -.107923968E-11 -.914961680E-02 -.138222133E-12
   25.567 -.895638172E-02 -.134268178E-12 -.690837050E-01 -.100170117E-11 0.268710411E+00 0.385700180E-11 0.678663140E-01 0.981483172E-12 0.262660716E+00 0.378705685E-11 0.693889910E-01 0.102962121E-11 0.272321127E+00 0.394304688E-11 -.683781494E-01 -.101530084E-11 -.823432736E-02 -.122952460E-12
   26.697 -.803454028E-02 -.118797144E-12 -.656342889E-01 -.934985545E-12 0.269805457E+00 0.380773733E-11 0.645933469E-01 0.918209571E-12 0.264381442E+00 0.374651108E-11 0.659299367E-01 0.963425444E-12 0.273099961E+00 0.388458594E-11 -.650169398E-01 -.951333601E-12 -.736782022E-02 -.108641908E-12
   27.917 -.716465083E-02 -.104006133E-12 -.621757047E-01 -.865590638E-12 0.270839100E+00 0.373962615E-11 0.612948264E-01 0.855230264E-12 0.266011982E+00 0.369509780E-11 0.624605460E-01 0.895725575E-12 0.273836655E+00 0.382473463E-11 -.616389093E-01 -.888876751E-12 -.655114692E-02 -.950800034E-13
   29.240 -.634789190E-02 -.903224839E-13 -.587149071E-01 -.800213703E-12 0.271810819E+00 0.365711994E-11 0.579785178E-01 0.792331890E-12 0.267549628E+00 0.363116504E-11 0.589882359E-01 0.826933375E-12 0.274529998E+00 0.375603729E-11 -.582512797E-01 -.821453162E-12 -.578542622E-02 -.820711250E-13
   30.679 -.558553548E-02 -.772209175E-13 -.552614584E-01 -.730736107E-12 0.272719905E+00 0.355274220E-11 0.546548260E-01 0.731390106E-12 0.268991208E+00 0.355336657E-11 0.555229722E-01 0.755475863E-12 0.275178527E+00 0.368281818E-11 -.548639109E-01 -.757633625E-12 -.507189215E-02 -.705478644E-13
   32.251 -.487901508E-02 -.661385138E-13 -.518285349E-01 -.668002285E-12 0.273565431E+00 0.343666802E-11 0.513377109E-01 0.672083986E-12 0.270333052E+00 0.345917447E-11 0.520782137E-01 0.682036176E-12 0.275780528E+00 0.358999379E-11 -.514902923E-01 -.686864548E-12 -.441195645E-02 -.587442303E-13
   33.978 -.423000197E-02 -.548847084E-13 -.484342675E-01 -.609888426E-12 0.274346205E+00 0.328260355E-11 0.480459534E-01 0.619779855E-12 0.271570980E+00 0.334588340E-11 0.486721980E-01 0.601804992E-12 0.276334022E+00 0.349887872E-11 -.481488758E-01 -.611759686E-12 -.380728029E-02 -.491589058E-13
   35.882 -.364045793E-02 -.452810486E-13 -.451035570E-01 -.554047907E-12 0.275060730E+00 0.309678718E-11 0.448049237E-01 0.568524510E-12 0.272700247E+00 0.321009812E-11 0.453297083E-01 0.521330634E-12 0.276836743E+00 0.339628019E-11 -.448649008E-01 -.535267451E-12 -.325982455E-02 -.396320700E-13
   37.994 -.311264752E-02 -.361911042E-13 -.418705535E-01 -.490198437E-12 0.275707193E+00 0.287149514E-11 0.416489416E-01 0.515076635E-12 0.273715483E+00 0.304784524E-11 0.420843462E-01 0.444644800E-12 0.277286103E+00 0.328217193E-11 -.416729515E-01 -.468342628E-12 -.277186300E-02 -.315925022E-13
   40.351 -.264920940E-02 -.282169970E-13 -.387821498E-01 -.415986619E-12 0.276283500E+00 0.259575650E-11 0.386243801E-01 0.453814862E-12 0.274610611E+00 0.285451308E-11 0.389809141E-01 0.378331496E-12 0.277679147E+00 0.315807384E-11 -.386210029E-01 -.414477768E-12 -.234606262E-02 -.243271815E-13
   43.000 -.225348304E-02 -.196434959E-13 -.359032428E-01 -.338548716E-12 0.276787310E+00 0.225856810E-11 0.357957231E-01 0.385131155E-12 0.275378480E+00 0.262394266E-11 0.360745664E-01 0.323622128E-12 0.278012324E+00 0.302298710E-11 -.357801902E-01 -.367633803E-12 -.198580510E-02 -.193251650E-13
   45.999 -.193113286E-02 -.135932674E-13 -.333244978E-01 -.290508141E-12 0.277215662E+00 0.195341998E-11 0.332908201E-01 0.305669453E-12 0.276008344E+00 0.234697546E-11 0.333806505E-01 0.290905986E-12 0.278280908E+00 0.276611079E-11 -.332953280E-01 -.303004156E-12 -.169633563E-02 -.134408449E-13
   49.425 -.167151690E-02 -.116772861E-13 -.310091755E-01 -.268360173E-12 0.277581814E+00 0.169244375E-11 0.309943816E-01 0.271196446E-12 0.276535193E+00 0.203501319E-11 0.310192276E-01 0.268502412E-12 0.278503680E+00 0.239994396E-11 -.310033103E-01 -.271165189E-12 -.146735263E-02 -.955885290E-14
   53.378 -.143296139E-02 -.950232545E-14 -.287126291E-01 -.243168971E-12 0.277918355E+00 0.145140140E-11 0.287005079E-01 0.245406811E-12 0.277020735E+00 0.174579226E-11 0.287202013E-01 0.243256797E-12 0.278708415E+00 0.205859428E-11 -.287080162E-01 -.245392812E-12 -.125764083E-02 -.806491486E-14
   57.990 -.121398339E-02 -.782523696E-14 -.264286361E-01 -.219314244E-12 0.278227162E+00 0.122976285E-11 0.264191499E-01 0.221071339E-12 0.277466478E+00 0.147988636E-11 0.264345346E-01 0.219366737E-12 0.278896285E+00 0.174495737E-11 -.264250452E-01 -.221054712E-12 -.106523456E-02 -.662727626E-14
   63.445 -.101412820E-02 -.619236877E-14 -.241560544E-01 -.196683854E-12 0.278508884E+00 0.102779210E-11 0.241488018E-01 0.198039386E-12 0.277873256E+00 0.123692270E-11 0.241605694E-01 0.196703698E-12 0.279067695E+00 0.145803883E-11 -.241533162E-01 -.198013506E-12 -.889700875E-03 -.555668099E-14
   70.000 -.833038062E-03 -.491345784E-14 -.218938521E-01 -.175158913E-12 0.278764058E+00 0.844425431E-12 0.218884467E-01 0.176179572E-12 0.278241803E+00 0.101654520E-11 0.218972217E-01 0.175157585E-12 0.279222969E+00 0.119813716E-11 -.218918159E-01 -.176148227E-12 -.730705781E-03 -.449662453E-14
