    0.000   0.647741E-15   0.218037E-14  -0.111308E+00  -0.373785E-14  -0.158076E-14  -0.215151E-14   0.438954E+00  -0.199084E-13  -0.623141E-15   0.433779E-14  -0.227358E-05  -0.101264E-12   0.124476E-14   0.118175E-14   0.241979E-04  -0.117422E-13  -0.942557E-15  -0.515219E-15
    0.612   0.173008E-02  -0.256405E-14  -0.111914E+00   0.301142E-14   0.102375E-01   0.985587E-15   0.438142E+00   0.180247E-13   0.105314E-01  -0.252702E-14   0.787409E-03   0.875987E-14   0.300938E-02  -0.160499E-14  -0.343213E-02   0.209148E-14   0.139746E-02   0.336941E-14
    1.224   0.460940E-02  -0.444233E-13  -0.113793E+00  -0.760311E-15   0.205602E-01   0.338694E-13   0.435510E+00  -0.241769E-13   0.222867E-01   0.394115E-14   0.317959E-02  -0.395940E-13   0.612849E-02  -0.424481E-13  -0.137664E-01  -0.257804E-14   0.365805E-02   0.417272E-13
    1.837   0.799160E-02   0.478876E-13  -0.117134E+00   0.344693E-14   0.316215E-01  -0.399305E-13   0.430382E+00  -0.253593E-13   0.361674E-01  -0.425102E-14   0.740055E-02   0.418435E-16   0.102775E-01   0.467156E-13  -0.306156E-01  -0.214310E-15   0.630875E-02  -0.445711E-13
    2.449   0.112893E-01  -0.125160E-13  -0.122185E+00  -0.627252E-15   0.442583E-01   0.138132E-13   0.421616E+00   0.344633E-13   0.525698E-01   0.324175E-14   0.139143E-01   0.258923E-13   0.161942E-01  -0.930568E-14  -0.528175E-01   0.871326E-15   0.887432E-02   0.185992E-13
    3.061   0.136305E-01  -0.127133E-13  -0.129039E+00   0.602600E-14   0.595081E-01  -0.126456E-13   0.407771E+00  -0.279294E-13   0.711089E-01  -0.485652E-14   0.234726E-01  -0.162791E-13   0.248053E-01   0.123331E-14  -0.781707E-01  -0.304793E-14   0.105347E-01  -0.282615E-14
    3.673   0.135340E-01  -0.136402E-13  -0.137281E+00  -0.243171E-14   0.786803E-01   0.239024E-13   0.387169E+00  -0.147176E-13   0.906690E-01  -0.136697E-14   0.371810E-01  -0.834509E-14   0.376180E-01  -0.260842E-13  -0.103988E+00   0.332394E-14   0.979814E-02   0.141935E-13
    4.286   0.870139E-02  -0.131730E-13  -0.145788E+00   0.512814E-14   0.103169E+00   0.149051E-13   0.357807E+00   0.222918E-13   0.109843E+00  -0.277443E-14   0.565943E-01   0.128133E-13   0.570749E-01  -0.527878E-14  -0.127754E+00  -0.137460E-14   0.433283E-02   0.208206E-13
    4.898  -0.308972E-02  -0.159203E-13  -0.152921E+00   0.262747E-14   0.133155E+00   0.542831E-14   0.318289E+00  -0.202309E-13   0.127235E+00  -0.601002E-14   0.827179E-01   0.935729E-14   0.856891E-01  -0.353550E-14  -0.146797E+00   0.197005E-14  -0.797484E-02   0.174883E-13
    5.510  -0.199688E-01   0.100648E-12  -0.157214E+00   0.991539E-15   0.164226E+00  -0.127334E-12   0.272643E+00   0.172360E-14   0.141757E+00   0.343208E-14   0.111516E+00  -0.239946E-13   0.121471E+00   0.107726E-12  -0.158265E+00   0.142590E-14  -0.248340E-01  -0.117274E-12
    6.122  -0.347974E-01   0.366747E-13  -0.158331E+00   0.823373E-14   0.188517E+00  -0.149631E-13   0.231394E+00  -0.824670E-14   0.153528E+00  -0.631656E-14   0.133664E+00   0.104183E-13   0.155948E+00   0.149998E-13  -0.161686E+00  -0.200357E-14  -0.387804E-01  -0.416325E-13
    6.735  -0.435173E-01  -0.821752E-14  -0.157037E+00   0.118760E-14   0.203796E+00   0.713602E-14   0.200285E+00   0.243908E-14   0.163671E+00  -0.426885E-14   0.145447E+00   0.410044E-14   0.183254E+00   0.264461E-14  -0.159757E+00   0.199612E-14  -0.460988E-01   0.361414E-13
    7.347  -0.469628E-01  -0.619501E-13  -0.154244E+00   0.268847E-14   0.212948E+00   0.317715E-13   0.178232E+00   0.316485E-14   0.172991E+00   0.286549E-14   0.149405E+00  -0.224293E-13   0.203142E+00  -0.478261E-13  -0.155363E+00   0.862222E-15  -0.481591E-01   0.485182E-13
    7.959  -0.471856E-01  -0.887330E-13  -0.150571E+00   0.130655E-13   0.219003E+00   0.111549E-12   0.162424E+00  -0.125540E-13   0.181718E+00  -0.592338E-14   0.148866E+00   0.141879E-13   0.217417E+00  -0.121661E-12  -0.150124E+00  -0.250140E-14  -0.472708E-01   0.824514E-13
    8.571  -0.457075E-01   0.793657E-13  -0.146383E+00  -0.708655E-14   0.223681E+00  -0.100662E-12   0.150655E+00   0.136780E-13   0.189842E+00  -0.381921E-14   0.146005E+00  -0.157570E-13   0.227804E+00   0.928896E-13  -0.144731E+00   0.611915E-14  -0.449985E-01  -0.683205E-13
    9.184  -0.434113E-01   0.321678E-13  -0.141907E+00   0.848058E-14   0.227752E+00  -0.670295E-13   0.141514E+00  -0.103564E-13   0.197325E+00  -0.154423E-14   0.142011E+00   0.571512E-14   0.235535E+00   0.737019E-13  -0.139445E+00  -0.426925E-14  -0.421787E-01  -0.218077E-13
    9.796  -0.407747E-01  -0.153445E-13  -0.137296E+00   0.752337E-14   0.231513E+00   0.432862E-13   0.134126E+00  -0.883950E-14   0.204158E+00  -0.477506E-14   0.137516E+00  -0.391720E-14   0.241432E+00  -0.683692E-13  -0.134359E+00   0.346248E-14  -0.392236E-01  -0.154276E-14
   10.408  -0.380529E-01  -0.373320E-13  -0.132659E+00  -0.668611E-14   0.235056E+00   0.369074E-13   0.127937E+00   0.552769E-14   0.210361E+00  -0.207378E-14   0.132854E+00  -0.861665E-14   0.246039E+00  -0.492441E-13  -0.129499E+00   0.536654E-14  -0.363275E-01   0.399166E-13
   11.020  -0.353788E-01   0.347930E-13  -0.128073E+00   0.147670E-13   0.238394E+00  -0.800713E-13   0.122592E+00   0.983582E-15   0.215970E+00  -0.585619E-14   0.128208E+00   0.419680E-14   0.249725E+00   0.901029E-13  -0.124869E+00  -0.101682E-13  -0.335803E-01  -0.151318E-13
   11.633  -0.328213E-01  -0.672691E-13  -0.123594E+00  -0.848919E-14   0.241518E+00   0.822767E-13   0.117859E+00  -0.718338E-14   0.221032E+00  -0.383464E-14   0.123674E+00  -0.376522E-15   0.252739E+00  -0.951217E-13  -0.120464E+00   0.168924E-13  -0.310193E-01   0.651821E-13
   12.245  -0.304161E-01   0.472458E-13  -0.119258E+00   0.111936E-13   0.244422E+00  -0.574770E-13   0.113581E+00   0.730765E-14   0.225596E+00  -0.165999E-14   0.119303E+00  -0.167991E-13   0.255252E+00   0.360387E-13  -0.116276E+00  -0.899198E-14  -0.286535E-01  -0.617163E-13
   12.857  -0.281792E-01  -0.140328E-12  -0.115089E+00   0.831814E-14   0.247102E+00   0.134463E-12   0.109654E+00  -0.893746E-14   0.229712E+00  -0.661633E-14   0.115120E+00   0.761596E-14   0.257383E+00  -0.138640E-12  -0.112296E+00  -0.604140E-14  -0.264797E-01   0.151338E-12
   13.469  -0.261121E-01   0.186506E-14  -0.111101E+00  -0.139883E-13   0.249563E+00  -0.475222E-13   0.106008E+00  -0.303588E-14   0.233426E+00  -0.428479E-14   0.111134E+00   0.106821E-14   0.259217E+00   0.492627E-13  -0.108515E+00   0.198569E-13  -0.244894E-01   0.703160E-14
   14.082  -0.242109E-01   0.515813E-14  -0.107298E+00   0.238255E-13   0.251812E+00   0.738789E-13   0.102593E+00   0.143565E-13   0.236780E+00  -0.218874E-14   0.107345E+00  -0.194362E-13   0.260817E+00  -0.947391E-13  -0.104923E+00  -0.184700E-13  -0.226729E-01  -0.156271E-13
   14.694  -0.224671E-01   0.471744E-13  -0.103682E+00  -0.910489E-14   0.253861E+00  -0.160890E-12   0.993757E-01  -0.195543E-13   0.239816E+00  -0.602652E-14   0.103749E+00   0.173290E-13   0.262228E+00   0.149948E-12  -0.101511E+00   0.993024E-14  -0.210162E-01  -0.450800E-13
   15.306  -0.208724E-01  -0.111960E-12  -0.100248E+00  -0.211761E-14   0.255725E+00   0.151407E-12   0.963311E-01   0.155902E-13   0.242566E+00  -0.458628E-14   0.100338E+00  -0.197681E-13   0.263483E+00  -0.149222E-12  -0.982698E-01   0.641647E-14  -0.195071E-01   0.121764E-12
   15.918  -0.194148E-01   0.903906E-13  -0.969903E-01   0.221446E-13   0.257421E+00  -0.796332E-13   0.934414E-01  -0.927864E-14   0.245064E+00  -0.297836E-14   0.971028E-01   0.626320E-14   0.264607E+00   0.647822E-13  -0.951911E-01  -0.167800E-13  -0.181318E-01  -0.946598E-13
   16.531  -0.180842E-01  -0.151303E-12  -0.939014E-01  -0.160921E-13   0.258961E+00   0.109861E-12   0.906927E-01   0.238793E-14   0.247337E+00  -0.472424E-14   0.940351E-01  -0.566308E-14   0.265620E+00  -0.124031E-12  -0.922657E-01   0.180193E-13  -0.168792E-01   0.149929E-12
   17.143  -0.168689E-01  -0.108163E-12  -0.909726E-01   0.873079E-14   0.260363E+00   0.800114E-13   0.880741E-01  -0.411931E-14   0.249409E+00  -0.424102E-14   0.911248E-01   0.530928E-15   0.266539E+00  -0.834628E-13  -0.894852E-01  -0.681034E-14  -0.157371E-01   0.110335E-12
   17.755  -0.157593E-01   0.162010E-12  -0.881949E-01   0.760607E-14   0.261639E+00  -0.133688E-12   0.855769E-01   0.652772E-14   0.251301E+00  -0.460023E-14   0.883628E-01  -0.968648E-14   0.267374E+00   0.123890E-12  -0.868413E-01  -0.292792E-14  -0.146955E-01  -0.158938E-12
   18.367  -0.147450E-01  -0.332062E-13  -0.855597E-01  -0.661609E-14   0.262803E+00   0.785401E-14   0.831932E-01  -0.909494E-14   0.253034E+00  -0.327293E-14   0.857398E-01   0.792424E-14   0.268136E+00  -0.188494E-13  -0.843263E-01   0.889267E-14  -0.137441E-01   0.311531E-13
   18.980  -0.138172E-01  -0.379036E-14  -0.830581E-01   0.828412E-14   0.263865E+00  -0.823185E-14   0.809167E-01   0.101284E-13   0.254623E+00  -0.473129E-14   0.832476E-01  -0.135402E-13   0.268834E+00   0.149550E-14  -0.819325E-01  -0.601063E-14  -0.128746E-01   0.569586E-14
   19.592  -0.129676E-01   0.287573E-13  -0.806818E-01   0.429371E-14   0.264837E+00  -0.415713E-13   0.787408E-01  -0.811590E-14   0.256083E+00  -0.479777E-14   0.808776E-01   0.540363E-14   0.269476E+00   0.328822E-13  -0.796527E-01  -0.128443E-14  -0.120788E-01  -0.272524E-13
   20.204  -0.121883E-01  -0.770806E-14  -0.784228E-01  -0.766850E-14   0.265727E+00   0.572451E-14   0.766608E-01   0.341757E-14   0.257428E+00  -0.285645E-14   0.786228E-01  -0.629249E-14   0.270066E+00  -0.153740E-13  -0.774803E-01   0.100423E-13  -0.113492E-01   0.616491E-14
   20.816  -0.114731E-01  -0.455303E-13  -0.762738E-01   0.149546E-13   0.266543E+00   0.131883E-13   0.746709E-01   0.224376E-14   0.258668E+00  -0.462974E-14   0.764755E-01  -0.498737E-14   0.270610E+00  -0.211054E-13  -0.754089E-01  -0.122684E-13  -0.106799E-01   0.465060E-13
   21.429  -0.108150E-01  -0.516582E-14  -0.742276E-01  -0.538205E-14   0.267295E+00   0.515857E-13   0.727667E-01  -0.479829E-14   0.259814E+00  -0.463581E-14   0.744296E-01   0.380744E-14   0.271113E+00  -0.598902E-13  -0.734325E-01   0.751117E-14  -0.100643E-01   0.599169E-14
   22.041  -0.102092E-01  -0.105558E-12  -0.722779E-01   0.104141E-15   0.267986E+00   0.368468E-13   0.709435E-01   0.164219E-14   0.260874E+00  -0.272839E-14   0.724784E-01  -0.417118E-14   0.271578E+00  -0.451811E-13  -0.715454E-01   0.158465E-14  -0.949776E-02   0.105972E-12
   22.653  -0.965028E-02  -0.275557E-13  -0.704186E-01   0.902068E-14   0.268624E+00   0.273214E-13   0.691972E-01   0.564340E-15   0.261857E+00  -0.463919E-14   0.706165E-01  -0.299942E-14   0.272009E+00  -0.338146E-13  -0.697425E-01  -0.617450E-14  -0.897520E-02   0.290122E-13
   23.265  -0.913407E-02   0.108251E-12  -0.686440E-01  -0.768489E-14   0.269214E+00  -0.110950E-12   0.675237E-01  -0.505994E-14   0.262770E+00  -0.379995E-14   0.688383E-01   0.306606E-14   0.272410E+00   0.101625E-12  -0.680188E-01   0.938278E-14  -0.849272E-02  -0.109159E-12
   23.878  -0.865640E-02  -0.167682E-12  -0.669489E-01   0.948132E-14   0.269761E+00   0.183886E-12   0.659192E-01   0.478155E-14   0.263618E+00  -0.292494E-14   0.671390E-01  -0.577107E-14   0.272783E+00  -0.192544E-12  -0.663698E-01  -0.810678E-14  -0.804631E-02   0.167289E-12
   24.490  -0.821386E-02   0.109647E-12  -0.653285E-01  -0.115531E-14   0.270267E+00  -0.148418E-12   0.643802E-01   0.234013E-14   0.264408E+00  -0.427925E-14   0.655138E-01  -0.483207E-14   0.273129E+00   0.143457E-12  -0.647911E-01   0.359548E-14  -0.763280E-02  -0.106761E-12
   25.102  -0.780323E-02   0.266765E-13  -0.637784E-01  -0.196556E-14   0.270738E+00  -0.424023E-13   0.629033E-01  -0.891373E-14   0.265145E+00  -0.342538E-14   0.639584E-01   0.703481E-14   0.273453E+00   0.339967E-13  -0.632788E-01   0.346630E-14  -0.724922E-02  -0.278930E-13
   25.714  -0.742166E-02   0.400645E-13  -0.622945E-01   0.809022E-14   0.271176E+00  -0.412092E-13   0.614852E-01   0.959978E-14   0.265833E+00  -0.317988E-14   0.624689E-01  -0.107188E-13   0.273755E+00   0.334587E-13  -0.618291E-01  -0.671853E-14  -0.689285E-02  -0.402628E-13
   26.327  -0.706658E-02   0.931295E-13  -0.608727E-01  -0.483579E-14   0.271584E+00  -0.912479E-13   0.601229E-01  -0.456239E-14   0.266476E+00  -0.356344E-14   0.610415E-01   0.340050E-14   0.274037E+00   0.855514E-13  -0.604387E-01   0.662046E-14  -0.656131E-02  -0.916397E-13
   26.939  -0.673598E-02  -0.182382E-12  -0.595098E-01   0.451233E-14   0.271965E+00   0.171816E-12   0.588135E-01   0.125063E-14   0.267078E+00  -0.345113E-14   0.596727E-01  -0.352329E-14   0.274301E+00  -0.178293E-12  -0.591041E-01  -0.293572E-14  -0.625273E-02   0.182474E-12
   27.551  -0.642752E-02   0.125207E-12  -0.582023E-01   0.285250E-14   0.272321E+00  -0.142337E-12   0.575543E-01  -0.288934E-14   0.267642E+00  -0.285864E-14   0.583592E-01   0.135656E-14   0.274549E+00   0.133235E-12  -0.578224E-01  -0.182334E-14  -0.596490E-02  -0.126967E-12
   28.163  -0.613991E-02   0.235179E-13  -0.569472E-01  -0.373892E-14   0.272653E+00  -0.589184E-13   0.563426E-01  -0.138713E-14   0.268171E+00  -0.311184E-14   0.570982E-01   0.999483E-15   0.274781E+00   0.546418E-13  -0.565906E-01   0.516260E-14  -0.569659E-02  -0.218143E-13
   28.776  -0.587135E-02  -0.361136E-13  -0.557417E-01   0.518492E-14   0.272965E+00   0.728976E-13   0.551757E-01   0.467933E-14   0.268668E+00  -0.337742E-14   0.558869E-01  -0.627586E-14   0.275000E+00  -0.776539E-13  -0.554060E-01  -0.367606E-14  -0.544613E-02   0.377764E-13
   29.388  -0.562094E-02  -0.353249E-13  -0.545835E-01   0.802916E-15   0.273256E+00   0.284956E-14   0.540510E-01  -0.929758E-14   0.269135E+00  -0.241599E-14   0.547229E-01   0.778293E-14   0.275204E+00  -0.114593E-13  -0.542657E-01   0.176098E-17  -0.521261E-02   0.331663E-13
   30.000  -0.538806E-02   0.627634E-13  -0.534703E-01   0.112273E-14   0.273530E+00  -0.674302E-13   0.529645E-01   0.465817E-14   0.269574E+00  -0.303020E-14   0.536045E-01  -0.558074E-14   0.275397E+00   0.627940E-13  -0.531667E-01   0.219468E-15  -0.499555E-02  -0.619143E-13
