    0.000 0.365250575E-18 -.494722132E-18 -.111041024E+00 0.308861487E-11 -.135540718E-18 0.174488475E-18 0.439165712E+00 -.115374065E-10 -.909103380E-17 0.351220286E-18 0.793381350E-06 0.350766586E-15 -.119217135E-19 0.354134893E-18 0.143992266E-04 -.733572954E-15 -.829333589E-18 -.694439260E-18
    0.144 0.236926117E-03 -.755268302E-14 -.111075581E+00 0.308945631E-11 0.239347477E-02 -.747947750E-13 0.439121554E+00 -.115356946E-10 0.232450245E-02 -.724947591E-13 0.453345445E-04 -.116037450E-15 0.783072356E-03 -.996185555E-14 -.178761853E-03 0.388986710E-14 0.232562503E-03 -.688039052E-14
    0.289 0.635896700E-03 -.200125491E-13 -.111178913E+00 0.309199626E-11 0.476029812E-02 -.148789573E-12 0.438990449E+00 -.115329728E-10 0.467566082E-02 -.145863097E-12 0.178433857E-03 -.388356537E-14 0.147576351E-02 -.170381856E-13 -.765139327E-03 0.184014204E-13 0.564597479E-03 -.168353128E-13
    0.433 0.113426884E-02 -.356637402E-13 -.111351716E+00 0.309610622E-11 0.710100714E-02 -.221953936E-12 0.438771636E+00 -.115258672E-10 0.707248498E-02 -.220285328E-12 0.399582053E-03 -.991252431E-14 0.214559053E-02 -.229765457E-13 -.174976113E-02 0.431182905E-13 0.962130184E-03 -.290162089E-13
    0.578 0.170311681E-02 -.537410120E-13 -.111595365E+00 0.310182024E-11 0.943807188E-02 -.295007719E-12 0.438461969E+00 -.115187661E-10 0.953169303E-02 -.296454540E-12 0.709449275E-03 -.171936019E-13 0.280994737E-02 -.280743098E-13 -.313336747E-02 0.778621876E-13 0.141018863E-02 -.430515458E-13
    0.723 0.232869844E-02 -.737859692E-13 -.111911856E+00 0.310925542E-11 0.117836473E-01 -.368359995E-12 0.438056177E+00 -.115104536E-10 0.120691207E-01 -.374833474E-12 0.110952022E-02 -.265171141E-13 0.348439107E-02 -.327485950E-13 -.491725991E-02 0.122567184E-12 0.190070615E-02 -.586782401E-13
    0.868 0.300245611E-02 -.955447738E-13 -.112303808E+00 0.311852876E-11 0.141481099E-01 -.442208228E-12 0.437546921E+00 -.114978569E-10 0.147000954E-01 -.455824419E-12 0.160211756E-02 -.377910817E-13 0.418236456E-02 -.374146901E-13 -.710291983E-02 0.177420747E-12 0.242826438E-02 -.756364594E-13
    1.014 0.371784889E-02 -.118790316E-12 -.112774477E+00 0.312980794E-11 0.165416464E-01 -.516886002E-12 0.436924798E+00 -.114829910E-10 0.174395193E-01 -.539894047E-12 0.219045531E-02 -.509439492E-13 0.491581954E-02 -.422314408E-13 -.969149604E-02 0.242287687E-12 0.298848766E-02 -.938803567E-13
    1.160 0.446929812E-02 -.143423801E-12 -.113327766E+00 0.314303819E-11 0.189747399E-01 -.592575473E-12 0.436178314E+00 -.114639807E-10 0.203018207E-01 -.627274909E-12 0.287870061E-02 -.684114593E-13 0.569588700E-02 -.474358771E-13 -.126832377E-01 0.317241830E-12 0.357747671E-02 -.113286856E-12
    1.306 0.525157922E-02 -.169244324E-12 -.113968220E+00 0.315833816E-11 0.214583964E-01 -.669719287E-12 0.435293852E+00 -.114453577E-10 0.233007998E-01 -.718563629E-12 0.367205550E-02 -.870374705E-13 0.653328659E-02 -.532120256E-13 -.160769069E-01 0.402316298E-12 0.419140416E-02 -.133771081E-12
    1.453 0.605938283E-02 -.196145634E-12 -.114700998E+00 0.317591166E-11 0.240043350E-01 -.748552330E-12 0.434255639E+00 -.114187624E-10 0.264493693E-01 -.813984612E-12 0.457685550E-02 -.112020620E-12 0.743864059E-02 -.599299662E-13 -.198691027E-01 0.497123419E-12 0.482620686E-02 -.155187832E-12
    1.601 0.688695898E-02 -.224149547E-12 -.115531822E+00 0.319584161E-11 0.266251497E-01 -.829321059E-12 0.433045719E+00 -.113891361E-10 0.297591994E-01 -.913746437E-12 0.560067118E-02 -.139435008E-12 0.842272563E-02 -.675450574E-13 -.240535540E-01 0.601781632E-12 0.547728081E-02 -.177658806E-12
    1.750 0.772779206E-02 -.252712463E-12 -.116466864E+00 0.321844502E-11 0.293344863E-01 -.912841025E-12 0.431643948E+00 -.113549732E-10 0.332402829E-01 -.101834797E-11 0.675241824E-02 -.168135355E-12 0.949673690E-02 -.763220030E-13 -.286203966E-01 0.716117617E-12 0.613920009E-02 -.200791349E-12
    1.899 0.857430845E-02 -.281657514E-12 -.117512583E+00 0.324374918E-11 0.321472330E-01 -.999189133E-12 0.430028007E+00 -.113144735E-10 0.369004455E-01 -.112775057E-11 0.804245643E-02 -.198229212E-12 0.106725777E-01 -.869816749E-13 -.335555419E-01 0.839526999E-12 0.680543601E-02 -.224203093E-12
    2.049 0.941756774E-02 -.310728257E-12 -.118675475E+00 0.327198277E-11 0.350797408E-01 -.108898771E-11 0.428173425E+00 -.112696749E-10 0.407448428E-01 -.124203078E-11 0.948269547E-02 -.232307774E-12 0.119632062E-01 -.994553429E-13 -.388401847E-01 0.971550467E-12 0.746803731E-02 -.247875655E-12
    2.199 0.102469125E-01 -.339736003E-12 -.119961741E+00 0.330343537E-11 0.381500496E-01 -.118270691E-11 0.426053612E+00 -.112181359E-10 0.447754931E-01 -.136145797E-11 0.110867025E-01 -.271459134E-12 0.133829965E-01 -.113972185E-12 -.444505555E-01 0.111151205E-11 0.811724976E-02 -.271657870E-12
    2.351 0.110495670E-01 -.368195422E-12 -.121376848E+00 0.333821470E-11 0.413781482E-01 -.128090991E-11 0.423639870E+00 -.111605761E-10 0.489908996E-01 -.148557367E-11 0.128698310E-01 -.314852415E-12 0.149481841E-01 -.131439207E-12 -.503579775E-01 0.125852237E-11 0.874105759E-02 -.294893799E-12
    2.504 0.118101597E-01 -.395815304E-12 -.122925024E+00 0.337644233E-11 0.447862626E-01 -.138412436E-11 0.420901329E+00 -.110929048E-10 0.533858433E-01 -.161401538E-11 0.148494107E-01 -.365000082E-12 0.166774329E-01 -.151889085E-12 -.565292848E-01 0.141203877E-11 0.932465580E-02 -.317556938E-12
    2.658 0.125101542E-01 -.421752695E-12 -.124608673E+00 0.341857297E-11 0.483991737E-01 -.149330883E-11 0.417804765E+00 -.110149157E-10 0.579513740E-01 -.174665413E-11 0.170450160E-01 -.420913024E-12 0.185925378E-01 -.176406848E-12 -.629275794E-01 0.157107372E-11 0.984982263E-02 -.338690589E-12
    2.813 0.131271589E-01 -.445567230E-12 -.126427767E+00 0.346449928E-11 0.522445465E-01 -.160909120E-11 0.414314272E+00 -.109274371E-10 0.626750233E-01 -.188271071E-11 0.194788511E-01 -.482187311E-12 0.207192613E-01 -.205421232E-12 -.695132825E-01 0.173463238E-11 0.102941843E-01 -.357826209E-12
    2.970 0.136340982E-01 -.466143716E-12 -.128379261E+00 0.351434253E-11 0.563532776E-01 -.173226774E-11 0.410390690E+00 -.108294274E-10 0.675412201E-01 -.202143044E-11 0.221763034E-01 -.550565272E-12 0.230883696E-01 -.240414408E-12 -.762452937E-01 0.190190625E-11 0.106303678E-01 -.373966306E-12
    3.127 0.139982398E-01 -.482645885E-12 -.130456527E+00 0.356814141E-11 0.607598282E-01 -.186422556E-11 0.405990826E+00 -.107214301E-10 0.725317937E-01 -.216233733E-11 0.251666447E-01 -.622931063E-12 0.257368635E-01 -.281947432E-12 -.830820249E-01 0.207133984E-11 0.108250185E-01 -.386287932E-12
    3.287 0.141801150E-01 -.494173600E-12 -.132648853E+00 0.362570656E-11 0.655024752E-01 -.200550370E-11 0.401066475E+00 -.105947026E-10 0.776264754E-01 -.230451037E-11 0.284838578E-01 -.709057695E-12 0.287093849E-01 -.331539165E-12 -.899820402E-01 0.224207973E-11 0.108377422E-01 -.393642973E-12
    3.447 0.141323757E-01 -.499147580E-12 -.134941033E+00 0.368680661E-11 0.706233698E-01 -.215790389E-11 0.395563277E+00 -.104554659E-10 0.828032884E-01 -.244705510E-11 0.321675412E-01 -.803989157E-12 0.320597289E-01 -.390592035E-12 -.969040872E-01 0.241309019E-11 0.106200374E-01 -.394702748E-12
    3.610 0.137987316E-01 -.495827413E-12 -.137313020E+00 0.375119712E-11 0.761682891E-01 -.232257169E-11 0.389419552E+00 -.102974844E-10 0.880387333E-01 -.258874219E-11 0.362637922E-01 -.910711037E-12 0.358523822E-01 -.461546829E-12 -.103806369E+00 0.258328181E-11 0.101143295E-01 -.387396528E-12
    3.774 0.131132703E-01 -.482516814E-12 -.139739671E+00 0.381840132E-11 0.821857139E-01 -.250052885E-11 0.382565460E+00 -.101151158E-10 0.933078291E-01 -.272881838E-11 0.408257302E-01 -.103484564E-11 0.401636760E-01 -.546615739E-12 -.110645049E+00 0.275134439E-11 0.925350919E-02 -.370124845E-12
    3.939 0.120006933E-01 -.456842306E-12 -.142190647E+00 0.388791528E-11 0.887247568E-01 -.269362314E-11 0.374923038E+00 -.991498802E-11 0.985839656E-01 -.286662981E-11 0.459131962E-01 -.117089029E-11 0.450820289E-01 -.648165573E-12 -.117372057E+00 0.291585605E-11 0.796151189E-02 -.340688334E-12
    4.107 0.103784506E-01 -.416632192E-12 -.144630459E+00 0.395894023E-11 0.958310548E-01 -.290272799E-11 0.366408460E+00 -.969201880E-11 0.103838602E+00 -.300084257E-11 0.515904114E-01 -.132465883E-11 0.507061338E-01 -.769213361E-12 -.123932233E+00 0.307526720E-11 0.615601465E-02 -.296673408E-12
    4.277 0.816233921E-02 -.359172216E-12 -.147018751E+00 0.403060079E-11 0.103539328E+00 -.312942797E-11 0.356938544E+00 -.944131136E-11 0.109040870E+00 -.313027131E-11 0.579197085E-01 -.149699477E-11 0.571393295E-01 -.912876300E-12 -.130260052E+00 0.322778141E-11 0.375484500E-02 -.235412793E-12
    4.449 0.527768378E-02 -.282178310E-12 -.149310972E+00 0.410166130E-11 0.111861077E+00 -.337438657E-11 0.346444435E+00 -.915960600E-11 0.114157277E+00 -.325384626E-11 0.649486174E-01 -.169085657E-11 0.644776984E-01 -.108157897E-11 -.136276602E+00 0.337121855E-11 0.688227069E-03 -.155075327E-12
    4.623 0.167789388E-02 -.184617613E-12 -.151459717E+00 0.417100218E-11 0.120766645E+00 -.363644254E-11 0.334895027E+00 -.884684123E-11 0.119152041E+00 -.337094667E-11 0.726879108E-01 -.190764823E-11 0.727896070E-01 -.127752247E-11 -.141888323E+00 0.350310563E-11 -.308144196E-02 -.545257958E-13
    4.799 -.262999935E-02 -.664602644E-13 -.153417085E+00 0.423727609E-11 0.130163382E+00 -.391261332E-11 0.322329863E+00 -.850382230E-11 0.123988875E+00 -.348095925E-11 0.810810263E-01 -.214439106E-11 0.820866534E-01 -.150139971E-11 -.146989807E+00 0.362082790E-11 -.753314869E-02 0.655819366E-13
    4.978 -.755943287E-02 0.699821234E-13 -.155138245E+00 0.429877153E-11 0.139877838E+00 -.419826532E-11 0.308892888E+00 -.813746014E-11 0.128634914E+00 -.358337220E-11 0.899734616E-01 -.239473772E-11 0.922927135E-01 -.175158098E-11 -.151472984E+00 0.372189080E-11 -.125616406E-01 0.203220954E-12
    5.159 -.129320736E-01 0.220386823E-12 -.156585907E+00 0.435390375E-11 0.149655989E+00 -.448776604E-11 0.294848319E+00 -.775118446E-11 0.133066565E+00 -.367869790E-11 0.991006992E-01 -.265528413E-11 0.103226040E+00 -.202165536E-11 -.155242874E+00 0.380435814E-11 -.179675492E-01 0.352519623E-12
    5.343 -.184943666E-01 0.377030159E-12 -.157734601E+00 0.440136317E-11 0.159193825E+00 -.476994838E-11 0.280558164E+00 -.735966399E-11 0.137275339E+00 -.376783347E-11 0.108114398E+00 -.291105091E-11 0.114611567E+00 -.230702258E-11 -.158235916E+00 0.386730651E-11 -.234784116E-01 0.506790847E-12
    5.530 -.239639394E-01 0.532857625E-12 -.158573220E+00 0.443979076E-11 0.168194196E+00 -.503946498E-11 0.266419895E+00 -.696606139E-11 0.141270704E+00 -.385185954E-11 0.116647059E+00 -.315952373E-11 0.126126544E+00 -.259534028E-11 -.160433462E+00 0.391124402E-11 -.288000860E-01 0.656956724E-12
    5.720 -.290857090E-01 0.680088969E-12 -.159104775E+00 0.446897847E-11 0.176425054E+00 -.528777824E-11 0.252791517E+00 -.658889016E-11 0.145077999E+00 -.393256161E-11 0.124386520E+00 -.338329873E-11 0.137460097E+00 -.288011902E-11 -.161864133E+00 0.393731467E-11 -.336760134E-01 0.796282281E-12
    5.913 -.336718667E-01 0.812990528E-12 -.159343613E+00 0.448875084E-11 0.183752648E+00 -.551128967E-11 0.239938734E+00 -.623300666E-11 0.148732288E+00 -.401150810E-11 0.131124974E+00 -.357899683E-11 0.148359675E+00 -.315365980E-11 -.162594740E+00 0.394757079E-11 -.379271382E-01 0.919653707E-12
    6.110 -.376143374E-01 0.928683450E-12 -.159311341E+00 0.449969913E-11 0.190141934E+00 -.570747330E-11 0.228019185E+00 -.590144233E-11 0.152271021E+00 -.408978104E-11 0.136768612E+00 -.374481017E-11 0.158650666E+00 -.341307650E-11 -.162715034E+00 0.394427449E-11 -.414616878E-01 0.102458882E-11
    6.310 -.408753347E-01 0.102669724E-11 -.159032839E+00 0.450256127E-11 0.195634683E+00 -.588032678E-11 0.217095768E+00 -.559654618E-11 0.155728185E+00 -.416838982E-11 0.141317857E+00 -.388068819E-11 0.168232881E+00 -.365300669E-11 -.162322542E+00 0.392981908E-11 -.442620927E-01 0.110981042E-11
    6.514 -.434685031E-01 0.110640916E-11 -.158533229E+00 0.449750304E-11 0.200320964E+00 -.603135547E-11 0.207162048E+00 -.532107655E-11 0.159131068E+00 -.424776543E-11 0.144836794E+00 -.398615507E-11 0.177065530E+00 -.387215488E-11 -.161511369E+00 0.390657088E-11 -.463628382E-01 0.117601641E-11
    6.721 -.454396058E-01 0.116870809E-11 -.157835981E+00 0.448549956E-11 0.204313873E+00 -.616117927E-11 0.198167869E+00 -.506683313E-11 0.162499348E+00 -.432816769E-11 0.147424460E+00 -.407030140E-11 0.185149741E+00 -.407292819E-11 -.160365691E+00 0.387645051E-11 -.478288683E-01 0.122530138E-11
    6.933 -.468511745E-01 0.121561210E-11 -.156961975E+00 0.446757639E-11 0.207731461E+00 -.627355522E-11 0.190039468E+00 -.484010200E-11 0.165845658E+00 -.440969053E-11 0.149193559E+00 -.412726964E-11 0.192513515E+00 -.425601024E-11 -.158957040E+00 0.384071629E-11 -.487389918E-01 0.125940081E-11
    7.149 -.477718068E-01 0.124907133E-11 -.155929258E+00 0.444435558E-11 0.210685558E+00 -.637420514E-11 0.182693358E+00 -.463431434E-11 0.169176860E+00 -.449219842E-11 0.150256775E+00 -.416444001E-11 0.199200384E+00 -.441933870E-11 -.157344091E+00 0.380040282E-11 -.491747315E-01 0.128001240E-11
    7.369 -.482694799E-01 0.127050452E-11 -.154753170E+00 0.441627316E-11 0.213275907E+00 -.646454340E-11 0.176044917E+00 -.445082852E-11 0.172495453E+00 -.457547107E-11 0.150719148E+00 -.418149105E-11 0.205261633E+00 -.456539930E-11 -.155573753E+00 0.375665306E-11 -.492136844E-01 0.128944227E-11
    7.594 -.484077619E-01 0.128156572E-11 -.153446680E+00 0.438364709E-11 0.215587843E+00 -.654607170E-11 0.170013277E+00 -.428205826E-11 0.175800868E+00 -.465920583E-11 0.150674544E+00 -.418662983E-11 0.210751200E+00 -.469648695E-11 -.153682801E+00 0.371024094E-11 -.489260809E-01 0.128962091E-11
    7.824 -.482439652E-01 0.128406536E-11 -.152020782E+00 0.434662252E-11 0.217692122E+00 -.662261648E-11 0.164523770E+00 -.412512411E-11 0.179090518E+00 -.474307687E-11 0.150204614E+00 -.418271217E-11 0.215722503E+00 -.481204202E-11 -.151699649E+00 0.366189451E-11 -.483734160E-01 0.128184084E-11
    8.060 -.478285141E-01 0.127877130E-11 -.150484881E+00 0.430589180E-11 0.219645892E+00 -.669072081E-11 0.159508858E+00 -.398454719E-11 0.182360599E+00 -.482677228E-11 0.149379140E+00 -.416507789E-11 0.220226611E+00 -.491816207E-11 -.149645956E+00 0.361172308E-11 -.476082948E-01 0.126801560E-11
    8.301 -.472050266E-01 0.126734406E-11 -.148847135E+00 0.426223534E-11 0.221494209E+00 -.675576284E-11 0.154908194E+00 -.385470432E-11 0.185606671E+00 -.491001844E-11 0.148257072E+00 -.413928175E-11 0.224311264E+00 -.501196886E-11 -.147538039E+00 0.355944152E-11 -.466749442E-01 0.124893292E-11
    8.547 -.464107839E-01 0.125053059E-11 -.147114756E+00 0.421513669E-11 0.223271745E+00 -.682011544E-11 0.150668271E+00 -.374014182E-11 0.188824057E+00 -.499249494E-11 0.146887850E+00 -.410101772E-11 0.228020407E+00 -.509293346E-11 -.145388057E+00 0.350594766E-11 -.456101007E-01 0.122570278E-11
    8.800 -.454773691E-01 0.123001185E-11 -.145294238E+00 0.416425173E-11 0.225004464E+00 -.688591582E-11 0.146741847E+00 -.362764608E-11 0.192008107E+00 -.507381829E-11 0.145312732E+00 -.406341000E-11 0.231394055E+00 -.516069956E-11 -.143204946E+00 0.345189475E-11 -.444439758E-01 0.119839653E-11
    9.060 -.444314064E-01 0.120552051E-11 -.143391543E+00 0.411135714E-11 0.226711164E+00 -.695066939E-11 0.143087251E+00 -.352232141E-11 0.195154370E+00 -.515379754E-11 0.143566063E+00 -.402087624E-11 0.234468417E+00 -.521902496E-11 -.140995187E+00 0.339588123E-11 -.432012406E-01 0.116869304E-11
    9.326 -.432952535E-01 0.117769196E-11 -.141412250E+00 0.405606927E-11 0.228404835E+00 -.700993708E-11 0.139667740E+00 -.342748381E-11 0.198258689E+00 -.523220792E-11 0.141676393E+00 -.396970097E-11 0.237276076E+00 -.527334286E-11 -.138763404E+00 0.333842744E-11 -.419019297E-01 0.113703405E-11
    9.599 -.420876582E-01 0.114733027E-11 -.139361650E+00 0.399744497E-11 0.230093826E+00 -.706827190E-11 0.136450893E+00 -.333733075E-11 0.201317264E+00 -.530869091E-11 0.139667436E+00 -.391548989E-11 0.239846254E+00 -.532002083E-11 -.136512830E+00 0.328074281E-11 -.405622497E-01 0.110379108E-11
    9.881 -.408243527E-01 0.111499079E-11 -.137244825E+00 0.393629732E-11 0.231782847E+00 -.712843173E-11 0.133408068E+00 -.325050637E-11 0.204326664E+00 -.538306383E-11 0.137558901E+00 -.385936409E-11 0.242205093E+00 -.535694107E-11 -.134245672E+00 0.322209558E-11 -.391952859E-01 0.106922459E-11
   10.170 -.395185631E-01 0.108167723E-11 -.135066695E+00 0.387323891E-11 0.233473792E+00 -.718999561E-11 0.130513936E+00 -.316897166E-11 0.207283839E+00 -.545510981E-11 0.135367172E+00 -.379900209E-11 0.244375923E+00 -.538486653E-11 -.131963393E+00 0.316204087E-11 -.378116058E-01 0.103287943E-11
   10.468 -.381814536E-01 0.104633687E-11 -.132832045E+00 0.380800189E-11 0.235166427E+00 -.724833428E-11 0.127746074E+00 -.308822781E-11 0.210186106E+00 -.552461676E-11 0.133105883E+00 -.373858179E-11 0.246379543E+00 -.540903024E-11 -.129666928E+00 0.310102312E-11 -.364197564E-01 0.996582099E-12
   10.775 -.368225018E-01 0.100981209E-11 -.130545546E+00 0.374097686E-11 0.236858954E+00 -.730427042E-11 0.125084611E+00 -.301106217E-11 0.213031141E+00 -.559140216E-11 0.130786385E+00 -.367505346E-11 0.248234471E+00 -.542866527E-11 -.127356854E+00 0.303869575E-11 -.350266813E-01 0.959918447E-12
   11.092 -.354498011E-01 0.972680102E-12 -.128211753E+00 0.367187011E-11 0.238548471E+00 -.735923981E-11 0.122511948E+00 -.293841962E-11 0.215816954E+00 -.565521323E-11 0.128418139E+00 -.360725995E-11 0.249957167E+00 -.544253087E-11 -.125033514E+00 0.297555138E-11 -.336380561E-01 0.922890006E-12
   11.419 -.340703254E-01 0.935304993E-12 -.125835099E+00 0.360068573E-11 0.240231338E+00 -.741541028E-11 0.120012504E+00 -.286466620E-11 0.218541874E+00 -.571588778E-11 0.126009035E+00 -.354058812E-11 0.251562248E+00 -.544841140E-11 -.122697116E+00 0.291169915E-11 -.322585691E-01 0.885297788E-12
   11.757 -.326901297E-01 0.897125718E-12 -.123419886E+00 0.352790983E-11 0.241903477E+00 -.746904745E-11 0.117572509E+00 -.279210013E-11 0.221204531E+00 -.577323722E-11 0.123565664E+00 -.347246183E-11 0.253062669E+00 -.545014119E-11 -.120347799E+00 0.284678408E-11 -.308921350E-01 0.848098678E-12
   12.107 -.313145193E-01 0.859512839E-12 -.120970265E+00 0.345412025E-11 0.243560611E+00 -.752349424E-11 0.115179820E+00 -.272034858E-11 0.223803831E+00 -.582709675E-11 0.121093529E+00 -.340289999E-11 0.254469893E+00 -.544436111E-11 -.117985690E+00 0.278025159E-11 -.295420678E-01 0.810403130E-12
   12.470 -.299481762E-01 0.820552258E-12 -.118490217E+00 0.337842723E-11 0.245198446E+00 -.757337961E-11 0.112823770E+00 -.265147657E-11 0.226338940E+00 -.587721192E-11 0.118597231E+00 -.332992755E-11 0.255794042E+00 -.543607281E-11 -.115610933E+00 0.271313996E-11 -.282112131E-01 0.774187508E-12
   12.845 -.285952647E-01 0.782966980E-12 -.115983538E+00 0.330100327E-11 0.246812815E+00 -.762602740E-11 0.110495032E+00 -.258055918E-11 0.228809266E+00 -.592337718E-11 0.116080622E+00 -.325805737E-11 0.257044024E+00 -.541801094E-11 -.113223717E+00 0.264543424E-11 -.269020525E-01 0.737147884E-12
   13.235 -.272595062E-01 0.746121799E-12 -.113453814E+00 0.322258382E-11 0.248399785E+00 -.768147373E-11 0.108185496E+00 -.250980826E-11 0.231214438E+00 -.596540039E-11 0.113546928E+00 -.318490186E-11 0.258227660E+00 -.538956733E-11 -.110824287E+00 0.257643705E-11 -.256167744E-01 0.699885671E-12
   13.640 -.259442337E-01 0.707898410E-12 -.110904405E+00 0.314379241E-11 0.249955739E+00 -.772214155E-11 0.105888167E+00 -.243916307E-11 0.233554288E+00 -.600310841E-11 0.110998850E+00 -.311056184E-11 0.259351791E+00 -.536816993E-11 -.108412950E+00 0.250570411E-11 -.243573268E-01 0.664918169E-12
   14.061 -.246524335E-01 0.670873193E-12 -.108338432E+00 0.306387157E-11 0.251477425E+00 -.776662442E-11 0.103597064E+00 -.236982925E-11 0.235828834E+00 -.603625752E-11 0.108438653E+00 -.303348062E-11 0.260422369E+00 -.533492760E-11 -.105990075E+00 0.243401100E-11 -.231254543E-01 0.629888589E-12
   14.500 -.233867775E-01 0.635068390E-12 -.105758763E+00 0.298246875E-11 0.252961998E+00 -.780844697E-11 0.101307137E+00 -.229807053E-11 0.238038257E+00 -.606451248E-11 0.105868245E+00 -.295731393E-11 0.261444549E+00 -.529572180E-11 -.103556090E+00 0.236176091E-11 -.219227255E-01 0.594877536E-12
   14.957 -.221496406E-01 0.598822089E-12 -.103168004E+00 0.290119029E-11 0.254407029E+00 -.784322016E-11 0.990141815E-01 -.222597840E-11 0.240182883E+00 -.608770073E-11 0.103289232E+00 -.287998691E-11 0.262422761E+00 -.525465661E-11 -.101111474E+00 0.228759578E-11 -.207505449E-01 0.561744901E-12
   15.435 -.209431144E-01 0.564407446E-12 -.100568496E+00 0.281811352E-11 0.255810518E+00 -.787992931E-11 0.967147598E-01 -.215486598E-11 0.242263164E+00 -.610555335E-11 0.100702974E+00 -.279999234E-11 0.263360794E+00 -.520211627E-11 -.986567460E-01 0.221337284E-11 -.196101590E-01 0.528318656E-12
   15.934 -.197690177E-01 0.530267003E-12 -.979623153E-01 0.273403684E-11 0.257170875E+00 -.790953776E-11 0.944061264E-01 -.208331355E-11 0.244279656E+00 -.611772868E-11 0.981106255E-01 -.271875392E-11 0.264261857E+00 -.514651061E-11 -.961924581E-01 0.213839515E-11 -.185026596E-01 0.496279071E-12
   16.457 -.186289030E-01 0.496756050E-12 -.953512795E-01 0.264947390E-11 0.258486909E+00 -.793275053E-11 0.920861558E-01 -.200739647E-11 0.246232999E+00 -.612388405E-11 0.955131730E-01 -.264020462E-11 0.265128648E+00 -.508669983E-11 -.937191820E-01 0.206226939E-11 -.174289826E-01 0.465365876E-12
   17.005 -.175240630E-01 0.465045298E-12 -.927369512E-01 0.256371351E-11 0.259757804E+00 -.795670610E-11 0.897532730E-01 -.193372407E-11 0.248123903E+00 -.612358508E-11 0.929114675E-01 -.255743091E-11 0.265963412E+00 -.501431434E-11 -.912374968E-01 0.198561676E-11 -.163899053E-01 0.434476715E-12
   17.581 -.164555348E-01 0.434236460E-12 -.901206524E-01 0.247590903E-11 0.260983083E+00 -.797452083E-11 0.874063882E-01 -.186021655E-11 0.249953126E+00 -.611646521E-11 0.903062491E-01 -.247271238E-11 0.266767998E+00 -.493592950E-11 -.887479796E-01 0.190946685E-11 -.153860435E-01 0.404685060E-12
   18.187 -.154241102E-01 0.403252095E-12 -.875034821E-01 0.238808456E-11 0.262162581E+00 -.797871194E-11 0.850448342E-01 -.178018662E-11 0.251721454E+00 -.610194413E-11 0.876981703E-01 -.239257327E-11 0.267543914E+00 -.485765975E-11 -.862511986E-01 0.183169033E-11 -.144178512E-01 0.376847148E-12
   18.825 -.144303418E-01 0.374106263E-12 -.848863320E-01 0.229992322E-11 0.263296405E+00 -.797735098E-11 0.826683001E-01 -.170542021E-11 0.253429689E+00 -.607954340E-11 0.850878085E-01 -.230538033E-11 0.268292375E+00 -.477055557E-11 -.837477030E-01 0.175270334E-11 -.134856187E-01 0.349284636E-12
   19.499 -.134745604E-01 0.346058325E-12 -.822699092E-01 0.220854081E-11 0.264384892E+00 -.796913293E-11 0.802767807E-01 -.162594230E-11 0.255078633E+00 -.604861869E-11 0.824756870E-01 -.222105518E-11 0.269014348E+00 -.467465954E-11 -.812380190E-01 0.167541064E-11 -.125894793E-01 0.322690426E-12
   20.213 -.125568859E-01 0.319270315E-12 -.796547558E-01 0.211669984E-11 0.265428577E+00 -.795477352E-11 0.778705185E-01 -.154589976E-11 0.256669077E+00 -.600854742E-11 0.798622835E-01 -.213533210E-11 0.269710597E+00 -.456791446E-11 -.787226434E-01 0.159705434E-11 -.117294123E-01 0.296892702E-12
   20.969 -.116772494E-01 0.292769427E-12 -.770412779E-01 0.202296934E-11 0.266428145E+00 -.792013152E-11 0.754499625E-01 -.146574909E-11 0.258201785E+00 -.595854932E-11 0.772480467E-01 -.204785425E-11 0.270381715E+00 -.446305749E-11 -.762020468E-01 0.151910777E-11 -.109052551E-01 0.272796425E-12
   21.772 -.108354092E-01 0.267748275E-12 -.744297666E-01 0.192780357E-11 0.267384405E+00 -.787342310E-11 0.730157178E-01 -.138345831E-11 0.259677491E+00 -.589779761E-11 0.746333980E-01 -.196082314E-11 0.271028166E+00 -.435033053E-11 -.736766718E-01 0.144115941E-11 -.101167122E-01 0.249256952E-12
   22.628 -.100309739E-01 0.244066561E-12 -.718204245E-01 0.183196371E-11 0.268298253E+00 -.781196207E-11 0.705685116E-01 -.130338090E-11 0.261096889E+00 -.582538543E-11 0.720187420E-01 -.186986555E-11 0.271650310E+00 -.423042589E-11 -.711469371E-01 0.136249772E-11 -.936336953E-02 0.226439128E-12
   23.541 -.926342861E-02 0.221248052E-12 -.692133928E-01 0.173441241E-11 0.269170635E+00 -.773276517E-11 0.681091648E-01 -.122499040E-11 0.262460626E+00 -.574036992E-11 0.694044772E-01 -.177561118E-11 0.272248429E+00 -.410441041E-11 -.686132464E-01 0.128423280E-11 -.864471377E-02 0.204759822E-12
   24.518 -.853215893E-02 0.198690471E-12 -.666087777E-01 0.163551764E-11 0.270002524E+00 -.762257705E-11 0.656385684E-01 -.114658818E-11 0.263769302E+00 -.564170537E-11 0.667910032E-01 -.167991028E-11 0.272822744E+00 -.398368797E-11 -.660759982E-01 0.120616855E-11 -.796015033E-02 0.184746008E-12
   25.567 -.783647559E-02 0.177953404E-12 -.640066796E-01 0.153310851E-11 0.270794896E+00 -.748834978E-11 0.631576691E-01 -.106924459E-11 0.265023464E+00 -.552830066E-11 0.641787329E-01 -.158192954E-11 0.273373436E+00 -.385899833E-11 -.635356020E-01 0.113065953E-11 -.730902252E-02 0.165034079E-12
   26.697 -.717564181E-02 0.158866290E-12 -.614072248E-01 0.142959104E-11 0.271548705E+00 -.732918978E-11 0.606674688E-01 -.993477375E-12 0.266223602E+00 -.539896890E-11 0.615681112E-01 -.148133666E-11 0.273900651E+00 -.372875743E-11 -.609924991E-01 0.105546945E-11 -.669063439E-02 0.145665127E-12
   27.917 -.654889745E-02 0.139063759E-12 -.588106040E-01 0.132640867E-11 0.272264867E+00 -.711657013E-11 0.581690337E-01 -.921756335E-12 0.267370151E+00 -.525221893E-11 0.589596395E-01 -.137588084E-11 0.274404510E+00 -.361896529E-11 -.584471938E-01 0.979409104E-12 -.610427146E-02 0.128975997E-12
   29.240 -.595548116E-02 0.121360600E-12 -.562171159E-01 0.122662145E-11 0.272944247E+00 -.687047978E-11 0.556635168E-01 -.856850131E-12 0.268463484E+00 -.508671695E-11 0.563539086E-01 -.126326035E-11 0.274885114E+00 -.350673202E-11 -.559002914E-01 0.899727498E-12 -.554922010E-02 0.112077828E-12
   30.679 -.539465495E-02 0.104789279E-12 -.536272286E-01 0.112728903E-11 0.273587641E+00 -.657999317E-11 0.531522060E-01 -.800038380E-12 0.269503903E+00 -.490120217E-11 0.537516540E-01 -.114266496E-11 0.275342536E+00 -.340037846E-11 -.533525559E-01 0.819852523E-12 -.502479006E-02 0.961432472E-13
   32.251 -.486572317E-02 0.880409900E-13 -.510416610E-01 0.102777224E-11 0.274195771E+00 -.622708716E-11 0.506365953E-01 -.745885555E-12 0.270491639E+00 -.469443231E-11 0.511538312E-01 -.101998560E-11 0.275776824E+00 -.331571224E-11 -.508049907E-01 0.741049251E-12 -.453033226E-02 0.824219508E-13
   33.978 -.436805283E-02 0.738910463E-13 -.484614962E-01 0.928689806E-12 0.274769270E+00 -.583785160E-11 0.481184934E-01 -.692460239E-12 0.271426832E+00 -.446499914E-11 0.485617232E-01 -.897888060E-12 0.276187986E+00 -.322368565E-11 -.482589522E-01 0.663292169E-12 -.406525838E-02 0.684584180E-13
   35.882 -.390109293E-02 0.603141926E-13 -.458883414E-01 0.835347973E-12 0.275308679E+00 -.540576527E-11 0.456001946E-01 -.640730463E-12 0.272309516E+00 -.421153932E-11 0.459771011E-01 -.776125723E-12 0.276575982E+00 -.312832541E-11 -.457163216E-01 0.582067523E-12 -.362906040E-02 0.563179999E-13
   37.994 -.346440039E-02 0.482202429E-13 -.433245445E-01 0.741918572E-12 0.275814438E+00 -.493362540E-11 0.430847604E-01 -.586644556E-12 0.273139595E+00 -.393302102E-11 0.434024290E-01 -.659669690E-12 0.276940689E+00 -.302477618E-11 -.431797840E-01 0.504110701E-12 -.322133914E-02 0.454227233E-13
   40.351 -.305768826E-02 0.378536063E-13 -.407733642E-01 0.640349952E-12 0.276286916E+00 -.444205581E-11 0.405766652E-01 -.526764163E-12 0.273916801E+00 -.362825476E-11 0.408409550E-01 -.553076317E-12 0.277281844E+00 -.288968351E-11 -.406534275E-01 0.438425096E-12 -.284186294E-02 0.355834963E-13
   43.000 -.268099115E-02 0.283505021E-13 -.382378945E-01 0.530897187E-12 0.276726550E+00 -.393429266E-11 0.380849986E-01 -.457888983E-12 0.274640602E+00 -.329539839E-11 0.382946441E-01 -.461393704E-12 0.277598847E+00 -.271610835E-11 -.381451135E-01 0.386055563E-12 -.249075246E-02 0.275994374E-13
   45.999 -.233575690E-02 0.205764856E-13 -.357062331E-01 0.397511324E-12 0.277134106E+00 -.344347939E-11 0.356608228E-01 -.382036079E-12 0.275309837E+00 -.292991255E-11 0.357290154E-01 -.391423518E-12 0.277890630E+00 -.246254287E-11 -.356841039E-01 0.372200586E-12 -.216933469E-02 0.204331177E-13
   49.425 -.202276458E-02 0.170458100E-13 -.332232009E-01 0.351449083E-12 0.277510057E+00 -.298354296E-11 0.332115526E-01 -.347701940E-12 0.275929563E+00 -.254041179E-11 0.332304668E-01 -.351563804E-12 0.278164648E+00 -.213682044E-11 -.332187525E-01 0.347598033E-12 -.187837019E-02 0.159744445E-13
   53.378 -.173400153E-02 0.138869840E-13 -.307627042E-01 0.317751768E-12 0.277856766E+00 -.255884717E-11 0.307534878E-01 -.314794658E-12 0.276501585E+00 -.217953558E-11 0.307684733E-01 -.317853830E-12 0.278417750E+00 -.183294086E-11 -.307592041E-01 0.314767809E-12 -.161003994E-02 0.134114363E-13
   57.990 -.146891187E-02 0.115954060E-13 -.283155794E-01 0.286009766E-12 0.278174971E+00 -.216820598E-11 0.283083854E-01 -.283710049E-12 0.277026730E+00 -.184770406E-11 0.283200829E-01 -.286071444E-12 0.278650070E+00 -.155394749E-11 -.283128536E-01 0.283684677E-12 -.136375634E-02 0.108033948E-13
   63.445 -.122700389E-02 0.911196439E-14 -.258806892E-01 0.256010967E-12 0.278465277E+00 -.181201144E-11 0.258751905E-01 -.254268428E-12 0.277505955E+00 -.154445872E-11 0.258841312E-01 -.256028888E-12 0.278862042E+00 -.129850320E-11 -.258786099E-01 0.254229079E-12 -.113905539E-02 0.904968311E-14
   70.000 -.100783850E-02 0.753482879E-14 -.234569314E-01 0.227578201E-12 0.278728232E+00 -.148883712E-11 0.234528337E-01 -.226277995E-12 0.277940129E+00 -.126936705E-11 0.234594962E-01 -.227595542E-12 0.279054059E+00 -.106708150E-11 -.234553846E-01 0.226259168E-12 -.935517041E-03 0.697446068E-14
