    0.000   0.925363E-18   0.426344E-18  -0.105752E-17   0.302525E-18  -0.287193E-18   0.233225E-18  -0.170629E-17   0.187908E-20  -0.167972E-17   0.192261E-18  -0.710790E-19   0.108070E-18  -0.857813E-18   0.718010E-18   0.687200E-19   0.949409E-19  -0.331734E-19  -0.143347E-18
    0.612   0.914277E-03  -0.175181E-16  -0.655101E-18  -0.385417E-18   0.432438E-01  -0.843478E-16  -0.151677E-17   0.152556E-17   0.134882E+00  -0.564908E-16  -0.742039E-18  -0.110884E-17   0.687681E-01   0.570616E-16   0.184421E-18   0.343733E-18   0.992025E-03  -0.117832E-17
    1.224   0.140037E-02  -0.381289E-16  -0.712011E-18  -0.299513E-18   0.842106E-01  -0.155721E-15   0.717569E-18   0.131044E-17   0.216906E+00  -0.909584E-16  -0.902479E-20  -0.115805E-17   0.127413E+00   0.118735E-15  -0.399677E-18   0.535838E-18   0.248564E-02  -0.167495E-16
    1.837   0.827996E-03   0.434713E-16  -0.332221E-17  -0.716540E-18   0.121254E+00  -0.379226E-15   0.259509E-17  -0.384092E-18   0.257636E+00  -0.944709E-16   0.141914E-17   0.452867E-18   0.173540E+00   0.310285E-15  -0.330421E-17   0.354198E-18   0.344983E-02  -0.664815E-16
    2.449  -0.402238E-03   0.605701E-16  -0.640794E-17  -0.122118E-17   0.153142E+00  -0.445817E-15   0.235282E-17   0.247551E-17   0.276464E+00  -0.185599E-15   0.220636E-17  -0.202784E-17   0.207944E+00   0.259124E-15  -0.628886E-17   0.116558E-17   0.373708E-02   0.242494E-16
    3.061  -0.170673E-02   0.715886E-16   0.819645E-18  -0.782446E-18   0.179401E+00  -0.434136E-15  -0.493572E-17  -0.583806E-17   0.284553E+00  -0.199745E-15  -0.458473E-17   0.637868E-17   0.232634E+00   0.274016E-15   0.723645E-18   0.227395E-17   0.359992E-02  -0.424189E-16
    3.673  -0.270581E-02   0.557734E-16   0.870460E-18   0.317129E-18   0.200319E+00  -0.338151E-15   0.156865E-17  -0.259304E-17   0.287419E+00  -0.177491E-15   0.152982E-17   0.225227E-17   0.249864E+00   0.138440E-15  -0.337463E-18   0.226733E-18   0.330586E-02  -0.165913E-16
    4.286  -0.327474E-02  -0.176012E-16   0.311358E-17   0.153135E-18   0.216648E+00  -0.393426E-15   0.111022E-17  -0.653425E-20   0.287820E+00  -0.158348E-15   0.147692E-17  -0.179782E-18   0.261640E+00   0.189083E-15   0.306088E-17  -0.204026E-18   0.301807E-02   0.808325E-16
    4.898  -0.345355E-02  -0.489976E-16  -0.223364E-17   0.604433E-18   0.229270E+00  -0.378169E-15   0.234428E-18   0.922555E-18   0.287150E+00  -0.148861E-15   0.313275E-18  -0.105628E-17   0.269554E+00   0.139167E-15  -0.210764E-17  -0.469636E-18   0.279941E-02   0.112765E-15
    5.510  -0.334804E-02  -0.103305E-16   0.735540E-18  -0.394298E-17   0.239008E+00  -0.441366E-15   0.406947E-18   0.127493E-17   0.286105E+00  -0.155033E-15   0.310551E-18  -0.137897E-17   0.274794E+00   0.197444E-15   0.627916E-18   0.380388E-17   0.265358E-02   0.634716E-16
    6.122  -0.306816E-02   0.673552E-16  -0.197233E-17   0.229127E-17   0.246544E+00  -0.467345E-15  -0.119241E-18  -0.153117E-17   0.285014E+00  -0.134581E-15  -0.285855E-18   0.172507E-17   0.278210E+00   0.228729E-15  -0.236598E-17  -0.216036E-17   0.256098E-02  -0.728720E-18
    6.735  -0.270211E-02   0.764331E-16  -0.247028E-18   0.718046E-17   0.252410E+00  -0.514923E-15   0.161881E-18  -0.236730E-17   0.284021E+00  -0.121939E-15  -0.152342E-18   0.230160E-17   0.280393E+00   0.274273E-15   0.390825E-20  -0.714252E-17   0.249853E-02   0.647504E-18
    7.347  -0.231128E-02  -0.137515E-16  -0.103973E-17   0.280517E-17   0.257011E+00  -0.570238E-15  -0.928543E-18   0.382630E-17   0.283173E+00  -0.107870E-15  -0.942296E-18  -0.387363E-17   0.281752E+00   0.394964E-15  -0.159125E-17  -0.237309E-17   0.244777E-02   0.186194E-16
    7.959  -0.193375E-02  -0.891122E-16  -0.770543E-18  -0.442562E-17   0.260648E+00  -0.485378E-15  -0.662079E-18   0.341096E-17   0.282477E+00  -0.969742E-16  -0.682497E-18  -0.320438E-17   0.282561E+00   0.303845E-15  -0.983591E-18   0.478349E-17   0.239654E-02   0.103828E-15
    8.571  -0.159035E-02  -0.703951E-16  -0.215445E-17  -0.362522E-17   0.263549E+00  -0.449844E-15   0.111458E-17   0.315256E-17   0.281918E+00  -0.918158E-16   0.120811E-17  -0.311646E-17   0.283008E+00   0.264567E-15  -0.223621E-17   0.344194E-17   0.233824E-02   0.106069E-15
    9.184  -0.129026E-02   0.130854E-15   0.263806E-17   0.181003E-17   0.265882E+00  -0.998535E-15   0.268811E-17   0.993219E-18   0.281476E+00  -0.973130E-16   0.267110E-17  -0.980489E-18   0.283219E+00   0.780206E-15   0.284628E-17  -0.166726E-17   0.227034E-02  -0.585315E-16
    9.796  -0.103534E-02   0.406061E-16   0.157799E-17  -0.308056E-18   0.267776E+00  -0.767984E-15   0.425183E-18  -0.420163E-17   0.281129E+00  -0.930600E-16   0.233004E-18   0.420339E-17   0.283277E+00   0.563646E-15   0.133890E-17   0.401462E-18   0.219287E-02   0.202342E-16
   10.408  -0.823302E-03  -0.207262E-16   0.414672E-19  -0.216323E-18   0.269325E+00  -0.650990E-15  -0.482334E-18  -0.193561E-17   0.280859E+00  -0.840876E-16  -0.539131E-18   0.191428E-17   0.283240E+00   0.481341E-15  -0.252388E-18   0.273982E-18   0.210731E-02   0.571703E-16
   11.020  -0.649750E-03  -0.122731E-15   0.126347E-17  -0.313419E-17   0.270604E+00  -0.432394E-15   0.212017E-17   0.108177E-17   0.280649E+00  -0.709528E-16   0.213830E-17  -0.112484E-17   0.283143E+00   0.262344E-15   0.125174E-17   0.289197E-17   0.201577E-02   0.165454E-15
   11.633  -0.509477E-03  -0.576930E-16  -0.671887E-17  -0.244275E-17   0.271669E+00  -0.453231E-15  -0.189670E-17   0.272891E-17   0.280486E+00  -0.657791E-16  -0.180474E-17  -0.270748E-17   0.283013E+00   0.319714E-15  -0.650679E-17   0.217843E-17   0.192053E-02   0.742410E-16
   12.245  -0.397248E-03   0.151280E-15  -0.560648E-17  -0.245239E-19   0.272562E+00  -0.682372E-15  -0.613029E-18  -0.295774E-17   0.280360E+00  -0.664852E-16  -0.554362E-18   0.281983E-17   0.282864E+00   0.563383E-15  -0.572486E-17   0.597558E-19   0.182371E-02  -0.140956E-15
   12.857  -0.308196E-03   0.792635E-16  -0.192505E-17  -0.217676E-18   0.273318E+00  -0.698362E-15   0.177019E-17   0.250296E-17   0.280262E+00  -0.630054E-16   0.172984E-17  -0.252028E-17   0.282709E+00   0.567233E-15  -0.203047E-17   0.298909E-18   0.172713E-02  -0.450173E-16
   13.469  -0.238018E-03  -0.986359E-16   0.126320E-17  -0.254715E-17   0.273962E+00  -0.212434E-15  -0.172018E-17  -0.273370E-18   0.280186E+00  -0.568396E-16  -0.181346E-17   0.180505E-18   0.282553E+00   0.104967E-15   0.126596E-17   0.264075E-17   0.163226E-02   0.111085E-15
   14.082  -0.183036E-03   0.150698E-15   0.352682E-18   0.187811E-17   0.274515E+00  -0.576753E-15   0.258210E-17   0.461406E-17   0.280127E+00  -0.542076E-16   0.265161E-17  -0.463838E-17   0.282401E+00   0.470593E-15   0.458644E-18  -0.177688E-17   0.154022E-02  -0.132408E-15
   14.694  -0.140172E-03  -0.688147E-16  -0.103476E-18  -0.683429E-18   0.274993E+00  -0.302173E-15   0.950262E-18  -0.641493E-18   0.280081E+00  -0.509334E-16   0.908496E-18   0.591225E-18   0.282255E+00   0.197654E-15   0.820769E-19   0.581859E-18   0.145181E-02   0.928555E-16
   15.306  -0.106902E-03  -0.457182E-16  -0.269799E-17  -0.325397E-17   0.275409E+00  -0.492888E-15   0.156684E-17   0.351214E-18   0.280045E+00  -0.420235E-16   0.151464E-17  -0.345418E-18   0.282116E+00   0.406123E-15  -0.288617E-17   0.329827E-17   0.136760E-02   0.593687E-16
   15.918  -0.811782E-04  -0.228664E-16  -0.143796E-17   0.351482E-17   0.275773E+00  -0.633770E-15  -0.137732E-17  -0.209454E-17   0.280016E+00  -0.398183E-16  -0.134087E-17   0.206301E-17   0.281986E+00   0.547860E-15  -0.152304E-17  -0.351038E-17   0.128788E-02   0.383793E-16
   16.531  -0.613590E-04  -0.126279E-16  -0.359080E-19  -0.193347E-17   0.276093E+00  -0.439657E-15   0.538008E-17  -0.114833E-16   0.279994E+00  -0.344447E-16   0.531272E-17   0.115176E-16   0.281864E+00   0.358517E-15  -0.253537E-18   0.196572E-17   0.121280E-02   0.288891E-16
   17.143  -0.461392E-04  -0.281022E-16  -0.675980E-19   0.518176E-18   0.276377E+00  -0.274136E-15   0.340551E-17  -0.470155E-17   0.279976E+00  -0.289450E-16   0.341776E-17   0.474738E-17   0.281751E+00   0.209352E-15  -0.774078E-19  -0.810350E-18   0.114239E-02   0.359873E-16
   17.755  -0.344883E-04   0.368906E-16  -0.552308E-18   0.434295E-18   0.276629E+00  -0.208985E-15  -0.135365E-17   0.809678E-18   0.279962E+00  -0.289621E-16  -0.138535E-17  -0.731943E-18   0.281645E+00   0.138014E-15  -0.665903E-18  -0.461378E-18   0.107654E-02  -0.228541E-16
   18.367  -0.255973E-04   0.188288E-15  -0.355855E-17   0.130091E-17   0.276855E+00  -0.689899E-15  -0.433054E-18  -0.111375E-18   0.279951E+00  -0.290182E-16  -0.387472E-18   0.164748E-18   0.281547E+00   0.623192E-15  -0.360761E-17  -0.110084E-17   0.101512E-02  -0.171671E-15
   18.980  -0.188342E-04  -0.200365E-16  -0.116995E-16  -0.704030E-18   0.277057E+00  -0.452679E-15  -0.134528E-17  -0.879955E-19   0.279942E+00  -0.266568E-16  -0.134256E-17   0.104015E-18   0.281456E+00   0.395205E-15  -0.115355E-16   0.156721E-17   0.957910E-03   0.353586E-16
   19.592  -0.137072E-04  -0.483001E-16   0.881555E-18   0.232505E-17   0.277239E+00  -0.297557E-15  -0.713555E-18  -0.139542E-17   0.279934E+00  -0.239723E-16  -0.644755E-18   0.143886E-17   0.281371E+00   0.241940E-15   0.341217E-18  -0.219561E-17   0.904691E-03   0.611719E-16
   20.204  -0.983509E-05   0.151010E-16   0.203270E-17  -0.127835E-17   0.277404E+00  -0.540673E-15   0.294866E-18  -0.582631E-17   0.279928E+00  -0.222330E-16   0.193818E-18   0.581921E-17   0.281293E+00   0.494778E-15   0.155616E-17   0.119352E-17   0.855216E-03  -0.666835E-17
   20.816  -0.692323E-05   0.136187E-15   0.529648E-18  -0.383237E-17   0.277554E+00  -0.592281E-15   0.713643E-18  -0.177987E-17   0.279923E+00  -0.221933E-16   0.652694E-18   0.177223E-17   0.281220E+00   0.546430E-15   0.539650E-18   0.406562E-17   0.809236E-03  -0.123240E-15
   21.429  -0.474444E-05   0.995082E-16  -0.272955E-17  -0.168613E-17   0.277691E+00  -0.512021E-15  -0.161067E-17   0.463875E-17   0.279919E+00  -0.216128E-16  -0.150663E-17  -0.470643E-17   0.281152E+00   0.466690E-15  -0.233700E-17   0.171029E-17   0.766504E-03  -0.873315E-16
   22.041  -0.312401E-05   0.986769E-16  -0.454749E-17  -0.375718E-18   0.277815E+00  -0.700110E-15   0.184646E-17  -0.167494E-17   0.279916E+00  -0.190254E-16   0.182584E-17   0.168611E-17   0.281089E+00   0.657820E-15  -0.452095E-17   0.184173E-18   0.726782E-03  -0.870909E-16
   22.653  -0.192786E-05   0.668612E-16   0.126444E-17   0.112319E-17   0.277929E+00  -0.786190E-15   0.341271E-18   0.118758E-17   0.279913E+00  -0.184747E-16   0.366252E-18  -0.116364E-17   0.281030E+00   0.742425E-15   0.127330E-17  -0.103639E-17   0.689840E-03  -0.552724E-16
   23.265  -0.105325E-05   0.152355E-15  -0.204428E-17  -0.267787E-17   0.278034E+00  -0.809711E-15   0.327715E-17  -0.735122E-18   0.279911E+00  -0.154583E-16   0.330433E-17   0.754137E-18   0.280976E+00   0.772739E-15  -0.211485E-17   0.277513E-17   0.655463E-03  -0.144602E-15
   23.878  -0.421622E-06  -0.242702E-16  -0.589192E-18   0.504108E-17   0.278131E+00  -0.416166E-15   0.126043E-17  -0.156820E-17   0.279909E+00  -0.151767E-16   0.134080E-17   0.163718E-17   0.280925E+00   0.386017E-15  -0.773045E-18  -0.477256E-17   0.623449E-03   0.293862E-16
   24.490   0.270165E-07   0.390203E-17   0.235233E-17  -0.166077E-17   0.278220E+00  -0.454275E-15  -0.149788E-17   0.378517E-17   0.279907E+00  -0.142765E-16  -0.146582E-17  -0.377740E-17   0.280877E+00   0.425879E-15   0.239329E-17   0.183130E-17   0.593611E-03  -0.405307E-18
   25.102   0.338371E-06   0.868314E-16  -0.420251E-17   0.169913E-17   0.278303E+00  -0.665292E-15  -0.394641E-17  -0.817576E-17   0.279906E+00  -0.149462E-16  -0.394921E-17   0.817856E-17   0.280833E+00   0.632532E-15  -0.397440E-17  -0.149161E-17   0.565776E-03  -0.769733E-16
   25.714   0.547190E-06  -0.376565E-16   0.676916E-18  -0.190250E-17   0.278379E+00  -0.425561E-15  -0.121028E-17   0.216274E-17   0.279905E+00  -0.146891E-16  -0.129848E-17  -0.215312E-17   0.280791E+00   0.396312E-15   0.828056E-18   0.184224E-17   0.539784E-03   0.446260E-16
   26.327   0.679756E-06   0.451441E-16  -0.724557E-18  -0.119980E-17   0.278450E+00  -0.379465E-15   0.118211E-17  -0.292492E-17   0.279904E+00  -0.136595E-16   0.122681E-17   0.296740E-17   0.280752E+00   0.343379E-15  -0.597776E-18   0.136205E-17   0.515490E-03  -0.322229E-16
   26.939   0.755785E-06  -0.448237E-16  -0.231536E-18  -0.255085E-17   0.278516E+00  -0.181891E-15  -0.101785E-17   0.677152E-17   0.279903E+00  -0.129389E-16  -0.996165E-18  -0.678403E-17   0.280716E+00   0.149532E-15  -0.845517E-19   0.281862E-17   0.492763E-03   0.540011E-16
   27.551   0.789678E-06   0.100469E-16  -0.165005E-17  -0.203192E-17   0.278578E+00  -0.222669E-15   0.799647E-18   0.284224E-18   0.279902E+00  -0.132799E-16   0.808381E-18  -0.310668E-18   0.280682E+00   0.191570E-15  -0.167037E-17   0.229695E-17   0.471483E-03  -0.403144E-17
   28.163   0.791174E-06   0.689325E-16   0.125873E-18   0.477911E-18   0.278636E+00  -0.273948E-15   0.161842E-18   0.228067E-17   0.279901E+00  -0.119982E-16   0.135796E-18  -0.231966E-17   0.280649E+00   0.249709E-15  -0.379807E-19  -0.375490E-18   0.451543E-03  -0.675937E-16
   28.776   0.764775E-06  -0.813299E-18  -0.809610E-19  -0.358379E-17   0.278689E+00  -0.977853E-16   0.256690E-19   0.800935E-17   0.279901E+00  -0.125719E-16   0.157811E-19  -0.802000E-17   0.280619E+00   0.750606E-16   0.253850E-18   0.355019E-17   0.432848E-03   0.146723E-17
   29.388   0.705599E-06  -0.173889E-16  -0.182912E-17  -0.185417E-16   0.278740E+00   0.837848E-16  -0.680024E-17   0.246624E-17   0.279901E+00  -0.124652E-16  -0.673559E-17  -0.247109E-17   0.280591E+00  -0.112468E-15  -0.157588E-17   0.188203E-16   0.415319E-03   0.236340E-16
   30.000   0.575405E-06   0.398597E-16  -0.555848E-18  -0.238877E-16   0.278787E+00   0.161798E-15  -0.374187E-17   0.348753E-18   0.279901E+00  -0.126113E-16  -0.371450E-17  -0.320503E-18   0.280564E+00  -0.187987E-15  -0.329152E-18   0.246043E-16   0.398882E-03  -0.367776E-16
