    0.000 -.493437281E-18 -.833293352E-19 -.104679975E-17 -.168140175E-18 -.735325109E-01 -.194351363E-12 0.723095426E-19 -.735053471E-18 0.231339601E-19 -.650693225E-18 0.194440670E-12 -.735621390E-01 0.311862034E+00 0.791840352E-12 -.791932008E-12 0.311875956E+00 0.148909535E-17 -.102153494E-17
    0.144 0.126241374E-02 0.327302337E-14 0.171086785E-14 -.622230829E-03 -.736639892E-01 -.194675630E-12 -.169475685E-14 0.612561939E-03 0.944585282E-03 0.244879512E-14 0.194197127E-12 -.734704337E-01 0.311864658E+00 0.791757553E-12 -.791179197E-12 0.311838126E+00 0.203840933E-02 0.502511344E-14
    0.289 0.257565709E-02 0.667799052E-14 0.342311985E-14 -.124449226E-02 -.740650382E-01 -.195677195E-12 -.349908380E-14 0.126910929E-02 0.175472204E-02 0.453616920E-14 0.193514735E-12 -.731880827E-01 0.311866261E+00 0.791625651E-12 -.790742550E-12 0.311720246E+00 0.409481662E-02 0.101083130E-13
    0.433 0.392968049E-02 0.101885811E-13 0.510172752E-14 -.185295571E-02 -.747406935E-01 -.197370181E-12 -.533742354E-14 0.193551172E-02 0.248689630E-02 0.641934954E-14 0.192397357E-12 -.727108719E-01 0.311868585E+00 0.791649929E-12 -.790958727E-12 0.311518981E+00 0.618216101E-02 0.152841907E-13
    0.578 0.532305104E-02 0.138034224E-13 0.677906542E-14 -.245396838E-02 -.756916339E-01 -.199714358E-12 -.720288757E-14 0.260817440E-02 0.316903948E-02 0.815110408E-14 0.190764928E-12 -.720398780E-01 0.311870441E+00 0.792002254E-12 -.791192680E-12 0.311233173E+00 0.831180113E-02 0.205716429E-13
    0.723 0.675783137E-02 0.175250650E-13 0.843635901E-14 -.304798547E-02 -.769192234E-01 -.202764517E-12 -.907453454E-14 0.328343551E-02 0.381694444E-02 0.978051030E-14 0.188688621E-12 -.711762935E-01 0.311870243E+00 0.792389071E-12 -.792896240E-12 0.310860150E+00 0.104944225E-01 0.260074055E-13
    0.868 0.823747506E-02 0.213677880E-13 0.100892757E-13 -.363469365E-02 -.784252971E-01 -.206531203E-12 -.109726670E-13 0.395865321E-02 0.444214104E-02 0.113396653E-13 0.186107673E-12 -.701216260E-01 0.311865886E+00 0.793318883E-12 -.793034026E-12 0.310395874E+00 0.127402664E-01 0.316523909E-13
    1.014 0.976593155E-02 0.253338965E-13 0.117186378E-13 -.421390419E-02 -.802118895E-01 -.210969290E-12 -.128596316E-13 0.463200319E-02 0.505429353E-02 0.128350072E-13 0.183020426E-12 -.688779875E-01 0.311854781E+00 0.793383915E-12 -.791900058E-12 0.309835049E+00 0.150591754E-01 0.374948862E-13
    1.160 0.113474900E-01 0.294451281E-13 0.133265806E-13 -.478566301E-02 -.822809669E-01 -.216121455E-12 -.147413569E-13 0.530224950E-02 0.566210885E-02 0.142865136E-13 0.179425707E-12 -.674483714E-01 0.311833875E+00 0.794104764E-12 -.790545706E-12 0.309171133E+00 0.174605649E-01 0.435691244E-13
    1.306 0.129866554E-01 0.337057561E-13 0.149454991E-13 -.535026448E-02 -.846341966E-01 -.222019685E-12 -.166250476E-13 0.596861852E-02 0.627383737E-02 0.157461053E-13 0.175321175E-12 -.658368941E-01 0.311799677E+00 0.794581943E-12 -.789616982E-12 0.308396333E+00 0.199533385E-01 0.499021141E-13
    1.453 0.146880743E-01 0.381301283E-13 0.165301346E-13 -.590826058E-02 -.872726703E-01 -.228678464E-12 -.185127056E-13 0.663072105E-02 0.689761833E-02 0.172524264E-13 0.170690060E-12 -.640490639E-01 0.311748285E+00 0.794451117E-12 -.786837229E-12 0.307501589E+00 0.225457554E-01 0.564799306E-13
    1.601 0.164564577E-01 0.427317188E-13 0.180984958E-13 -.646046498E-02 -.901966134E-01 -.236003253E-12 -.203445871E-13 0.728851856E-02 0.754174760E-02 0.187929618E-13 0.165592376E-12 -.620920413E-01 0.311675437E+00 0.794066353E-12 -.782334163E-12 0.306476562E+00 0.252452527E-01 0.633336359E-13
    1.750 0.182965397E-01 0.475080102E-13 0.196358480E-13 -.700795661E-02 -.934050687E-01 -.244062676E-12 -.221852428E-13 0.794229788E-02 0.821491194E-02 0.204081204E-13 0.160084370E-12 -.599748945E-01 0.311576553E+00 0.793649590E-12 -.778933193E-12 0.305309632E+00 0.280582352E-01 0.705187026E-13
    1.899 0.202130595E-01 0.524855327E-13 0.211827200E-13 -.755207949E-02 -.968955928E-01 -.252858233E-12 -.240225738E-13 0.859265935E-02 0.892640349E-02 0.220830270E-13 0.154166032E-12 -.577087876E-01 0.311446794E+00 0.793518799E-12 -.775143505E-12 0.303987912E+00 0.309898417E-01 0.780646053E-13
    2.049 0.222107578E-01 0.576594030E-13 0.227316635E-13 -.809443949E-02 -.100663979E+00 -.262388050E-12 -.258345850E-13 0.924051274E-02 0.968634653E-02 0.238579658E-13 0.147945891E-12 -.553070999E-01 0.311281116E+00 0.793410186E-12 -.771845649E-12 0.302497271E+00 0.340437078E-01 0.859404055E-13
    2.199 0.242943519E-01 0.630608357E-13 0.242563889E-13 -.863690442E-02 -.104704034E+00 -.272586361E-12 -.276499394E-13 0.988709093E-02 0.105059321E-01 0.257978449E-13 0.141403315E-12 -.527854217E-01 0.311074345E+00 0.792479985E-12 -.768464931E-12 0.300822377E+00 0.372217415E-01 0.941619163E-13
    2.351 0.264685070E-01 0.686799674E-13 0.258270426E-13 -.918159633E-02 -.109007418E+00 -.283507168E-12 -.294825557E-13 0.105339693E-01 0.113976896E-01 0.279333140E-13 0.134577800E-12 -.501614125E-01 0.310821241E+00 0.792286369E-12 -.763977981E-12 0.298946750E+00 0.405239299E-01 0.102728285E-12
    2.504 0.287378184E-01 0.745526874E-13 0.273703815E-13 -.973087424E-02 -.113563586E+00 -.295065566E-12 -.313348636E-13 0.111830747E-01 0.123758032E-01 0.303102800E-13 0.127473880E-12 -.474544997E-01 0.310516565E+00 0.791411993E-12 -.758825672E-12 0.296852795E+00 0.439482116E-01 0.111631720E-12
    2.658 0.311067921E-01 0.806631291E-13 0.290017130E-13 -.102873012E-01 -.118359817E+00 -.307259562E-12 -.331810578E-13 0.118366869E-01 0.134564882E-01 0.330262209E-13 0.120167307E-12 -.446854187E-01 0.310155148E+00 0.790684153E-12 -.750999215E-12 0.294521817E+00 0.474904228E-01 0.120833681E-12
    2.813 0.335798109E-01 0.870324181E-13 0.306019748E-13 -.108536006E-01 -.123381353E+00 -.320037155E-12 -.350436659E-13 0.124974309E-01 0.146584354E-01 0.359953486E-13 0.112732195E-12 -.418755996E-01 0.309731934E+00 0.789335061E-12 -.743091777E-12 0.291934002E+00 0.511443345E-01 0.130359322E-12
    2.970 0.361611011E-01 0.936744355E-13 0.323184651E-13 -.114325907E-01 -.128611632E+00 -.333296712E-12 -.369397903E-13 0.131682417E-01 0.160033540E-01 0.393293769E-13 0.105193952E-12 -.390464511E-01 0.309242027E+00 0.787813702E-12 -.733406078E-12 0.289068295E+00 0.549017921E-01 0.140207199E-12
    3.127 0.388546904E-01 0.100588465E-12 0.340187817E-13 -.120270993E-01 -.134032574E+00 -.347022591E-12 -.388559909E-13 0.138523036E-01 0.175166295E-01 0.429648783E-13 0.976966703E-13 -.362185880E-01 0.308680705E+00 0.786604812E-12 -.725021468E-12 0.285902184E+00 0.587529382E-01 0.150390607E-12
    3.287 0.416643542E-01 0.107793142E-12 0.357444569E-13 -.126398435E-01 -.139624883E+00 -.361182764E-12 -.408695606E-13 0.145529525E-01 0.192281045E-01 0.470619823E-13 0.902719295E-13 -.334110678E-01 0.308043418E+00 0.785404933E-12 -.715846388E-12 0.282411374E+00 0.626865017E-01 0.160823599E-12
    3.447 0.445935409E-01 0.115304946E-12 0.376781983E-13 -.132732781E-01 -.145368331E+00 -.375732886E-12 -.429070776E-13 0.152735297E-01 0.211729964E-01 0.518203641E-13 0.829432073E-13 -.306407158E-01 0.307325764E+00 0.783622981E-12 -.707557380E-12 0.278569308E+00 0.666901251E-01 0.171506962E-12
    3.610 0.476452778E-01 0.123102310E-12 0.395869700E-13 -.139293881E-01 -.151241915E+00 -.390572862E-12 -.450550889E-13 0.160171824E-01 0.233929833E-01 0.572743630E-13 0.758052993E-13 -.279216110E-01 0.306523429E+00 0.781408334E-12 -.697502175E-12 0.274346561E+00 0.707506671E-01 0.182354262E-12
    3.774 0.508220504E-01 0.131170211E-12 0.415754966E-13 -.146094175E-01 -.157223844E+00 -.405615741E-12 -.472521612E-13 0.167866011E-01 0.259374463E-01 0.634863684E-13 0.687574955E-13 -.252647776E-01 0.305632106E+00 0.778933720E-12 -.686436815E-12 0.269710101E+00 0.748544680E-01 0.193240169E-12
    3.939 0.541256457E-01 0.139548644E-12 0.435862821E-13 -.153135226E-01 -.163291331E+00 -.420876971E-12 -.494673212E-13 0.175836678E-01 0.288648500E-01 0.706054321E-13 0.618814159E-13 -.226781307E-01 0.304647367E+00 0.776141641E-12 -.673258510E-12 0.264622410E+00 0.789875341E-01 0.204167850E-12
    4.107 0.575569628E-01 0.148230370E-12 0.457028600E-13 -.160403282E-01 -.169420157E+00 -.436270683E-12 -.517919810E-13 0.184090068E-01 0.322442362E-01 0.788397240E-13 0.552864068E-13 -.201666758E-01 0.303564517E+00 0.773114837E-12 -.659869735E-12 0.259040455E+00 0.831356325E-01 0.215090276E-12
    4.277 0.611157787E-01 0.157269029E-12 0.479282538E-13 -.167863828E-01 -.175583999E+00 -.451680812E-12 -.542167148E-13 0.192614134E-01 0.361567076E-01 0.885949051E-13 0.488389652E-13 -.177329530E-01 0.302378392E+00 0.770143147E-12 -.644281313E-12 0.252914563E+00 0.872843266E-01 0.225935284E-12
    4.449 0.648004687E-01 0.166596028E-12 0.500031807E-13 -.175454901E-01 -.181753553E+00 -.467152663E-12 -.566254114E-13 0.201371317E-01 0.406967026E-01 0.100111863E-12 0.426420250E-13 -.153777220E-01 0.301083144E+00 0.766373716E-12 -.627328015E-12 0.246187278E+00 0.914189481E-01 0.236635638E-12
    4.623 0.686076905E-01 0.176246035E-12 0.521649704E-13 -.183079349E-01 -.187895435E+00 -.482512700E-12 -.590174998E-13 0.210289736E-01 0.459726272E-01 0.113467546E-12 0.367423113E-13 -.131009002E-01 0.299672007E+00 0.762751814E-12 -.607480937E-12 0.238792453E+00 0.955245408E-01 0.247171407E-12
    4.799 0.725320074E-01 0.186151785E-12 0.542831603E-13 -.190595917E-01 -.193970804E+00 -.497627663E-12 -.614992274E-13 0.219252350E-01 0.521061099E-01 0.129122668E-12 0.309661857E-13 -.109027907E-01 0.298137075E+00 0.758849989E-12 -.583994337E-12 0.230655140E+00 0.995857468E-01 0.257390480E-12
    4.978 0.765655145E-01 0.196290494E-12 0.562311145E-13 -.197810006E-01 -.199933728E+00 -.512414396E-12 -.637946955E-13 0.228084710E-01 0.592287491E-01 0.147190111E-12 0.255448784E-13 -.878562537E-02 0.296469128E+00 0.753865087E-12 -.559756553E-12 0.221693158E+00 0.103586643E+00 0.267420676E-12
    5.159 0.806974547E-01 0.206682045E-12 0.580376247E-13 -.204465552E-01 -.205729365E+00 -.526644049E-12 -.660193707E-13 0.236541455E-01 0.674743897E-01 0.168077372E-12 0.204448953E-13 -.675539061E-02 0.294657564E+00 0.749116350E-12 -.535029854E-12 0.211821982E+00 0.107510587E+00 0.277240345E-12
    5.343 0.849139734E-01 0.217220823E-12 0.594522034E-13 -.210240454E-01 -.211292320E+00 -.540237702E-12 -.678969860E-13 0.244294311E-01 0.769647615E-01 0.192347075E-12 0.155452129E-13 -.482375972E-02 0.292690494E+00 0.743769835E-12 -.506983433E-12 0.200964922E+00 0.111340184E+00 0.286690559E-12
    5.530 0.891980860E-01 0.227914633E-12 0.606425881E-13 -.214750500E-01 -.216545892E+00 -.553034773E-12 -.696888928E-13 0.250924782E-01 0.877857429E-01 0.219847423E-12 0.112522840E-13 -.300968700E-02 0.290555081E+00 0.737719797E-12 -.477132618E-12 0.189071196E+00 0.115057681E+00 0.295866887E-12
    5.720 0.935300632E-01 0.238687398E-12 0.611504589E-13 -.217567050E-01 -.221403347E+00 -.564757060E-12 -.707561642E-13 0.255928701E-01 0.999537457E-01 0.250693106E-12 0.733624101E-14 -.133992782E-02 0.288238196E+00 0.731021526E-12 -.444459530E-12 0.176142941E+00 0.118646162E+00 0.304630298E-12
    5.913 0.978884049E-01 0.249537324E-12 0.613880588E-13 -.218253405E-01 -.225772550E+00 -.575272928E-12 -.714071624E-13 0.258741845E-01 0.113376661E+00 0.284555814E-12 0.391654309E-14 0.152449787E-03 0.285727464E+00 0.723570276E-12 -.410639079E-12 0.162268059E+00 0.122091878E+00 0.312961597E-12
    6.110 0.102251433E+00 0.260320623E-12 0.609350245E-13 -.216420446E-01 -.229564699E+00 -.584321184E-12 -.713920008E-13 0.258794040E-01 0.127822326E+00 0.321096852E-12 0.135176997E-14 0.143222722E-02 0.283012757E+00 0.716175560E-12 -.376399706E-12 0.147648150E+00 0.125387645E+00 0.320926809E-12
    6.310 0.106599363E+00 0.271073651E-12 0.596948005E-13 -.211792307E-01 -.232706350E+00 -.591725435E-12 -.704149380E-13 0.255592234E-01 0.142915296E+00 0.359378522E-12 -.730746655E-15 0.246858044E-02 0.280088168E+00 0.708570608E-12 -.339771747E-12 0.132603139E+00 0.128536507E+00 0.328483827E-12
    6.514 0.110916286E+00 0.281741620E-12 0.578100500E-13 -.204264383E-01 -.235151518E+00 -.597424877E-12 -.686698842E-13 0.248814399E-01 0.158176292E+00 0.397999391E-12 -.197273642E-14 0.324221650E-02 0.276954244E+00 0.700507518E-12 -.302609176E-12 0.117538931E+00 0.131554109E+00 0.335602254E-12
    6.721 0.115191464E+00 0.292267998E-12 0.550658114E-13 -.193932399E-01 -.236889388E+00 -.601365036E-12 -.659149360E-13 0.238384823E-01 0.173098941E+00 0.435890917E-12 -.255498214E-14 0.375037382E-02 0.273619880E+00 0.691803245E-12 -.266171139E-12 0.102882067E+00 0.134468185E+00 0.342567961E-12
    6.933 0.119419474E+00 0.302711524E-12 0.511933541E-13 -.181082704E-01 -.237944504E+00 -.603536419E-12 -.618515519E-13 0.224500920E-01 0.187233862E+00 0.471905091E-12 -.283050824E-14 0.400767746E-02 0.270103021E+00 0.682766778E-12 -.229966258E-12 0.890076647E-01 0.137314806E+00 0.349249100E-12
    7.149 0.123599262E+00 0.313035783E-12 0.466771127E-13 -.166148790E-01 -.238369773E+00 -.604312098E-12 -.569578960E-13 0.207603017E-01 0.200247687E+00 0.504785514E-12 -.233950517E-14 0.404289651E-02 0.266429572E+00 0.673227178E-12 -.198822376E-12 0.761895736E-01 0.140132658E+00 0.355830575E-12
    7.369 0.127732616E+00 0.323274228E-12 0.424142471E-13 -.149651217E-01 -.238235567E+00 -.603451232E-12 -.517816851E-13 0.188303466E-01 0.211943026E+00 0.534450409E-12 -.181473352E-14 0.389342434E-02 0.262630744E+00 0.663178237E-12 -.167221526E-12 0.645851288E-01 0.142957429E+00 0.362629280E-12
    7.594 0.131822647E+00 0.333379796E-12 0.375602789E-13 -.132138307E-01 -.237618768E+00 -.601536324E-12 -.462417531E-13 0.167301290E-01 0.222246197E+00 0.560562968E-12 -.628925369E-15 0.359966073E-02 0.258739677E+00 0.653094825E-12 -.140872103E-12 0.542478839E-01 0.145817902E+00 0.369305788E-12
    7.824 0.135872626E+00 0.343341420E-12 0.335437330E-13 -.114138936E-01 -.236594296E+00 -.598555921E-12 -.412502842E-13 0.145305811E-01 0.231178369E+00 0.583081030E-12 0.947669786E-15 0.320068844E-02 0.254788366E+00 0.642824816E-12 -.119453025E-12 0.451540340E-01 0.148734259E+00 0.376396529E-12
    8.060 0.139885326E+00 0.353159574E-12 0.294324841E-13 -.961305857E-02 -.235229830E+00 -.594586146E-12 -.359946876E-13 0.122979502E-01 0.238823889E+00 0.602380268E-12 0.263208838E-14 0.273161147E-02 0.250805403E+00 0.632621188E-12 -.993773858E-13 0.372301905E-01 0.151718159E+00 0.383625527E-12
    8.301 0.143862763E+00 0.362900512E-12 0.247662347E-13 -.785215765E-02 -.233583339E+00 -.590062291E-12 -.300830194E-13 0.100902446E-01 0.245302960E+00 0.618345034E-12 0.437830468E-14 0.222232248E-02 0.246814717E+00 0.622256724E-12 -.798964394E-13 0.303763989E-01 0.154773933E+00 0.390940739E-12
    8.547 0.147806205E+00 0.372496625E-12 0.205782946E-13 -.616443475E-02 -.231702616E+00 -.584722641E-12 -.247108566E-13 0.795552890E-02 0.250751366E+00 0.631789387E-12 0.570730981E-14 0.169726568E-02 0.242835177E+00 0.611656045E-12 -.621718765E-13 0.244824683E-01 0.157900204E+00 0.398576478E-12
    8.800 0.151716315E+00 0.381943016E-12 0.176249155E-13 -.457560073E-02 -.229625934E+00 -.579029131E-12 -.207541653E-13 0.593153290E-02 0.255306685E+00 0.642864935E-12 0.725452466E-14 0.117575030E-02 0.238880764E+00 0.601131868E-12 -.486028176E-13 0.194384365E-01 0.161091517E+00 0.406143432E-12
    9.060 0.155593321E+00 0.391236008E-12 0.149837748E-13 -.310436481E-02 -.227383276E+00 -.572838565E-12 -.170322987E-13 0.404616633E-02 0.259099821E+00 0.651965132E-12 0.836067784E-14 0.672544130E-03 0.234961086E+00 0.590705408E-12 -.371085500E-13 0.151405313E-01 0.164339757E+00 0.414006342E-12
    9.326 0.159437170E+00 0.400376734E-12 0.124183445E-13 -.176319453E-02 -.224997740E+00 -.566129450E-12 -.132950328E-13 0.231848698E-02 0.262250280E+00 0.659373002E-12 0.963053288E-14 0.198546195E-03 0.231082025E+00 0.580262845E-12 -.273957582E-13 0.114940819E-01 0.167635267E+00 0.421803199E-12
    9.599 0.163247638E+00 0.409380493E-12 0.915628424E-14 -.559186718E-03 -.222486888E+00 -.559302410E-12 -.916223371E-14 0.759929812E-03 0.264864044E+00 0.665162011E-12 0.105289452E-13 -.238556496E-03 0.227246403E+00 0.569913248E-12 -.212463743E-13 0.841451295E-02 0.170967688E+00 0.429651684E-12
    9.881 0.167024385E+00 0.418227382E-12 0.547988527E-14 0.505047407E-03 -.219863954E+00 -.551833060E-12 -.474828688E-14 -.624421251E-03 0.267033083E+00 0.669836731E-12 0.113596591E-13 -.633695226E-03 0.223454607E+00 0.559649651E-12 -.159179285E-13 0.582721571E-02 0.174326542E+00 0.437570585E-12
   10.170 0.170766989E+00 0.426925633E-12 0.297701030E-14 0.143055254E-02 -.217138854E+00 -.544282777E-12 -.162003559E-14 -.183461396E-02 0.268835865E+00 0.673329839E-12 0.121478826E-13 -.983914333E-03 0.219705116E+00 0.549476340E-12 -.126902525E-13 0.366683269E-02 0.177701623E+00 0.445355588E-12
   10.468 0.174474928E+00 0.435483977E-12 0.104608536E-14 0.222126545E-02 -.214319027E+00 -.536302605E-12 0.160457530E-14 -.287472310E-02 0.270338407E+00 0.676024560E-12 0.125650715E-13 -.128793935E-02 0.215994955E+00 0.539359673E-12 -.937024219E-14 0.187630380E-02 0.181083239E+00 0.453161904E-12
   10.775 0.178147562E+00 0.443867386E-12 -.171865671E-14 0.288334293E-02 -.211410104E+00 -.528144780E-12 0.410255137E-14 -.375187572E-02 0.271595599E+00 0.677939163E-12 0.122511521E-13 -.154582312E-02 0.212320059E+00 0.529295407E-12 -.713394428E-14 0.405854380E-03 0.184462352E+00 0.460793564E-12
   11.092 0.181784105E+00 0.452048452E-12 -.371401735E-14 0.342457311E-02 -.208416431E+00 -.519559803E-12 0.664614113E-14 -.447542068E-02 0.272652587E+00 0.679284887E-12 0.121601140E-13 -.175865298E-02 0.208675574E+00 0.519280800E-12 -.221992239E-14 -.787958978E-03 0.187830649E+00 0.468320095E-12
   11.419 0.185383582E+00 0.460048711E-12 -.554615096E-14 0.385387793E-02 -.205341472E+00 -.510934905E-12 0.887757782E-14 -.505623316E-02 0.273546188E+00 0.679939236E-12 0.110242882E-13 -.192831365E-02 0.205056093E+00 0.509226727E-12 0.291921451E-14 -.174313675E-02 0.191180557E+00 0.475668044E-12
   11.757 0.188944812E+00 0.467883337E-12 -.793814864E-14 0.418089167E-02 -.202188118E+00 -.501893300E-12 0.115101274E-13 -.550614384E-02 0.274306168E+00 0.680214899E-12 0.101325541E-13 -.205728910E-02 0.201455854E+00 0.499156648E-12 0.736516002E-14 -.249297453E-02 0.194505236E+00 0.482800085E-12
   12.107 0.192466383E+00 0.475467719E-12 -.950964777E-14 0.441561627E-02 -.198958915E+00 -.492611269E-12 0.134369579E-13 -.583748262E-02 0.274956430E+00 0.680216647E-12 0.937948462E-14 -.214849947E-02 0.197868899E+00 0.489142443E-12 0.632473727E-14 -.306671418E-02 0.197798549E+00 0.489837424E-12
   12.470 0.195946645E+00 0.482817834E-12 -.109309433E-13 0.456813692E-02 -.195656222E+00 -.483271112E-12 0.146546774E-13 -.606270242E-02 0.275516057E+00 0.679723771E-12 0.781540121E-14 -.220516701E-02 0.194289206E+00 0.479069645E-12 0.721847027E-14 -.349007217E-02 0.201055022E+00 0.496540245E-12
   12.845 0.199383708E+00 0.489923934E-12 -.120059087E-13 0.464839737E-02 -.192282328E+00 -.473399559E-12 0.158988362E-13 -.619409981E-02 0.276000235E+00 0.678934605E-12 0.680509728E-14 -.223070179E-02 0.190710797E+00 0.468909389E-12 0.800714833E-14 -.378570512E-02 0.204269800E+00 0.503059467E-12
   13.235 0.202775454E+00 0.496761858E-12 -.131978359E-13 0.466602518E-02 -.188839521E+00 -.463564648E-12 0.168258900E-13 -.624359876E-02 0.276421031E+00 0.677700702E-12 0.441190946E-14 -.222860735E-02 0.187127838E+00 0.458811514E-12 0.961329763E-14 -.397358353E-02 0.207438603E+00 0.509312118E-12
   13.640 0.206119557E+00 0.503338595E-12 -.142523109E-13 0.463019342E-02 -.185330130E+00 -.453435941E-12 0.181662082E-13 -.622258006E-02 0.276788045E+00 0.676300568E-12 0.284264658E-14 -.220239772E-02 0.183534710E+00 0.448507112E-12 0.121436900E-13 -.407129363E-02 0.210557677E+00 0.515203160E-12
   14.061 0.209413508E+00 0.509595545E-12 -.146148702E-13 0.454952090E-02 -.181756541E+00 -.443075681E-12 0.185135390E-13 -.614176417E-02 0.277108962E+00 0.674779982E-12 0.250794671E-15 -.215553177E-02 0.179926085E+00 0.438044733E-12 0.159172653E-13 -.409431371E-02 0.213623751E+00 0.520917056E-12
   14.500 0.212654648E+00 0.515523384E-12 -.155746013E-13 0.443199570E-02 -.178121195E+00 -.432654353E-12 0.194406173E-13 -.601111973E-02 0.277389998E+00 0.672921910E-12 -.192252401E-14 -.209135283E-02 0.176296987E+00 0.427754985E-12 0.184386079E-13 -.405623597E-02 0.216633991E+00 0.526206648E-12
   14.957 0.215840204E+00 0.521113139E-12 -.180337409E-13 0.428492917E-02 -.174426578E+00 -.421806506E-12 0.216132301E-13 -.583980935E-02 0.277636258E+00 0.670693339E-12 -.409239664E-14 -.201304249E-02 0.172642838E+00 0.416930349E-12 0.184879277E-13 -.396895786E-02 0.219585960E+00 0.531173961E-12
   15.435 0.218967339E+00 0.526300803E-12 -.196787581E-13 0.411493245E-02 -.170675192E+00 -.410883068E-12 0.233736196E-13 -.563616395E-02 0.277852015E+00 0.667929480E-12 -.569977546E-14 -.192358208E-02 0.168959499E+00 0.406246874E-12 0.155777185E-13 -.384285348E-02 0.222477573E+00 0.535748031E-12
   15.934 0.222033187E+00 0.531166892E-12 -.235054594E-13 0.392790561E-02 -.166869532E+00 -.399720198E-12 0.266729989E-13 -.540766698E-02 0.278040926E+00 0.664966187E-12 -.660269158E-14 -.182572236E-02 0.165243298E+00 0.395509454E-12 0.120939872E-13 -.368691881E-02 0.225307060E+00 0.539870741E-12
   16.457 0.225034904E+00 0.535515243E-12 -.267097783E-13 0.372904570E-02 -.163012055E+00 -.388377066E-12 0.294520221E-13 -.516096321E-02 0.278206193E+00 0.661693718E-12 -.696321497E-14 -.172196276E-02 0.161491054E+00 0.384153296E-12 0.735676418E-14 -.350890697E-02 0.228072928E+00 0.543653877E-12
   17.005 0.227969710E+00 0.539361528E-12 -.308574241E-13 0.352286582E-02 -.159105154E+00 -.376880518E-12 0.336873733E-13 -.490187891E-02 0.278350675E+00 0.658076042E-12 -.708758680E-14 -.161453766E-02 0.157700084E+00 0.373403658E-12 0.436098364E-14 -.331544815E-02 0.230773924E+00 0.546858497E-12
   17.581 0.230834936E+00 0.542809596E-12 -.338351189E-13 0.331322263E-02 -.155151124E+00 -.365155061E-12 0.364225148E-13 -.463545009E-02 0.278476969E+00 0.654103770E-12 -.760740281E-14 -.150540977E-02 0.153868206E+00 0.361564707E-12 0.414968907E-14 -.311215929E-02 0.233409000E+00 0.549625475E-12
   18.187 0.233628060E+00 0.545397878E-12 -.355843267E-13 0.310335467E-02 -.151152150E+00 -.353285760E-12 0.381095768E-13 -.436596497E-02 0.278587460E+00 0.649777713E-12 -.823098824E-14 -.139627036E-02 0.149993733E+00 0.350365281E-12 0.474195414E-14 -.290374727E-02 0.235977277E+00 0.551788198E-12
   18.825 0.236346748E+00 0.547680888E-12 -.378391273E-13 0.289592537E-02 -.147110284E+00 -.341185919E-12 0.400082563E-13 -.409701085E-02 0.278684344E+00 0.644963521E-12 -.819525484E-14 -.128854599E-02 0.146075451E+00 0.338254189E-12 0.527111369E-14 -.269410454E-02 0.238478014E+00 0.553340313E-12
   19.499 0.238988875E+00 0.548869935E-12 -.361438504E-13 0.269307013E-02 -.143027440E+00 -.328892710E-12 0.389904891E-13 -.383152609E-02 0.278769646E+00 0.639542941E-12 -.846478232E-14 -.118341020E-02 0.142112609E+00 0.326409196E-12 0.942194438E-14 -.248639934E-02 0.240910573E+00 0.554139003E-12
   20.213 0.241552555E+00 0.549614475E-12 -.406847524E-13 0.249644901E-02 -.138905384E+00 -.316320444E-12 0.430791024E-13 -.357185967E-02 0.278845219E+00 0.633500475E-12 -.893463603E-14 -.108180011E-02 0.138104878E+00 0.314069196E-12 0.953867884E-14 -.228316141E-02 0.243274400E+00 0.554170927E-12
   20.969 0.244036141E+00 0.549295755E-12 -.481680510E-13 0.230730032E-02 -.134745746E+00 -.303506511E-12 0.497269068E-13 -.331983217E-02 0.278912743E+00 0.626840372E-12 -.902666799E-14 -.984436540E-03 0.134052330E+00 0.301670397E-12 0.233190461E-14 -.208636277E-02 0.245568989E+00 0.553369755E-12
   21.772 0.246438251E+00 0.548263356E-12 -.513555297E-13 0.212649538E-02 -.130550026E+00 -.290492100E-12 0.529079153E-13 -.307679896E-02 0.278973718E+00 0.619318184E-12 -.884458522E-14 -.891846666E-03 0.129955394E+00 0.288993451E-12 -.284069626E-14 -.189749378E-02 0.247793864E+00 0.551652597E-12
   22.628 0.248757755E+00 0.546159562E-12 -.522554426E-13 0.195459272E-02 -.126319611E+00 -.277328552E-12 0.535754738E-13 -.284371376E-02 0.279029460E+00 0.611148186E-12 -.988864328E-14 -.804388474E-03 0.125814820E+00 0.276213972E-12 -.326646786E-14 -.171763447E-02 0.249948560E+00 0.549015312E-12
   23.541 0.250993766E+00 0.543097173E-12 -.528658074E-13 0.179189075E-02 -.122055802E+00 -.264028019E-12 0.540910356E-13 -.262119136E-02 0.279081100E+00 0.602397437E-12 -.122723080E-13 -.722275713E-03 0.121631646E+00 0.263116159E-12 0.695281984E-15 -.154752067E-02 0.252032605E+00 0.545443715E-12
   24.518 0.253145620E+00 0.538878113E-12 -.481832624E-13 0.163847739E-02 -.117759843E+00 -.250613520E-12 0.494609984E-13 -.240956717E-02 0.279129583E+00 0.592830483E-12 -.145080346E-13 -.645602459E-03 0.117407164E+00 0.249871452E-12 0.567787097E-14 -.138760443E-02 0.254045505E+00 0.540853889E-12
   25.567 0.255212858E+00 0.533474597E-12 -.449112366E-13 0.149427582E-02 -.113432961E+00 -.237053944E-12 0.470038880E-13 -.220895323E-02 0.279175676E+00 0.582157684E-12 -.152141059E-13 -.574366519E-03 0.113142898E+00 0.236397338E-12 0.875474024E-14 -.123810843E-02 0.255986736E+00 0.535126886E-12
   26.697 0.257195187E+00 0.526889496E-12 -.465253446E-13 0.135908609E-02 -.109076412E+00 -.223436123E-12 0.482969964E-13 -.201928980E-02 0.279219978E+00 0.570652721E-12 -.163425270E-13 -.508490832E-03 0.108840590E+00 0.222862187E-12 0.102014081E-13 -.109907401E-02 0.257855732E+00 0.528296812E-12
   27.917 0.259092441E+00 0.519006428E-12 -.558524437E-13 0.123262101E-02 -.104691546E+00 -.209696113E-12 0.571319221E-13 -.184039025E-02 0.279262937E+00 0.558105484E-12 -.167257280E-13 -.447842391E-03 0.104502203E+00 0.209210730E-12 0.785336946E-14 -.970402202E-03 0.259651879E+00 0.520230586E-12
   29.240 0.260904551E+00 0.509575486E-12 -.707642058E-13 0.111453649E-02 -.100279874E+00 -.195843194E-12 0.710034474E-13 -.167197986E-02 0.279304863E+00 0.544121020E-12 -.179951891E-13 -.392248221E-03 0.100129946E+00 0.195429499E-12 0.261538096E-14 -.851888464E-03 0.261374506E+00 0.510653725E-12
   30.679 0.262631485E+00 0.498167586E-12 -.778491597E-13 0.100445642E-02 -.958431766E-01 -.181810141E-12 0.777001986E-13 -.151372801E-02 0.279345950E+00 0.528392069E-12 -.172656404E-13 -.341508334E-03 0.957263347E-01 0.181436887E-12 -.837924863E-14 -.743250588E-03 0.263022872E+00 0.499127561E-12
   32.251 0.264273207E+00 0.484306642E-12 -.751674095E-13 0.901991397E-03 -.913836410E-01 -.167479204E-12 0.754755025E-13 -.136527278E-02 0.279386298E+00 0.510502684E-12 -.127344946E-13 -.295405270E-03 0.912942937E-01 0.167201007E-12 -.159035513E-13 -.644150082E-03 0.264596161E+00 0.485053385E-12
   33.978 0.265829624E+00 0.467613955E-12 -.634254459E-13 0.806751037E-03 -.869040525E-01 -.152853226E-12 0.647455217E-13 -.122623772E-02 0.279425928E+00 0.489994559E-12 -.929117132E-14 -.253708757E-03 0.868373209E-01 0.152690496E-12 -.109757751E-13 -.554205530E-03 0.266093452E+00 0.468063437E-12
   35.882 0.267300523E+00 0.447818405E-12 -.552360977E-13 0.718347591E-03 -.824080760E-01 -.138071642E-12 0.566295518E-13 -.109623721E-02 0.279464809E+00 0.466935460E-12 -.777372596E-14 -.216167010E-03 0.823597529E-01 0.137952986E-12 -.781745997E-14 -.472987772E-03 0.267513703E+00 0.448245971E-12
   37.994 0.268685492E+00 0.424655505E-12 -.669641339E-13 0.636378653E-03 -.779006688E-01 -.123112043E-12 0.675085691E-13 -.974854500E-03 0.279502877E+00 0.440600487E-12 -.616203067E-14 -.182430290E-03 0.778671690E-01 0.123066359E-12 -.143511368E-13 -.399929451E-03 0.268855706E+00 0.424998071E-12
   40.351 0.269983775E+00 0.397579636E-12 -.861963015E-13 0.560345526E-03 -.733886970E-01 -.107971034E-12 0.856671313E-13 -.861538783E-03 0.279540108E+00 0.410242426E-12 -.107195406E-13 -.151511625E-03 0.733670219E-01 0.108063858E-12 -.137618834E-13 -.333621987E-03 0.270118031E+00 0.397587655E-12
   43.000 0.271193848E+00 0.366087445E-12 -.851273710E-13 0.489365203E-03 -.688818141E-01 -.930575544E-13 0.852135824E-13 -.755308821E-03 0.279576795E+00 0.376458258E-12 -.746174041E-14 -.117448927E-03 0.688696731E-01 0.931270491E-13 -.709177193E-14 -.265167427E-03 0.271298872E+00 0.366500230E-12
   45.999 0.272311267E+00 0.328179039E-12 -.715151811E-13 0.421513917E-03 -.643931769E-01 -.785830135E-13 0.722416706E-13 -.654863729E-03 0.279615033E+00 0.335815476E-12 -.193638162E-14 -.281842863E-04 0.643907320E-01 0.789187004E-13 -.155030070E-14 -.864715872E-04 0.272394957E+00 0.328231006E-12
   49.425 0.273334303E+00 0.284883842E-12 -.618444115E-13 0.363907343E-03 -.599294804E-01 -.713733143E-13 0.620043870E-13 -.566865913E-03 0.279658636E+00 0.291061884E-12 -.480730647E-15 -.570377295E-05 0.599295192E-01 0.713955940E-13 -.462215934E-15 -.240444595E-04 0.273405884E+00 0.284755163E-12
   53.378 0.274277891E+00 0.244514499E-12 -.532800314E-13 0.311501948E-03 -.554917730E-01 -.645904741E-13 0.535024126E-13 -.485936836E-03 0.279698893E+00 0.249621797E-12 -.377782170E-15 -.448622889E-05 0.554918352E-01 0.646043204E-13 -.374781010E-15 -.190672573E-04 0.274338712E+00 0.244412957E-12
   57.990 0.275143831E+00 0.207355376E-12 -.447772788E-13 0.263527313E-03 -.510779628E-01 -.581802227E-13 0.452225310E-13 -.411648490E-03 0.279735689E+00 0.211545337E-12 -.298092174E-15 -.349223575E-05 0.510780062E-01 0.581899003E-13 -.293892812E-15 -.148954190E-04 0.275194938E+00 0.207284980E-12
   63.445 0.275933786E+00 0.173376094E-12 -.376558272E-13 0.219860502E-03 -.466860674E-01 -.521105306E-13 0.376393538E-13 -.343856441E-03 0.279769129E+00 0.176770905E-12 -.224010078E-15 -.266278400E-05 0.466860953E-01 0.521171630E-13 -.229211599E-15 -.113928295E-04 0.275976161E+00 0.173329007E-12
   70.000 0.276649259E+00 0.142533512E-12 -.308506139E-13 0.180391078E-03 -.423141297E-01 -.463507448E-13 0.307687472E-13 -.282437521E-03 0.279799311E+00 0.145243050E-12 -.168722048E-15 -.197998474E-05 0.423141469E-01 0.463548072E-13 -.138774189E-15 -.849516684E-05 0.276683830E+00 0.142503739E-12
