    0.000 -.305772723E-18 -.330269011E-18 -.189681773E-18 0.659101585E-18 -.785076790E-01 0.218346181E-11 -.100353547E-19 0.535482580E-18 0.158310291E-18 0.858892380E-18 -.218449924E-11 -.785280426E-01 0.310537614E+00 -.815793034E-11 0.815842640E-11 0.310536492E+00 -.909103380E-17 0.351220286E-18
    0.144 0.182301787E-02 -.495948520E-13 -.320803135E-13 -.803019400E-03 -.786687001E-01 0.218732606E-11 0.327526060E-13 0.807383014E-03 0.135352925E-02 -.351617785E-13 -.218182496E-11 -.784158927E-01 0.310537885E+00 -.815704991E-11 0.815688581E-11 0.310473772E+00 0.232450245E-02 -.724947591E-13
    0.289 0.371827790E-02 -.101337810E-12 -.642870753E-13 -.160661769E-02 -.791563988E-01 0.219938329E-11 0.674643116E-13 0.167791691E-02 0.251778372E-02 -.644899481E-13 -.217335975E-11 -.780743284E-01 0.310539295E+00 -.815778934E-11 0.815229714E-11 0.310286952E+00 0.467566082E-02 -.145863097E-12
    0.433 0.567149835E-02 -.154805215E-12 -.961649293E-13 -.239163898E-02 -.799748214E-01 0.221976694E-11 0.102812461E-12 0.256377763E-02 0.357509933E-02 -.901252661E-13 -.215878847E-11 -.775002855E-01 0.310540946E+00 -.815702806E-11 0.814300963E-11 0.309975852E+00 0.707248498E-02 -.220285328E-12
    0.578 0.768066234E-02 -.209937294E-12 -.128121972E-12 -.316759817E-02 -.811254645E-01 0.224837500E-11 0.138811438E-12 0.346052634E-02 0.456735690E-02 -.113144736E-12 -.213826124E-11 -.766942138E-01 0.310541088E+00 -.815715532E-11 0.813283989E-11 0.309537775E+00 0.953169303E-02 -.296454540E-12
    0.723 0.974872150E-02 -.266786400E-12 -.160251835E-12 -.393563199E-02 -.826106601E-01 0.228524368E-11 0.175359565E-12 0.436362428E-02 0.551931691E-02 -.134322190E-12 -.211190751E-11 -.756566045E-01 0.310537043E+00 -.815787024E-11 0.812036937E-11 0.308967944E+00 0.120691207E-01 -.374833474E-12
    0.868 0.118805975E-01 -.325402076E-12 -.192442612E-12 -.469577680E-02 -.844333068E-01 0.233058825E-11 0.212350926E-12 0.526996853E-02 0.644987697E-02 -.154220843E-12 -.207967742E-11 -.743882613E-01 0.310525263E+00 -.815693494E-11 0.810349028E-11 0.308259527E+00 0.147000954E-01 -.455824419E-12
    1.014 0.140819012E-01 -.385894058E-12 -.224872301E-12 -.544823280E-02 -.865965201E-01 0.238443169E-11 0.249782260E-12 0.617759403E-02 0.737556469E-02 -.173223385E-12 -.204178515E-11 -.728906750E-01 0.310501374E+00 -.815572362E-11 0.808367799E-11 0.307403602E+00 0.174395193E-01 -.539894047E-12
    1.160 0.163587009E-01 -.448361004E-12 -.257501325E-12 -.619351574E-02 -.891032354E-01 0.244678747E-11 0.287638271E-12 0.708533715E-02 0.831192603E-02 -.191650347E-12 -.199813977E-11 -.711664287E-01 0.310460192E+00 -.815463273E-11 0.805788432E-11 0.306389095E+00 0.203018207E-01 -.627274909E-12
    1.306 0.187173332E-01 -.512973359E-12 -.290517009E-12 -.693246735E-02 -.919557909E-01 0.251776291E-11 0.325990252E-12 0.799264241E-02 0.927434978E-02 -.209957954E-12 -.194880175E-11 -.692196111E-01 0.310395770E+00 -.815463484E-11 0.803154527E-11 0.305202699E+00 0.233007998E-01 -.718563629E-12
    1.453 0.211642826E-01 -.579907881E-12 -.323832281E-12 -.766625922E-02 -.951554311E-01 0.259722801E-11 0.364790083E-12 0.889943519E-02 0.102786929E-01 -.228574415E-12 -.189418933E-11 -.670562766E-01 0.310301432E+00 -.815349484E-11 0.799507376E-11 0.303828781E+00 0.264493693E-01 -.813984612E-12
    1.601 0.237060576E-01 -.649337235E-12 -.357642630E-12 -.839637297E-02 -.987017657E-01 0.268532515E-11 0.404133371E-12 0.980605114E-02 0.113418178E-01 -.247528882E-12 -.183427740E-11 -.646849034E-01 0.310169837E+00 -.815193080E-11 0.795473992E-11 0.302249292E+00 0.297591994E-01 -.913746437E-12
    1.750 0.263491077E-01 -.721333420E-12 -.392298954E-12 -.912457870E-02 -.102592186E+00 0.278215592E-11 0.444220068E-12 0.107131707E-01 0.124821155E-01 -.267829608E-12 -.176941268E-11 -.621168329E-01 0.309993043E+00 -.814806823E-11 0.791028893E-11 0.300443682E+00 0.332402829E-01 -.101834797E-11
    1.899 0.290997776E-01 -.796015707E-12 -.427376518E-12 -.985289145E-02 -.106821296E+00 0.288731228E-11 0.484830940E-12 0.116217639E-01 0.137200331E-01 -.290155101E-12 -.170004181E-11 -.593665932E-01 0.309762596E+00 -.814071013E-11 0.786037169E-11 0.298388845E+00 0.369004455E-01 -.112775057E-11
    2.049 0.319642760E-01 -.873523481E-12 -.463339882E-12 -.105835021E-01 -.111380391E+00 0.300063113E-11 0.526192484E-12 0.125330325E-01 0.150786710E-01 -.314919570E-12 -.162665128E-11 -.564520754E-01 0.309469611E+00 -.813312995E-11 0.780459715E-11 0.296059054E+00 0.407448428E-01 -.124203078E-11
    2.199 0.349486042E-01 -.954036482E-12 -.500328294E-12 -.113186952E-01 -.116257050E+00 0.312183926E-11 0.568406427E-12 0.134483579E-01 0.165844419E-01 -.342642609E-12 -.154992384E-11 -.533944714E-01 0.309104881E+00 -.812437057E-11 0.774046938E-11 0.293425915E+00 0.447754931E-01 -.136145797E-11
    2.351 0.380584784E-01 -.103771917E-11 -.538084540E-12 -.120607274E-01 -.121434860E+00 0.325038395E-11 0.611386163E-12 0.143692368E-01 0.182678539E-01 -.374629948E-12 -.147056455E-11 -.502179252E-01 0.308658969E+00 -.811435329E-11 0.766908474E-11 0.290458280E+00 0.489908996E-01 -.148557367E-11
    2.504 0.412992555E-01 -.112469284E-11 -.576988453E-12 -.128116629E-01 -.126893359E+00 0.338596746E-11 0.655246818E-12 0.152971668E-01 0.201644400E-01 -.411320600E-12 -.138904307E-11 -.469488773E-01 0.308122303E+00 -.810196222E-11 0.758577415E-11 0.287122065E+00 0.533858433E-01 -.161401538E-11
    2.658 0.446758442E-01 -.121507948E-11 -.616919936E-12 -.135731522E-01 -.132608155E+00 0.352821301E-11 0.699982042E-12 0.162334837E-01 0.223158673E-01 -.454636195E-12 -.130637924E-11 -.436151192E-01 0.307485229E+00 -.808635206E-11 0.749109115E-11 0.283379936E+00 0.579513740E-01 -.174665413E-11
    2.813 0.481925755E-01 -.130895293E-11 -.657964471E-12 -.143461553E-01 -.138551245E+00 0.367634125E-11 0.745705492E-12 0.171791299E-01 0.247712323E-01 -.505559494E-12 -.122320062E-11 -.402446180E-01 0.306738059E+00 -.806782277E-11 0.738590694E-11 0.279190804E+00 0.626750233E-01 -.188271071E-11
    2.970 0.518530566E-01 -.140639609E-11 -.699837963E-12 -.151305888E-01 -.144691410E+00 0.382986624E-11 0.792015373E-12 0.181343192E-01 0.275885906E-01 -.566286065E-12 -.114016463E-11 -.368642819E-01 0.305871055E+00 -.804687000E-11 0.726825313E-11 0.274509026E+00 0.675412201E-01 -.202143044E-11
    3.127 0.556599750E-01 -.150755340E-11 -.742960088E-12 -.159248717E-01 -.150994558E+00 0.398771543E-11 0.839318041E-12 0.190980930E-01 0.308367167E-01 -.638619588E-12 -.105839854E-11 -.334988318E-01 0.304874372E+00 -.802167468E-11 0.714071712E-11 0.269283361E+00 0.725317937E-01 -.216233733E-11
    3.287 0.596148587E-01 -.161242972E-11 -.786716954E-12 -.167253588E-01 -.157423815E+00 0.414915148E-11 0.887247581E-12 0.200677316E-01 0.345970015E-01 -.724613146E-12 -.978371911E-12 -.301699930E-01 0.303737953E+00 -.799296559E-11 0.699020658E-11 0.263455695E+00 0.776264754E-01 -.230451037E-11
    3.447 0.637177559E-01 -.172117313E-11 -.831433513E-12 -.175256513E-01 -.163939257E+00 0.431327839E-11 0.935878345E-12 0.210379897E-01 0.389653428E-01 -.827322800E-12 -.900653518E-12 -.268961825E-01 0.302451362E+00 -.796163703E-11 0.682462466E-11 0.256959589E+00 0.828032884E-01 -.244705510E-11
    3.610 0.679668662E-01 -.183367123E-11 -.876296989E-12 -.183157524E-01 -.170497155E+00 0.447915301E-11 0.984727874E-12 0.220001545E-01 0.440538051E-01 -.950447290E-12 -.825840837E-12 -.236927805E-01 0.301003580E+00 -.792539102E-11 0.663745112E-11 0.249718833E+00 0.880387333E-01 -.258874219E-11
    3.774 0.723580847E-01 -.194989312E-11 -.920760571E-12 -.190811384E-01 -.177048733E+00 0.464551174E-11 0.103315254E-11 0.229408995E-01 0.499913052E-01 -.109725146E-11 -.754523186E-12 -.205730046E-01 0.299382781E+00 -.788421338E-11 0.642072064E-11 0.241646480E+00 0.933078291E-01 -.272881838E-11
    3.939 0.768844954E-01 -.206965967E-11 -.964651795E-12 -.198017732E-01 -.183538548E+00 0.481099284E-11 0.108080577E-11 0.238409546E-01 0.569222903E-01 -.127212903E-11 -.687349677E-12 -.175493928E-01 0.297576155E+00 -.783889973E-11 0.618301080E-11 0.232645090E+00 0.985839656E-01 -.286662981E-11
    4.107 0.815358269E-01 -.219262348E-11 -.100677792E-11 -.204512425E-01 -.189902501E+00 0.497393577E-11 0.112673671E-11 0.246736785E-01 0.650013616E-01 -.147931788E-11 -.624851193E-12 -.146358560E-01 0.295569837E+00 -.778996746E-11 0.591661697E-11 0.222609977E+00 0.103838602E+00 -.300084257E-11
    4.277 0.862979208E-01 -.231844464E-11 -.104639612E-11 -.209962521E-01 -.196065722E+00 0.513245127E-11 0.117015554E-11 0.254037463E-01 0.743807366E-01 -.172385963E-11 -.567679027E-12 -.118501899E-01 0.293349083E+00 -.773455044E-11 0.561748013E-11 0.211438246E+00 0.109040870E+00 -.313027131E-11
    4.449 0.911523434E-01 -.244660959E-11 -.108285230E-11 -.213969612E-01 -.201940910E+00 0.528412402E-11 0.120995529E-11 0.259864179E-01 0.851864325E-01 -.200935595E-11 -.516501026E-12 -.921669123E-02 0.290898817E+00 -.767243566E-11 0.528120338E-11 0.199047602E+00 0.114157277E+00 -.325384626E-11
    4.623 0.960763522E-01 -.257655421E-11 -.111441413E-11 -.216088513E-01 -.207428388E+00 0.542641367E-11 0.124450594E-11 0.263681872E-01 0.974799003E-01 -.233741080E-11 -.472274181E-12 -.676799793E-02 0.288204659E+00 -.760457243E-11 0.490675043E-11 0.185408430E+00 0.119152041E+00 -.337094667E-11
    4.799 0.101043444E+00 -.270744567E-11 -.113958570E-11 -.215867898E-01 -.212419751E+00 0.555651862E-11 0.127162790E-11 0.264899391E-01 0.111206592E+00 -.270656735E-11 -.435894698E-12 -.454477220E-02 0.285254575E+00 -.752942387E-11 0.449679695E-11 0.170588688E+00 0.123988875E+00 -.348095925E-11
    4.978 0.106024739E+00 -.283832161E-11 -.115672276E-11 -.212914581E-01 -.216806879E+00 0.567146472E-11 0.128996159E-11 0.262936659E-01 0.126145812E+00 -.311152469E-11 -.407916280E-12 -.259173083E-02 0.282041101E+00 -.744738853E-11 0.406071797E-11 0.154799411E+00 0.128634914E+00 -.358337220E-11
    5.159 0.110991203E+00 -.296825748E-11 -.116698894E-11 -.206972370E-01 -.220496246E+00 0.576876231E-11 0.129912174E-11 0.257327126E-01 0.141890826E+00 -.354116393E-11 -.388587427E-12 -.949667628E-03 0.278564023E+00 -.735848451E-11 0.360334568E-11 0.138414470E+00 0.133066565E+00 -.367869790E-11
    5.343 0.115916307E+00 -.309657498E-11 -.116658256E-11 -.197991063E-01 -.223424895E+00 0.584683240E-11 0.129634325E-11 0.247831513E-01 0.157889085E+00 -.398039598E-11 -.377635080E-12 0.354482616E-03 0.274833004E+00 -.726249215E-11 0.314564448E-11 0.121936156E+00 0.137275339E+00 -.376783347E-11
    5.530 0.120778357E+00 -.322249546E-11 -.116001280E-11 -.186157530E-01 -.225571788E+00 0.590507333E-11 0.128411190E-11 0.234518996E-01 0.173542383E+00 -.441230980E-11 -.373738984E-12 0.131538968E-02 0.270869241E+00 -.715986991E-11 0.269162859E-11 0.105905388E+00 0.141270704E+00 -.385185954E-11
    5.720 0.125561714E+00 -.334576300E-11 -.114573295E-11 -.171873263E-01 -.226959291E+00 0.594414688E-11 0.126192627E-11 0.217776306E-01 0.188323437E+00 -.482213425E-11 -.375943075E-12 0.195116062E-02 0.266705148E+00 -.705140239E-11 0.226669544E-11 0.907960445E-01 0.145077999E+00 -.393256161E-11
    5.913 0.130256659E+00 -.346615262E-11 -.112548334E-11 -.155688504E-01 -.227644793E+00 0.596538023E-11 0.123214652E-11 0.198241219E-01 0.201855664E+00 -.519879685E-11 -.382672089E-12 0.229889412E-02 0.262381664E+00 -.693813421E-11 0.187666834E-11 0.769429477E-01 0.148732288E+00 -.401150810E-11
    6.110 0.134858287E+00 -.358363876E-11 -.109924572E-11 -.138219590E-01 -.227707034E+00 0.597079101E-11 0.119515109E-11 0.176693093E-01 0.213934313E+00 -.553691103E-11 -.392744534E-12 0.240677424E-02 0.257943925E+00 -.682093056E-11 0.152496923E-11 0.645238987E-01 0.152271021E+00 -.408978104E-11
    6.310 0.139365068E+00 -.369841291E-11 -.107210346E-11 -.120075223E-01 -.227232569E+00 0.596259333E-11 0.115521663E-11 0.153942803E-01 0.224502496E+00 -.583492056E-11 -.404989888E-12 0.232617102E-02 0.253436705E+00 -.670141669E-11 0.121329482E-11 0.535830743E-01 0.155728185E+00 -.416838982E-11
    6.514 0.143777576E+00 -.381054239E-11 -.104479667E-11 -.101805492E-01 -.226305706E+00 0.594257766E-11 0.111440392E-11 0.130748843E-01 0.233608917E+00 -.609296796E-11 -.417852138E-12 0.210586300E-02 0.248900768E+00 -.658120659E-11 0.943932032E-12 0.440706101E-01 0.159131068E+00 -.424776543E-11
    6.721 0.148097570E+00 -.392004900E-11 -.101582890E-11 -.838743480E-02 -.225002560E+00 0.591279160E-11 0.107242219E-11 0.107766973E-01 0.241366044E+00 -.631405846E-11 -.430662711E-12 0.178877561E-02 0.244370679E+00 -.646092979E-11 0.704654345E-12 0.358810083E-01 0.162499348E+00 -.432816769E-11
    6.933 0.152327405E+00 -.402727628E-11 -.986878132E-12 -.666506422E-02 -.223388478E+00 0.587485009E-11 0.103066684E-11 0.855288152E-02 0.247917571E+00 -.650228918E-11 -.443257031E-12 0.141072341E-02 0.239873974E+00 -.634088930E-11 0.504048595E-12 0.288824192E-01 0.165845658E+00 -.440969053E-11
    7.149 0.156469702E+00 -.413223005E-11 -.961962690E-12 -.504112442E-02 -.221517710E+00 0.582992458E-11 0.992903752E-12 0.644404916E-02 0.253416240E+00 -.666131378E-11 -.455343364E-12 0.100043832E-02 0.235431296E+00 -.622165886E-11 0.332251325E-12 0.229361278E-01 0.169176860E+00 -.449219842E-11
    7.369 0.160527188E+00 -.423499796E-11 -.940103176E-12 -.353503490E-02 -.219434272E+00 0.577913155E-11 0.959040919E-12 0.447923940E-02 0.258010352E+00 -.679494475E-11 -.466421847E-12 0.580239750E-03 0.231057086E+00 -.610397171E-11 0.190450356E-12 0.179080233E-01 0.172495453E+00 -.457547107E-11
    7.594 0.164502600E+00 -.433568601E-11 -.920764780E-12 -.215916168E-02 -.217173339E+00 0.572324311E-11 0.928819973E-12 0.267748070E-02 0.261836443E+00 -.690687264E-11 -.476170052E-12 0.166963223E-03 0.226760533E+00 -.598826677E-11 0.674780904E-13 0.136745491E-01 0.175800868E+00 -.465920583E-11
    7.824 0.168398622E+00 -.443437615E-11 -.906399496E-12 -.920083859E-03 -.214762777E+00 0.566287669E-11 0.904174970E-12 0.104953467E-02 0.265016003E+00 -.700028235E-11 -.484175821E-12 -.227075159E-03 0.222546575E+00 -.587452737E-11 -.407209144E-13 0.101251721E-01 0.179090518E+00 -.474307687E-11
    8.060 0.172217847E+00 -.453104799E-11 -.891657218E-12 0.180249545E-03 -.212224550E+00 0.559859917E-11 0.880901516E-12 -.400468773E-03 0.267654656E+00 -.707783489E-11 -.490851412E-12 -.593209600E-03 0.218416798E+00 -.576265516E-11 -.127654485E-12 0.716279256E-02 0.182360599E+00 -.482677228E-11
    8.301 0.175962751E+00 -.462572736E-11 -.881102562E-12 0.114348614E-02 -.209575967E+00 0.553076075E-11 0.862691418E-12 -.167356857E-02 0.269842722E+00 -.714200434E-11 -.496950280E-12 -.925670405E-03 0.214370215E+00 -.565260176E-11 -.201226636E-12 0.470305357E-02 0.185606671E+00 -.491001844E-11
    8.547 0.179635634E+00 -.471840777E-11 -.876004893E-12 0.197398913E-02 -.206830723E+00 0.545963110E-11 0.851177090E-12 -.277467230E-02 0.271656518E+00 -.719464114E-11 -.501472373E-12 -.122096068E-02 0.210403951E+00 -.554453708E-11 -.255177792E-12 0.267316119E-02 0.188824057E+00 -.499249494E-11
    8.800 0.183238587E+00 -.480910350E-11 -.878415792E-12 0.267809886E-02 -.203999729E+00 0.538542882E-11 0.846800466E-12 -.371149209E-02 0.273159932E+00 -.723751188E-11 -.503712447E-12 -.147735248E-02 0.206513773E+00 -.543839791E-11 -.308131623E-12 0.101053726E-02 0.192008107E+00 -.507381829E-11
    9.060 0.186773467E+00 -.489774040E-11 -.884235955E-12 0.326354358E-02 -.201091786E+00 0.530841916E-11 0.847408484E-12 -.449370933E-02 0.274406114E+00 -.727195395E-11 -.505917867E-12 -.169447976E-02 0.202694502E+00 -.533384621E-11 -.352531502E-12 -.338571079E-03 0.195154370E+00 -.515379754E-11
    9.326 0.190241864E+00 -.498427696E-11 -.888626064E-12 0.373895883E-02 -.198114105E+00 0.522869877E-11 0.847968156E-12 -.513228258E-02 0.275439047E+00 -.729900297E-11 -.507449403E-12 -.187301706E-02 0.198940344E+00 -.523059952E-11 -.383405433E-12 -.142033231E-02 0.198258689E+00 -.523220792E-11
    9.599 0.193645086E+00 -.506858569E-11 -.895895133E-12 0.411350983E-02 -.195072716E+00 0.514645594E-11 0.852355939E-12 -.563891832E-02 0.276294994E+00 -.731970704E-11 -.506784955E-12 -.201442018E-02 0.195245143E+00 -.512851866E-11 -.408820247E-12 -.227443935E-02 0.201317264E+00 -.530869091E-11
    9.881 0.196984151E+00 -.515057871E-11 -.908628427E-12 0.439658941E-02 -.191972772E+00 0.506174816E-11 0.862862228E-12 -.602565618E-02 0.277003789E+00 -.733479409E-11 -.505016894E-12 -.212072142E-02 0.191602581E+00 -.502743762E-11 -.430527423E-12 -.293508198E-02 0.204326664E+00 -.538306383E-11
   10.170 0.200259773E+00 -.523015274E-11 -.926963435E-12 0.459758718E-02 -.188818786E+00 0.497469404E-11 0.878165638E-12 -.630454442E-02 0.277589942E+00 -.734470940E-11 -.502892952E-12 -.219436551E-02 0.188006334E+00 -.492710149E-11 -.445498788E-12 -.343175573E-02 0.207283839E+00 -.545510981E-11
   10.468 0.203472380E+00 -.530722278E-11 -.944529400E-12 0.472570946E-02 -.185614804E+00 0.488541843E-11 0.894774631E-12 -.648740662E-02 0.278073590E+00 -.735014174E-11 -.499909478E-12 -.223807537E-02 0.184450187E+00 -.482728336E-11 -.459869710E-12 -.378995684E-02 0.210186106E+00 -.552461676E-11
   10.775 0.206622121E+00 -.538160257E-11 -.962749400E-12 0.478984801E-02 -.182364536E+00 0.479395248E-11 0.912855753E-12 -.658566851E-02 0.278471304E+00 -.735133312E-11 -.496587734E-12 -.225474610E-02 0.180928116E+00 -.472779770E-11 -.469512746E-12 -.403176363E-02 0.213031141E+00 -.559140216E-11
   11.092 0.209708890E+00 -.545310029E-11 -.983249518E-12 0.479847542E-02 -.179071446E+00 0.470043681E-11 0.933459421E-12 -.661022036E-02 0.278796748E+00 -.734867040E-11 -.492371698E-12 -.224735430E-02 0.177434366E+00 -.462849441E-11 -.472941534E-12 -.417630729E-02 0.215816954E+00 -.565521323E-11
   11.419 0.212732346E+00 -.552160945E-11 -.100850304E-11 0.475957708E-02 -.175738815E+00 0.460495151E-11 0.958495836E-12 -.657133346E-02 0.279061240E+00 -.734221223E-11 -.487187084E-12 -.221888943E-02 0.173963499E+00 -.452919877E-11 -.477948977E-12 -.424018803E-02 0.218541874E+00 -.571588778E-11
   11.757 0.215691941E+00 -.558698212E-11 -.103396665E-11 0.468059831E-02 -.172369784E+00 0.450758929E-11 0.984939609E-12 -.647859304E-02 0.279274205E+00 -.733220652E-11 -.481628639E-12 -.217229341E-02 0.170510437E+00 -.442971425E-11 -.481088369E-12 -.423780070E-02 0.221204531E+00 -.577323722E-11
   12.107 0.218586959E+00 -.564896969E-11 -.106412142E-11 0.456841522E-02 -.168967376E+00 0.440836661E-11 0.101501171E-11 -.634086676E-02 0.279443546E+00 -.731888566E-11 -.476497094E-12 -.211041281E-02 0.167070487E+00 -.432979058E-11 -.482636732E-12 -.418162381E-02 0.223803831E+00 -.582709675E-11
   12.470 0.221416549E+00 -.570735633E-11 -.109183577E-11 0.442931646E-02 -.165534511E+00 0.430738847E-11 0.104547102E-11 -.616627955E-02 0.279575938E+00 -.730209609E-11 -.470429142E-12 -.203596114E-02 0.163639359E+00 -.422949142E-11 -.479737290E-12 -.408245324E-02 0.226338940E+00 -.587721192E-11
   12.845 0.224179761E+00 -.576196174E-11 -.112691778E-11 0.426899835E-02 -.162074005E+00 0.420476628E-11 0.108109868E-11 -.596221055E-02 0.279677078E+00 -.728207660E-11 -.463557307E-12 -.195148787E-02 0.160213181E+00 -.412852536E-11 -.479063565E-12 -.394960864E-02 0.228809266E+00 -.592337718E-11
   13.235 0.226875582E+00 -.581251679E-11 -.116907127E-11 0.409257165E-02 -.158588566E+00 0.410052698E-11 0.112283514E-11 -.573530353E-02 0.279751863E+00 -.725852426E-11 -.456894762E-12 -.185935611E-02 0.156788500E+00 -.402676814E-11 -.477363263E-12 -.379110521E-02 0.231214438E+00 -.596540039E-11
   13.640 0.229502984E+00 -.585874745E-11 -.119847593E-11 0.390457255E-02 -.155080789E+00 0.399479730E-11 0.115549569E-11 -.549147937E-02 0.279804545E+00 -.723156403E-11 -.451196563E-12 -.176172478E-02 0.153362281E+00 -.392424812E-11 -.474750623E-12 -.361379873E-02 0.233554288E+00 -.600310841E-11
   14.061 0.232060953E+00 -.590039512E-11 -.123634071E-11 0.370898248E-02 -.151553141E+00 0.388759005E-11 0.119535611E-11 -.523596167E-02 0.279838841E+00 -.720115690E-11 -.445378679E-12 -.166053941E-02 0.149931894E+00 -.382071705E-11 -.469272383E-12 -.342352060E-02 0.235828834E+00 -.603625752E-11
   14.500 0.234548522E+00 -.593711142E-11 -.127645801E-11 0.350924968E-02 -.148007952E+00 0.377894103E-11 0.123626715E-11 -.497330166E-02 0.279858025E+00 -.716705735E-11 -.438906720E-12 -.155752506E-02 0.146495117E+00 -.371611799E-11 -.466155472E-12 -.322519041E-02 0.238038257E+00 -.606451248E-11
   14.957 0.236964803E+00 -.596865489E-11 -.131282037E-11 0.330831820E-02 -.144447404E+00 0.366902582E-11 0.127574318E-11 -.470741387E-02 0.279864988E+00 -.712922188E-11 -.433876837E-12 -.145418636E-02 0.143050116E+00 -.361046270E-11 -.462453852E-12 -.302291749E-02 0.240182883E+00 -.608770073E-11
   15.435 0.239309019E+00 -.599465974E-11 -.135695091E-11 0.310866062E-02 -.140873519E+00 0.355779812E-11 0.132086212E-11 -.444161599E-02 0.279862293E+00 -.708738584E-11 -.427616241E-12 -.135181119E-02 0.139595419E+00 -.350361392E-11 -.456173224E-12 -.282009359E-02 0.242263164E+00 -.610555335E-11
   15.934 0.241580528E+00 -.601475115E-11 -.139850754E-11 0.291231231E-02 -.137288157E+00 0.344532970E-11 0.136451961E-11 -.417867032E-02 0.279852205E+00 -.704129722E-11 -.421182275E-12 -.125147806E-02 0.136129901E+00 -.339557447E-11 -.449324201E-12 -.261947642E-02 0.244279656E+00 -.611772868E-11
   16.457 0.243778836E+00 -.602866422E-11 -.143872044E-11 0.272090905E-02 -.133693005E+00 0.333170563E-11 0.140733026E-11 -.392082951E-02 0.279836721E+00 -.699078614E-11 -.415216291E-12 -.115406722E-02 0.132652758E+00 -.328635024E-11 -.447462934E-12 -.242326712E-02 0.246232999E+00 -.612388405E-11
   17.005 0.245903624E+00 -.603574921E-11 -.148648017E-11 0.253572515E-02 -.130089580E+00 0.321686229E-11 0.145591159E-11 -.366988286E-02 0.279817592E+00 -.693527122E-11 -.408776136E-12 -.106027438E-02 0.129163477E+00 -.317572614E-11 -.441027335E-12 -.223318074E-02 0.248123903E+00 -.612358508E-11
   17.581 0.247954752E+00 -.603576440E-11 -.153407136E-11 0.235771183E-02 -.126479223E+00 0.310092902E-11 0.150451996E-11 -.342720320E-02 0.279796330E+00 -.687468592E-11 -.400535105E-12 -.970626233E-03 0.125661811E+00 -.306384343E-11 -.433099955E-12 -.205051131E-02 0.249953126E+00 -.611646521E-11
   18.187 0.249932267E+00 -.602813622E-11 -.157372857E-11 0.218753703E-02 -.122863113E+00 0.298383144E-11 0.154732362E-11 -.319379601E-02 0.279774228E+00 -.680823546E-11 -.393430137E-12 -.885498137E-03 0.122147750E+00 -.295058682E-11 -.433022751E-12 -.187619200E-02 0.251721454E+00 -.610194413E-11
   18.825 0.251836410E+00 -.601225782E-11 -.161580852E-11 0.202562367E-02 -.119242270E+00 0.286563972E-11 0.159098689E-11 -.297034680E-02 0.279752370E+00 -.673564872E-11 -.386942886E-12 -.805132278E-03 0.118621482E+00 -.283606426E-11 -.424235866E-12 -.171085078E-02 0.253429689E+00 -.607954340E-11
   19.499 0.253667600E+00 -.598752186E-11 -.165892065E-11 0.187218755E-02 -.115617565E+00 0.274636841E-11 0.163555275E-11 -.275726867E-02 0.279731640E+00 -.665627061E-11 -.376979960E-12 -.729656575E-03 0.115083374E+00 -.272023801E-11 -.420808350E-12 -.155486161E-02 0.255078633E+00 -.604861869E-11
   20.213 0.255426438E+00 -.595326248E-11 -.170461834E-11 0.172727314E-02 -.111989733E+00 0.262602076E-11 0.168224073E-11 -.255474681E-02 0.279712736E+00 -.656942550E-11 -.367444858E-12 -.659103054E-03 0.111533934E+00 -.260302401E-11 -.416791604E-12 -.140839053E-02 0.256669077E+00 -.600854742E-11
   20.969 0.257113678E+00 -.590881158E-11 -.173852351E-11 0.159078774E-02 -.108359394E+00 0.250462674E-11 0.171855051E-11 -.236278204E-02 0.279696182E+00 -.647437743E-11 -.356283931E-12 -.593426010E-03 0.107973798E+00 -.248449275E-11 -.411610508E-12 -.127143754E-02 0.258201785E+00 -.595854932E-11
   21.772 0.258730225E+00 -.585337420E-11 -.177079195E-11 0.146253171E-02 -.104727067E+00 0.238221657E-11 0.175230062E-11 -.218122871E-02 0.279682346E+00 -.637037943E-11 -.344109388E-12 -.532518482E-03 0.104403691E+00 -.236476410E-11 -.408258589E-12 -.114387258E-02 0.259677491E+00 -.589779761E-11
   22.628 0.260277110E+00 -.578594114E-11 -.179958180E-11 0.134222652E-02 -.101093191E+00 0.225882534E-11 0.178195437E-11 -.200983090E-02 0.279671453E+00 -.625644683E-11 -.331962589E-12 -.476227515E-03 0.100824414E+00 -.224382408E-11 -.400565142E-12 -.102546773E-02 0.261096889E+00 -.582538543E-11
   23.541 0.261755461E+00 -.570558385E-11 -.182242149E-11 0.122953974E-02 -.974581512E-01 0.213450450E-11 0.180593326E-11 -.184825458E-02 0.279663603E+00 -.613159172E-11 -.318325060E-12 -.424367587E-03 0.972368288E-01 -.212174573E-11 -.389347691E-12 -.915924143E-03 0.262460626E+00 -.574036992E-11
   24.518 0.263166480E+00 -.561141427E-11 -.182641677E-11 0.112410581E-02 -.938223048E-01 0.200937558E-11 0.181247231E-11 -.169611441E-02 0.279658789E+00 -.599485075E-11 -.303595655E-12 -.376731979E-03 0.936418481E-01 -.199863623E-11 -.377115677E-12 -.814894498E-03 0.263769302E+00 -.564170537E-11
   25.567 0.264511417E+00 -.550218031E-11 -.182113539E-11 0.102554328E-02 -.901860122E-01 0.188356845E-11 0.180821606E-11 -.155299634E-02 0.279656915E+00 -.584516780E-11 -.284574402E-12 -.333102207E-03 0.900404333E-01 -.187466321E-11 -.362523001E-12 -.722001160E-03 0.265023464E+00 -.552830066E-11
   26.697 0.265791540E+00 -.537670790E-11 -.180681676E-11 0.933468972E-03 -.865496748E-01 0.175720312E-11 0.179361559E-11 -.141847639E-02 0.279657816E+00 -.568123931E-11 -.264543917E-12 -.293255395E-03 0.864336075E-01 -.174995778E-11 -.344968606E-12 -.636850379E-03 0.266223602E+00 -.539896890E-11
   27.917 0.267008104E+00 -.523374783E-11 -.175384630E-11 0.847508345E-03 -.829137840E-01 0.163045938E-11 0.174375854E-11 -.129213433E-02 0.279661273E+00 -.550178759E-11 -.245365746E-12 -.256969829E-03 0.828224791E-01 -.162467482E-11 -.321114514E-12 -.559042719E-03 0.267370151E+00 -.525221893E-11
   29.240 0.268162330E+00 -.507188669E-11 -.168651527E-11 0.767302890E-03 -.792789789E-01 0.150355576E-11 0.167723250E-11 -.117356395E-02 0.279667031E+00 -.530532511E-11 -.231148930E-12 -.224028773E-03 0.792082811E-01 -.149914450E-11 -.287375422E-12 -.488180719E-03 0.268463484E+00 -.508671695E-11
   30.679 0.269255366E+00 -.488971955E-11 -.159413037E-11 0.692515121E-03 -.756461311E-01 0.137683700E-11 0.158548434E-11 -.106238001E-02 0.279674811E+00 -.509065208E-11 -.217390440E-12 -.194222878E-03 0.755924443E-01 -.137369870E-11 -.242273575E-12 -.423873797E-03 0.269503903E+00 -.490120217E-11
   32.251 0.270288270E+00 -.468616823E-11 -.145849698E-11 0.622831115E-03 -.720164581E-01 0.125074567E-11 0.145287794E-11 -.958222025E-03 0.279684325E+00 -.485663117E-11 -.202743768E-12 -.167351205E-03 0.719767009E-01 -.124865947E-11 -.193818001E-12 -.365740979E-03 0.270491639E+00 -.469443231E-11
   33.978 0.271261973E+00 -.445959389E-11 -.130979929E-11 0.557960764E-03 -.683916850E-01 0.112570125E-11 0.130436666E-11 -.860755213E-03 0.279695284E+00 -.460194336E-11 -.187664469E-12 -.143220247E-03 0.683632368E-01 -.112454607E-11 -.145259405E-12 -.313410811E-03 0.271426832E+00 -.446499914E-11
   35.882 0.272177254E+00 -.420872924E-11 -.114071802E-11 0.497635090E-03 -.647742784E-01 0.100226411E-11 0.113672183E-11 -.769667619E-03 0.279707407E+00 -.432536143E-11 -.179096323E-12 -.121636344E-03 0.647549268E-01 -.100186862E-11 -.957389063E-13 -.266513117E-03 0.272309516E+00 -.421153932E-11
   37.994 0.273034694E+00 -.393237931E-11 -.955823370E-12 0.441595310E-03 -.611677973E-01 0.881075749E-12 0.953025850E-12 -.684656559E-03 0.279720433E+00 -.402602227E-11 -.168155558E-12 -.102361147E-03 0.611556782E-01 -.881277255E-12 -.516365671E-13 -.224625622E-03 0.273139595E+00 -.393302102E-11
   40.351 0.273834605E+00 -.362915111E-11 -.777321206E-12 0.389551428E-03 -.575774366E-01 0.762809151E-12 0.775051096E-12 -.605376752E-03 0.279734156E+00 -.370258821E-11 -.142782435E-12 -.848080057E-04 0.575709514E-01 -.763562526E-12 -.186055027E-13 -.186881137E-03 0.273916801E+00 -.362825476E-11
   43.000 0.274576826E+00 -.329722554E-11 -.609467683E-12 0.341028965E-03 -.540109429E-01 0.648383507E-12 0.608716619E-12 -.531267651E-03 0.279748570E+00 -.335317547E-11 -.102418494E-12 -.656060941E-04 0.540085633E-01 -.650031022E-12 -.247821148E-14 -.148241711E-03 0.274640602E+00 -.329539839E-11
   45.999 0.275259822E+00 -.293250633E-11 -.490539944E-12 0.295050849E-03 -.504805914E-01 0.544268511E-12 0.490396577E-12 -.461473056E-03 0.279764914E+00 -.297351593E-11 -.178973939E-13 -.156477007E-04 0.504802387E-01 -.546918526E-12 -.663792192E-14 -.482195158E-04 0.275309837E+00 -.292991255E-11
   49.425 0.275886785E+00 -.254367157E-11 -.423896943E-12 0.255098277E-03 -.469815558E-01 0.494300956E-12 0.422825578E-12 -.399492663E-03 0.279787919E+00 -.257669183E-11 -.272310329E-14 -.314546264E-05 0.469816025E-01 -.494455550E-12 -.273075008E-14 -.133743317E-04 0.275929563E+00 -.254041179E-11
   53.378 0.276465237E+00 -.218224481E-11 -.363190927E-12 0.218511120E-03 -.435025585E-01 0.447258882E-12 0.362715379E-12 -.342472713E-03 0.279809278E+00 -.220954323E-11 -.210997783E-14 -.247494950E-05 0.435025958E-01 -.447350036E-12 -.216316099E-14 -.105963619E-04 0.276501585E+00 -.217953558E-11
   57.990 0.276996186E+00 -.184987734E-11 -.307525252E-12 0.184972019E-03 -.400423490E-01 0.402834804E-12 0.306733241E-12 -.290127552E-03 0.279828854E+00 -.187227614E-11 -.164408631E-14 -.192747615E-05 0.400423740E-01 -.402896358E-12 -.166975886E-14 -.827141552E-05 0.277026730E+00 -.184770406E-11
   63.445 0.277480630E+00 -.154617650E-11 -.256785257E-12 0.154408158E-03 -.365993514E-01 0.360794196E-12 0.256722976E-12 -.242356664E-03 0.279846689E+00 -.156433814E-11 -.125998481E-14 -.147030890E-05 0.365993674E-01 -.360834693E-12 -.124483289E-14 -.632199445E-05 0.277505955E+00 -.154445872E-11
   70.000 0.277919468E+00 -.127070466E-11 -.211157998E-12 0.126752532E-03 -.331720168E-01 0.320911481E-12 0.210597630E-12 -.199073993E-03 0.279862823E+00 -.128521395E-11 -.932697510E-15 -.109372016E-05 0.331720265E-01 -.320937056E-12 -.931646512E-15 -.471111446E-05 0.277940129E+00 -.126936705E-11
