    0.000 -.132997541E-18 -.187245829E-18 0.573026389E-18 0.296980439E-18 -.129744801E-18 -.207479820E-18 0.373964132E-18 0.167831632E-17 0.607479170E-19 0.853331703E-18 0.202324496E-18 0.286444704E-18 0.286813613E-18 0.439835324E-18 -.242505338E-18 0.143652667E-18 -.138918710E-18 0.965162076E-19
    0.144 0.124705106E-01 0.132877229E-17 -.499938668E-17 0.210028032E-02 0.528765349E-18 -.241300981E-18 0.167434476E-16 -.231277739E-02 0.119161969E-01 -.445773596E-17 -.164441896E-18 0.676912575E-19 0.142096724E-17 -.773830251E-20 0.996266878E-19 0.327727396E-18 0.366615606E-01 -.106535710E-18
    0.289 0.249773296E-01 -.314893591E-17 -.509844328E-16 0.411177051E-02 0.841108525E-18 -.143047395E-18 0.188044453E-16 -.444172850E-02 0.233496514E-01 -.754506313E-17 -.162529768E-18 0.145809979E-19 -.142022888E-17 0.388350726E-18 -.277885995E-17 0.402288709E-18 0.716075760E-01 -.429846991E-17
    0.433 0.374087574E-01 0.142932804E-17 -.170620712E-16 0.601370222E-02 -.133957514E-18 -.570804433E-20 0.242989494E-16 -.642649169E-02 0.343725417E-01 -.791866609E-17 -.368345032E-19 0.213685180E-18 -.228441339E-17 -.793692887E-18 -.116455679E-17 0.603865078E-20 0.103592803E+00 -.793275176E-17
    0.578 0.496828807E-01 0.256555825E-17 0.230909909E-16 0.775992477E-02 -.259561455E-18 -.173423624E-18 0.773781175E-17 -.825505290E-02 0.450285044E-01 -.999788195E-18 -.130407616E-17 -.643209248E-19 0.246062098E-17 -.108614561E-18 0.282946605E-17 0.403174176E-18 0.132038799E+00 -.940275914E-17
    0.723 0.617374323E-01 0.119945376E-17 -.979961513E-16 0.933531959E-02 0.151053465E-17 -.194044815E-18 0.446182493E-16 -.992574911E-02 0.553470388E-01 -.570277262E-17 -.445891259E-18 -.227480195E-18 0.338450379E-17 0.702519513E-18 -.173208508E-17 -.280451958E-18 0.156872975E+00 0.100599781E-17
    0.868 0.735243684E-01 0.579908596E-17 0.252034092E-16 0.107375591E-01 0.396983062E-18 -.468160027E-20 0.537558619E-16 -.114409053E-01 0.653503011E-01 0.162755377E-16 -.119131024E-17 0.128678976E-18 0.452088394E-18 -.902405465E-18 -.561363589E-17 -.588082103E-18 0.178306243E+00 -.763947207E-17
    1.014 0.850056937E-01 0.646129717E-17 0.180509125E-15 0.119703900E-01 -.158301817E-17 0.505953080E-19 0.135797286E-15 -.128048433E-01 0.750539366E-01 0.606097061E-18 0.146575091E-17 -.237780300E-18 -.285971828E-18 -.261367519E-19 0.220607481E-17 -.107782366E-17 0.196673418E+00 -.104052354E-16
    1.160 0.961513212E-01 0.106419921E-17 -.247929182E-15 0.130406985E-01 -.226851852E-17 0.788099283E-19 0.262260327E-16 -.140231554E-01 0.844676526E-01 0.116034999E-16 0.189740785E-17 -.995370258E-19 0.458845779E-17 -.118143623E-18 -.740547714E-17 -.446134192E-18 0.212342359E+00 -.541079510E-17
    1.306 0.106937411E+00 -.475432284E-18 -.354473534E-15 0.139570009E-01 0.305438705E-17 0.387854848E-19 0.811783935E-16 -.151022078E-01 0.935964384E-01 0.576009412E-17 -.210743489E-18 0.360106587E-18 -.823159469E-18 0.562973190E-18 0.951748788E-17 -.588490717E-18 0.225668600E+00 -.191659694E-16
    1.453 0.117345341E+00 0.108364616E-18 -.321867366E-15 0.147286511E-01 -.177016348E-17 -.439669991E-18 0.137537579E-15 -.160488947E-01 0.102441914E+00 -.126588961E-17 -.198984237E-17 0.115102369E-18 0.400447890E-17 0.378392982E-18 -.988820697E-17 -.187034097E-18 0.236975769E+00 -.988091127E-17
    1.601 0.127360816E+00 0.923118839E-17 0.165502825E-16 0.153653996E-01 0.138198507E-17 -.490758161E-18 0.221343256E-15 -.168703778E-01 0.111003644E+00 0.449983305E-17 -.101400490E-17 0.308544598E-18 -.863914941E-17 -.337894736E-18 0.969765040E-17 -.341047981E-18 0.246549183E+00 -.170273566E-16
    1.750 0.136973319E+00 -.101333978E-17 -.222374080E-16 0.158771727E-01 -.318163176E-17 -.754510127E-18 0.195295912E-15 -.175739999E-01 0.119280200E+00 0.170711811E-16 0.688776294E-18 0.918879676E-19 -.283359665E-17 0.837372145E-19 0.105891042E-17 -.127022722E-17 0.254636389E+00 -.217759181E-16
    1.899 0.146175822E+00 0.780104141E-17 -.531670389E-15 0.162739428E-01 -.777435176E-17 -.119747435E-19 0.119693757E-15 -.181672422E-01 0.127269985E+00 -.368216847E-16 -.459475655E-17 0.558013320E-18 -.383650263E-17 -.152160735E-18 -.161143823E-16 -.384021372E-18 0.261450015E+00 -.136453229E-16
    2.049 0.154964473E+00 0.107998558E-16 -.349873928E-15 0.165656624E-01 0.342979221E-17 -.113065771E-17 0.100347994E-15 -.186576849E-01 0.134971785E+00 0.455827888E-17 -.286310434E-17 0.684198826E-18 0.476730424E-18 -.199241238E-18 -.601183479E-17 -.266475885E-18 0.267172046E+00 -.978447874E-17
    2.199 0.163338374E+00 0.208180399E-16 -.164273608E-15 0.167621500E-01 0.423317499E-17 0.368265838E-18 0.190262451E-15 -.190529362E-01 0.142385142E+00 -.210372041E-16 0.315504613E-17 0.458575367E-18 -.618515772E-17 -.215946984E-19 0.795002924E-18 -.711466756E-18 0.271957976E+00 -.209784456E-16
    2.351 0.171299261E+00 0.535575381E-17 -.605494695E-15 0.168729876E-01 0.115512721E-17 -.264358662E-20 0.788646571E-16 -.193605411E-01 0.149510586E+00 0.241461282E-16 0.346301127E-18 0.496107608E-18 0.118248497E-16 -.526475409E-18 -.133305496E-16 0.312119463E-18 0.275940740E+00 -.429139242E-16
    2.504 0.178851242E+00 0.173079943E-16 -.292158795E-15 0.169074338E-01 -.404275854E-17 0.378721970E-18 0.312242484E-15 -.195879057E-01 0.156349722E+00 -.510273227E-16 -.775551507E-17 0.109741613E-18 0.695849637E-17 0.892385148E-19 -.127916203E-16 0.613692755E-19 0.279234178E+00 -.185702905E-16
    2.658 0.186000533E+00 0.131441468E-16 -.373523475E-16 0.168743616E-01 0.325814624E-17 0.449554009E-18 -.234433959E-16 -.197422243E-01 0.162905219E+00 0.946512195E-17 -.182863189E-17 -.842779685E-18 -.968418100E-17 -.570232576E-18 -.127132869E-16 -.661403485E-19 0.281935996E+00 -.576677804E-17
    2.813 0.192755254E+00 0.112737856E-16 0.121057064E-15 0.167821582E-01 0.793704320E-17 -.541679407E-18 0.130297260E-15 -.198304601E-01 0.169180835E+00 -.288990027E-16 -.124850227E-17 -.323022848E-19 0.774045778E-18 0.107787781E-18 0.154600756E-16 -.548003011E-19 0.284130155E+00 -.356639809E-16
    2.970 0.199125047E+00 0.105859462E-16 0.183433168E-15 0.166386967E-01 0.258854358E-17 0.656070036E-18 0.143820460E-15 -.198592055E-01 0.175181260E+00 -.308450230E-16 -.275187390E-18 0.313179932E-18 0.121221063E-17 0.482907052E-19 0.908401422E-17 -.186186261E-18 0.285889097E+00 -.774846314E-17
    3.127 0.205120916E+00 0.173508162E-16 0.258608513E-15 0.164512833E-01 -.245787746E-17 -.348244491E-18 0.422277706E-15 -.198347208E-01 0.180912055E+00 -.262552703E-16 -.187951525E-17 0.663771085E-18 0.246643304E-18 -.612327118E-19 -.267109484E-17 -.897876418E-19 0.287275377E+00 -.291033573E-16
    3.287 0.210754955E+00 0.220324640E-17 -.104927388E-15 0.162266366E-01 -.252530284E-17 -.470748915E-18 0.644868615E-16 -.197628678E-01 0.186379548E+00 -.488799744E-16 -.228252897E-17 0.147713935E-17 -.729620636E-17 0.258300023E-18 -.534800768E-17 -.396529212E-19 0.288343120E+00 -.261255405E-16
    3.447 0.216040113E+00 0.107981893E-16 -.660474749E-15 0.159708787E-01 -.604965118E-17 -.309882378E-18 0.243680997E-15 -.196490865E-01 0.191590671E+00 -.497479005E-16 -.543706637E-17 -.392877548E-18 0.106053926E-16 0.169511758E-18 -.327413711E-17 -.166385904E-18 0.289139261E+00 -.238650383E-16
    3.610 0.220989997E+00 0.394467187E-17 0.139149696E-15 0.156895346E-01 -.647550221E-17 0.983878520E-18 0.438983758E-15 -.194983956E-01 0.196552870E+00 -.147297772E-16 -.102043392E-17 0.959086413E-18 0.171760561E-17 0.408703825E-18 0.178110421E-17 0.488367962E-18 0.289704546E+00 -.378809003E-16
    3.774 0.225618681E+00 0.109665365E-16 -.124677142E-15 0.153875453E-01 -.456226589E-17 0.414744164E-18 0.217158003E-15 -.193153878E-01 0.201274001E+00 -.342881753E-16 0.109863217E-16 -.324111441E-18 0.457197024E-17 -.152011597E-18 0.575252716E-17 -.453377666E-18 0.290074352E+00 -.407105174E-16
    3.939 0.229940521E+00 0.178723545E-16 -.991843941E-15 0.150692903E-01 -.540804125E-17 -.111424353E-18 0.459789685E-15 -.191042305E-01 0.205762214E+00 -.394417756E-16 0.548198809E-17 -.602118987E-18 -.535201674E-17 0.134727651E-18 -.175257617E-16 0.119667350E-18 0.290279435E+00 -.342238052E-16
    4.107 0.233970014E+00 0.830593020E-17 -.549938185E-15 0.147386166E-01 0.528279786E-17 0.146471453E-18 0.508315956E-15 -.188686857E-01 0.210025851E+00 -.399528163E-16 -.709053504E-17 0.365761238E-18 0.103356277E-16 0.727106766E-20 0.353810156E-17 -.100627227E-18 0.290346536E+00 -.212775684E-16
    4.277 0.237721667E+00 0.146337822E-16 -.440643279E-15 0.143988727E-01 0.263021170E-17 -.753736908E-19 0.178520245E-15 -.186121276E-01 0.214073375E+00 -.339408806E-16 0.347791318E-17 0.548921378E-18 -.143118729E-17 -.168645764E-18 0.346402957E-17 -.180511752E-18 0.290298904E+00 -.368946951E-16
    4.449 0.241209881E+00 0.288626709E-16 -.720402185E-15 0.140529445E-01 0.859300499E-18 -.157652915E-18 -.149824209E-16 -.183375620E-01 0.217913287E+00 -.331528639E-16 -.487583170E-17 -.890872617E-18 -.783704795E-17 0.241374395E-18 -.851757272E-17 -.917800706E-19 0.290156729E+00 -.391450671E-16
    4.623 0.244448852E+00 0.794146860E-17 0.221247734E-15 0.137032951E-01 -.264181506E-18 -.133843281E-18 0.815273014E-16 -.180476486E-01 0.221554064E+00 -.342112448E-16 0.659141235E-17 -.106474840E-19 0.722899336E-17 -.109487810E-18 -.547066366E-17 0.337242128E-18 0.289937528E+00 -.168300945E-16
    4.799 0.247452498E+00 0.171975844E-16 -.613896766E-15 0.133520034E-01 -.135316369E-17 0.505067889E-18 0.622948009E-15 -.177447331E-01 0.225004107E+00 -.280997318E-16 -.182314238E-17 -.100058485E-18 -.447821472E-17 0.256327035E-18 0.361420516E-17 -.195112686E-18 0.289656480E+00 -.253400056E-16
    4.978 0.250234383E+00 0.145413607E-16 0.220407070E-15 0.130008034E-01 -.503412055E-17 -.423357098E-18 0.213948630E-15 -.174308697E-01 0.228271688E+00 -.723992018E-16 0.887925043E-17 -.208794189E-18 0.701956160E-17 -.592585955E-20 0.223224056E-17 -.124703403E-18 0.289326711E+00 -.129083982E-16
    5.159 0.252807667E+00 0.673770220E-17 -.157605212E-15 0.126511233E-01 -.312635443E-17 0.596443569E-18 0.251592408E-15 -.171078463E-01 0.231364911E+00 -.497843516E-16 0.658478792E-17 -.172842655E-18 0.305819013E-17 0.291220698E-18 -.513244526E-17 0.408996443E-18 0.288959556E+00 -.215292547E-16
    5.343 0.255185067E+00 0.785843429E-17 -.767003076E-15 0.123041188E-01 0.140481707E-18 -.357808688E-18 0.411056422E-15 -.167772182E-01 0.234291694E+00 -.278272452E-16 0.295089144E-17 0.224522183E-18 -.888071899E-17 0.517405082E-19 -.137881219E-16 0.665838148E-19 0.288564761E+00 -.124894852E-16
    5.530 0.257378827E+00 0.421246785E-17 0.265101918E-15 0.119607115E-01 0.176619523E-17 -.577606339E-18 0.381151826E-15 -.164403281E-01 0.237059730E+00 -.366747601E-16 0.223999921E-17 -.333936644E-18 -.527567489E-17 -.161083370E-18 -.681784495E-17 0.270233146E-18 0.288150690E+00 -.250708676E-16
    5.720 0.259400695E+00 0.371282696E-17 -.130619513E-15 0.116216163E-01 -.252413704E-17 0.301381446E-18 0.249738927E-15 -.160983330E-01 0.239676479E+00 -.745020209E-16 -.351624801E-17 -.368998851E-19 0.616894506E-19 0.358829168E-18 -.219809770E-16 0.109116465E-18 0.287724472E+00 -.157047670E-16
    5.913 0.261261908E+00 0.341030764E-17 -.754616806E-15 0.112873737E-01 -.221051139E-17 -.314352738E-19 0.114273578E-15 -.157522257E-01 0.242149153E+00 -.573574632E-16 -.508916233E-18 -.897160220E-18 -.419184806E-17 -.821056377E-21 -.469301024E-17 -.399738891E-19 0.287292169E+00 -.201949355E-16
    6.110 0.262973186E+00 0.196324745E-17 -.815167864E-15 0.109583748E-01 -.781851145E-17 0.498929986E-18 0.278554912E-15 -.154028589E-01 0.244484703E+00 -.646625023E-16 -.289967468E-17 0.606858180E-18 -.203178554E-17 0.174114589E-18 0.943269704E-19 0.191658549E-18 0.286858902E+00 -.157750750E-16
    6.310 0.264544729E+00 0.167308701E-17 0.505880121E-15 0.106348853E-01 0.420223252E-17 -.576167345E-18 0.338004268E-15 -.150509616E-01 0.246689821E+00 -.886088136E-16 0.108471402E-17 -.121336738E-18 -.174507255E-17 0.103554032E-19 -.909497869E-17 -.181861091E-18 0.286428957E+00 -.162402829E-16
    6.514 0.265986225E+00 0.566784160E-17 -.360886579E-15 0.103170672E-01 -.307939348E-17 0.280998561E-18 0.335662427E-15 -.146971586E-01 0.248770933E+00 -.829488027E-16 -.418604528E-17 -.402154265E-18 -.722485341E-18 -.214136342E-18 -.304626133E-17 -.639219037E-19 0.286005892E+00 -.165269009E-16
    6.721 0.267306845E+00 0.553790808E-17 -.491195066E-15 0.100049982E-01 -.425047523E-17 0.124368349E-18 0.559487492E-15 -.143419882E-01 0.250734206E+00 -.303423331E-16 -.956493778E-18 0.571983804E-18 -.393108611E-17 0.542341350E-20 -.256499604E-16 0.663053834E-19 0.285592632E+00 -.205498801E-16
    6.933 0.268515261E+00 0.141982994E-16 -.562805018E-15 0.969868853E-02 -.593052069E-17 -.357432250E-18 0.367524389E-15 -.139859157E-01 0.252585547E+00 -.604962258E-16 -.741650869E-17 -.364242864E-18 0.584959674E-17 -.154096245E-18 -.108938851E-16 -.254196427E-18 0.285191543E+00 -.212034681E-16
    7.149 0.269619662E+00 0.214001004E-17 -.423050542E-15 0.939809576E-02 -.657681288E-17 -.334902904E-18 0.110464396E-15 -.136293460E-01 0.254330611E+00 -.586653972E-16 -.545937106E-17 0.696476997E-18 -.116377628E-16 0.240918877E-18 -.152858759E-16 -.447374857E-19 0.284804496E+00 -.134565579E-16
    7.369 0.270627759E+00 0.123754805E-16 -.889602285E-15 0.910313755E-02 0.358743796E-17 -.479209542E-18 0.107443506E-15 -.132726362E-01 0.255974804E+00 -.334047359E-16 0.122701339E-17 -.229604874E-18 0.131207181E-17 -.139176659E-18 -.741904978E-18 0.224105451E-18 0.284432946E+00 -.186363693E-16
    7.594 0.271546805E+00 0.925912369E-17 -.966974403E-15 0.881370337E-02 -.396255638E-17 -.326691899E-18 0.856028424E-16 -.129161065E-01 0.257523293E+00 -.563991587E-16 0.759618148E-17 0.467492494E-19 -.270264390E-17 -.426801172E-19 -.144234223E-16 0.238747801E-18 0.284077974E+00 -.120924375E-16
    7.824 0.272383614E+00 0.146081116E-16 -.861194947E-15 0.852966357E-02 -.100112639E-17 -.354685794E-18 0.109137558E-15 -.125600480E-01 0.258981013E+00 -.512457926E-16 0.113974382E-16 0.126416567E-18 -.812058485E-17 -.144563982E-18 -.114092679E-18 0.179777652E-19 0.283740340E+00 -.152559115E-16
    8.060 0.273144577E+00 0.895304400E-18 0.436324267E-16 0.825087788E-02 0.461966767E-17 -.125148524E-18 0.346373522E-15 -.122047312E-01 0.260352678E+00 -.199453692E-16 -.514986427E-17 0.122558664E-19 -.172454763E-17 -.709505942E-20 0.997522750E-17 -.842966718E-19 0.283420529E+00 -.283174789E-17
    8.301 0.273835677E+00 0.851797616E-17 -.118911032E-14 0.797720196E-02 0.402613689E-17 0.150056639E-18 0.101326866E-15 -.118504115E-01 0.261642782E+00 -.567719766E-16 0.105197156E-16 -.178970453E-18 -.631807418E-17 -.917608303E-19 -.104941959E-16 -.906229247E-19 0.283118786E+00 -.252610475E-17
    8.547 0.274462513E+00 0.139753021E-16 -.549301052E-15 0.770849313E-02 0.214176674E-17 -.396898581E-18 0.762778281E-15 -.114973359E-01 0.262855618E+00 -.467756309E-16 -.169688944E-17 -.184541782E-18 0.244702800E-17 0.459272647E-19 -.117840429E-16 -.175586889E-20 0.282835154E+00 -.465355882E-17
    8.800 0.275030311E+00 0.212363690E-16 0.294056168E-15 0.744461513E-02 -.643162115E-17 0.151576199E-18 0.178672824E-15 -.111457465E-01 0.263995278E+00 -.611325329E-16 0.622357168E-18 0.175000547E-18 0.382129044E-17 -.302178706E-19 -.243531728E-17 -.114668028E-18 0.282569502E+00 -.241210216E-17
    9.060 0.275543949E+00 0.124828071E-16 -.286243357E-15 0.718544157E-02 -.700375270E-17 0.717822182E-19 0.220022129E-15 -.107958845E-01 0.265065667E+00 -.343727118E-16 -.103545678E-16 -.105050683E-18 0.134893830E-16 0.181041917E-19 0.144900624E-17 -.458045245E-19 0.282321553E+00 -.261380886E-17
    9.326 0.276007969E+00 0.243104890E-16 -.106709010E-14 0.693085884E-02 0.646269485E-17 -.162364696E-18 0.970916023E-16 -.104479934E-01 0.266070509E+00 -.316807508E-16 -.121217583E-16 0.273035882E-18 0.220578844E-17 -.568130877E-20 -.630952219E-17 0.819742754E-19 0.282090908E+00 -.154356451E-17
    9.599 0.276426599E+00 0.177032531E-16 0.333593964E-15 0.668076826E-02 0.419219509E-17 -.867641165E-19 0.370388284E-15 -.101023205E-01 0.267013357E+00 -.673446873E-17 0.878493540E-17 -.200852266E-18 -.448153045E-17 -.649034922E-19 0.127637212E-16 0.180205947E-19 0.281877067E+00 0.178724000E-17
    9.881 0.276803766E+00 0.186192489E-16 -.742129185E-15 0.643508737E-02 -.779583967E-17 -.310815051E-18 0.392506746E-15 -.975911845E-02 0.267897596E+00 -.929419857E-17 0.430511536E-17 0.215236361E-18 0.995563462E-17 -.718711134E-19 0.799596329E-17 -.588066874E-19 0.281679448E+00 0.471245497E-17
   10.170 0.277143116E+00 0.213625132E-16 -.140442245E-15 0.619375084E-02 0.640734502E-17 0.373863572E-18 0.307130224E-15 -.941864600E-02 0.268726455E+00 -.110394411E-16 -.334362431E-17 0.468985948E-19 0.207646507E-17 -.205380359E-18 -.360295540E-17 -.140136280E-18 0.281497404E+00 0.104725587E-16
   10.468 0.277448024E+00 0.201242385E-16 -.581151346E-15 0.595671082E-02 -.681910156E-17 0.214101118E-18 0.340032716E-15 -.908116856E-02 0.269503014E+00 0.291084485E-17 0.327242675E-17 -.499971501E-19 -.367705225E-17 -.264390014E-19 0.120568255E-16 -.314786048E-19 0.281330238E+00 0.113531888E-16
   10.775 0.277721615E+00 0.235531559E-16 0.620076138E-19 0.572393668E-02 0.128710839E-16 0.126404727E-18 0.309873857E-15 -.874695763E-02 0.270230208E+00 0.861416880E-17 -.320952417E-17 0.502772973E-18 0.359838619E-17 -.419516616E-19 0.420249061E-17 0.752049351E-19 0.281177217E+00 0.923613884E-17
   11.092 0.277966777E+00 0.247566813E-16 -.663675583E-16 0.549541466E-02 0.120785468E-16 -.264916792E-18 0.205190676E-15 -.841629027E-02 0.270910834E+00 0.223456499E-17 0.315189580E-17 0.266637789E-18 0.105879409E-16 0.224511899E-18 0.254632667E-18 -.434951820E-19 0.281037582E+00 0.177352243E-16
   11.419 0.278186171E+00 0.220311121E-16 -.179237725E-15 0.527114683E-02 -.184839026E-17 -.618340213E-19 -.202237016E-16 -.808944814E-02 0.271547559E+00 -.153794168E-17 -.439174001E-17 -.102557487E-18 0.217011113E-17 0.669104434E-20 0.108854340E-16 0.380134113E-20 0.280910558E+00 0.160507276E-16
   11.757 0.278382248E+00 0.304597331E-16 0.482825301E-16 0.505115016E-02 0.444478270E-17 0.272423135E-18 0.143704078E-15 -.776671627E-02 0.272142924E+00 -.819073513E-18 0.216921905E-16 0.444611513E-19 -.274369540E-17 -.116250497E-18 0.605341282E-17 -.205707347E-18 0.280795365E+00 0.240332075E-16
   12.107 0.278557264E+00 0.245671848E-16 0.127139788E-15 0.483545498E-02 0.271647925E-17 0.808910200E-20 0.289746741E-16 -.744838145E-02 0.272699347E+00 0.242349843E-16 -.825061405E-17 -.743623740E-21 -.661689884E-17 -.328689904E-19 0.399627342E-17 0.287167291E-19 0.280691225E+00 0.203615587E-16
   12.470 0.278713287E+00 0.262404491E-16 -.142036763E-15 0.462410350E-02 -.190419977E-17 0.778985492E-19 -.176780609E-15 -.713473030E-02 0.273219133E+00 0.429564090E-16 -.825757229E-18 -.937501748E-19 0.236186148E-18 -.259110778E-19 -.206644316E-16 -.178409205E-18 0.280597367E+00 0.258494060E-16
   12.845 0.278852210E+00 0.262623108E-16 0.243237022E-15 0.441714795E-02 -.563896155E-17 0.136939638E-18 0.170270677E-16 -.682604750E-02 0.273704474E+00 0.497586565E-16 0.293628210E-18 -.165654918E-18 0.294119165E-17 0.343351074E-19 0.102509764E-16 0.116649636E-19 0.280513036E+00 0.263566289E-16
   13.235 0.278975765E+00 0.309301925E-16 0.649007293E-16 0.421464878E-02 -.288250309E-17 -.528295834E-18 0.651313731E-16 -.652261369E-02 0.274157458E+00 0.175761504E-16 0.141857391E-17 0.573922359E-19 0.710864072E-17 -.544105373E-19 -.491842849E-18 -.188919888E-19 0.280437498E+00 0.272316807E-16
   13.640 0.279085532E+00 0.288862548E-16 0.251017065E-15 0.401667260E-02 0.872172611E-17 0.807759192E-18 0.122806741E-15 -.622470303E-02 0.274580066E+00 0.444600698E-16 -.607815840E-17 -.553089530E-19 -.139194788E-16 -.340906861E-19 -.597580955E-17 -.898081809E-20 0.280370039E+00 0.295555689E-16
   14.061 0.279182951E+00 0.306401650E-16 0.241787907E-16 0.382329015E-02 -.147642179E-16 0.429807738E-19 -.177229314E-15 -.593258109E-02 0.274974182E+00 0.329775477E-16 0.761814849E-17 0.105949540E-19 -.612541966E-18 0.366674610E-20 0.598248895E-17 -.141887136E-19 0.280309977E+00 0.326655033E-16
   14.500 0.279269327E+00 0.334632321E-16 -.407845256E-15 0.363457447E-02 -.572598262E-17 -.251849850E-18 -.225848235E-16 -.564650287E-02 0.275341595E+00 0.241689580E-16 -.514227538E-18 -.362348958E-18 0.831857050E-17 0.240732795E-20 -.150964999E-16 -.147216609E-18 0.280256658E+00 0.333296705E-16
   14.957 0.279345846E+00 0.296358768E-16 0.204010458E-15 0.345059889E-02 -.934577974E-17 -.206344441E-18 -.919978866E-16 -.536671071E-02 0.275684000E+00 0.142368435E-16 0.125928023E-16 0.155674135E-18 0.272056685E-17 -.858286227E-19 -.550032363E-17 0.279503885E-19 0.280209462E+00 0.328973361E-16
   15.435 0.279413575E+00 0.362965716E-16 -.160799305E-16 0.327143493E-02 0.951157849E-19 0.891979344E-19 -.434366842E-16 -.509343184E-02 0.276003003E+00 0.428177145E-16 -.111862103E-16 -.127239595E-18 -.115196136E-17 0.949907058E-19 0.813332127E-18 -.695274943E-19 0.280167803E+00 0.352630643E-16
   15.934 0.279473481E+00 0.378949314E-16 -.291597333E-15 0.309715076E-02 -.184410904E-17 0.710342358E-19 -.213197813E-15 -.482687703E-02 0.276300124E+00 0.450917332E-16 -.631104923E-17 -.176892223E-18 -.961402728E-17 -.623821262E-19 -.189912222E-17 -.246689026E-19 0.280131132E+00 0.370196753E-16
   16.457 0.279526429E+00 0.366341073E-16 0.283106567E-15 0.292780946E-02 -.244721637E-17 -.538977477E-19 -.226820168E-15 -.456723888E-02 0.276576800E+00 0.374791247E-16 -.107324479E-17 0.202615703E-18 0.272499690E-17 -.771858099E-20 -.780032097E-17 0.253173394E-19 0.280098937E+00 0.377405107E-16
   17.005 0.279573197E+00 0.398861099E-16 0.448337764E-15 0.276346750E-02 -.468909165E-17 0.188619679E-18 -.102904764E-15 -.431469013E-02 0.276834386E+00 0.390952904E-16 -.148408624E-16 -.329057695E-18 -.246480259E-17 -.183087976E-19 -.211000290E-16 -.611970060E-20 0.280070743E+00 0.353549168E-16
   17.581 0.279614481E+00 0.374445959E-16 0.109217599E-14 0.260417332E-02 0.246219171E-17 -.218079121E-18 -.281184861E-15 -.406938269E-02 0.277074159E+00 0.208751100E-16 0.194896680E-16 0.130266335E-19 0.115906374E-17 0.429145550E-19 -.850622268E-17 0.166191566E-18 0.280046112E+00 0.367298094E-16
   18.187 0.279650902E+00 0.373032515E-16 0.102396733E-14 0.244996627E-02 -.912151272E-17 -.183592041E-18 -.432967206E-15 -.383144654E-02 0.277297322E+00 0.329342583E-16 0.693148561E-17 -.325324879E-18 -.173785485E-17 0.639652922E-19 0.952387660E-17 -.877363366E-20 0.280024641E+00 0.441345954E-16
   18.825 0.279683011E+00 0.369697852E-16 0.296368532E-15 0.230087546E-02 0.496503352E-17 -.577582847E-19 -.191199698E-15 -.360098884E-02 0.277505004E+00 0.388770598E-16 0.138377036E-16 -.913848557E-19 0.115239126E-18 0.715232255E-19 0.261549863E-16 0.453601174E-19 0.280005966E+00 0.448762835E-16
   19.499 0.279711299E+00 0.402360440E-16 0.759915080E-15 0.215691951E-02 -.163134599E-17 0.327219979E-19 -.590487144E-15 -.337809447E-02 0.277698262E+00 0.627183190E-16 -.155516026E-17 -.299278040E-18 -.127358381E-17 0.537208776E-19 0.344999754E-17 0.870073134E-19 0.279989755E+00 0.401389436E-16
   20.213 0.279736200E+00 0.403401690E-16 0.356633031E-15 0.201810595E-02 0.140567321E-16 -.533954619E-19 -.415668939E-15 -.316282538E-02 0.277878087E+00 0.580165394E-16 0.209368568E-16 0.427242769E-19 0.161554714E-16 -.421683807E-19 0.427111026E-18 0.512542435E-19 0.279975708E+00 0.459083671E-16
   20.969 0.279758100E+00 0.373046326E-16 0.230611054E-15 0.188443151E-02 0.390727367E-17 0.348278770E-18 -.107864342E-14 -.295522208E-02 0.278045405E+00 0.546748751E-16 0.141060479E-16 0.576073735E-20 -.106554455E-17 0.372732681E-19 0.947837671E-17 -.693537608E-19 0.279963559E+00 0.464398628E-16
   21.772 0.279777338E+00 0.366545759E-16 0.939212628E-15 0.175588167E-02 -.327947013E-18 0.620004333E-19 -.723952893E-15 -.275530320E-02 0.278201077E+00 0.666031824E-16 -.129090181E-17 -.356449050E-18 -.423848839E-17 -.257221083E-19 0.751067558E-17 0.255396482E-19 0.279953069E+00 0.481806091E-16
   22.628 0.279794215E+00 0.318267992E-16 0.598362603E-15 0.163243123E-02 0.171791482E-17 -.151720914E-18 -.106572829E-14 -.256306700E-02 0.278345905E+00 0.532083737E-16 0.213707994E-17 -.308903544E-18 -.271065724E-17 -.977391237E-20 0.953828048E-18 -.622549617E-19 0.279944027E+00 0.507801428E-16
   23.541 0.279808995E+00 0.285041706E-16 0.276493929E-15 0.151404518E-02 -.158457436E-17 -.241708802E-18 -.150258658E-14 -.237849328E-02 0.278480633E+00 0.651304872E-16 0.854727577E-17 -.130058668E-18 -.532381564E-17 -.253692663E-19 0.121139306E-16 -.109317292E-19 0.279936247E+00 0.423504737E-16
   24.518 0.279821913E+00 0.231381791E-16 -.177625379E-15 0.140067939E-02 0.660400391E-17 -.699395764E-18 -.837420508E-15 -.220154453E-02 0.278605953E+00 0.566981526E-16 0.599124014E-17 0.190460169E-18 0.979723250E-17 -.627608422E-19 0.925659924E-17 0.451824261E-19 0.279929565E+00 0.353104805E-16
   25.567 0.279833176E+00 0.152831953E-16 0.966641264E-15 0.129228143E-02 0.214470165E-16 -.322756377E-18 -.722584036E-15 -.203216771E-02 0.278722501E+00 0.371066532E-16 -.742334689E-17 0.693801195E-18 -.313672780E-17 -.151363562E-19 0.132641286E-16 0.134161680E-19 0.279923838E+00 0.242511369E-16
   26.697 0.279842969E+00 0.115068263E-16 0.135774229E-14 0.118879197E-02 -.537140236E-18 0.281760126E-18 -.640550017E-15 -.187029671E-02 0.278830866E+00 0.241210975E-16 0.453733331E-17 -.433971666E-18 -.286559085E-17 -.266404125E-19 0.141991598E-16 0.850137080E-19 0.279918940E+00 0.170838657E-16
   27.917 0.279851455E+00 0.540525863E-17 0.687946554E-15 0.109014584E-02 0.102470146E-16 -.144358457E-18 -.350979490E-15 -.171585407E-02 0.278931591E+00 0.844327856E-17 -.124023944E-16 -.317519637E-18 -.891138289E-19 0.147573647E-19 0.729293656E-18 -.379004691E-19 0.279914763E+00 0.836724916E-17
   29.240 0.279858781E+00 -.188928010E-17 -.267568423E-15 0.996273225E-03 -.481710412E-17 -.191186121E-18 -.256850773E-15 -.156875312E-02 0.279025174E+00 0.771337856E-17 0.597399687E-17 0.269750871E-18 0.613868181E-17 -.776551924E-19 -.129497551E-17 -.347035069E-19 0.279911212E+00 -.413346861E-18
   30.679 0.279865078E+00 -.963655420E-17 0.110225294E-15 0.907101081E-03 -.722418277E-17 -.989927064E-19 0.107844804E-15 -.142890026E-02 0.279112074E+00 -.129005337E-16 -.142981166E-16 -.129119407E-18 -.207875888E-17 -.693771146E-19 -.463766211E-17 0.115862202E-19 0.279908203E+00 -.784470840E-17
   32.251 0.279870463E+00 -.103625932E-16 0.307898094E-15 0.822554282E-03 -.869526770E-17 -.145523150E-18 -.396115861E-15 -.129619689E-02 0.279192711E+00 -.165615678E-16 0.139440797E-16 0.630754342E-19 -.869560862E-17 -.197788183E-19 -.552914592E-17 0.464154521E-19 0.279905664E+00 -.120003029E-16
   33.978 0.279875043E+00 -.143313612E-16 0.613272948E-15 0.742556827E-03 -.435762123E-17 -.262400924E-18 -.430705505E-15 -.117054136E-02 0.279267469E+00 -.163613220E-16 0.240499312E-17 -.141838689E-18 0.488563081E-17 -.541819211E-19 -.346586932E-17 -.198556517E-19 0.279903532E+00 -.143469451E-16
   35.882 0.279878915E+00 -.116303820E-16 0.149280874E-15 0.667033467E-03 0.357526902E-17 0.463725750E-18 -.137783059E-15 -.105183148E-02 0.279336699E+00 -.907147679E-17 0.139854377E-16 0.758086643E-20 0.749499621E-18 0.294045480E-19 -.896312431E-17 -.506302108E-19 0.279901752E+00 -.115036947E-16
   37.994 0.279882172E+00 -.231954901E-17 0.940331496E-16 0.595912699E-03 0.540878393E-17 0.427440076E-19 -.137226563E-15 -.939968888E-03 0.279400721E+00 -.312013706E-17 -.483313461E-18 -.578427368E-19 -.106838003E-16 0.283526907E-20 -.105032804E-16 0.169906785E-19 0.279900274E+00 -.531785359E-17
   40.351 0.279884909E+00 0.283297431E-17 -.307211512E-15 0.529136907E-03 0.202711698E-17 -.357221999E-18 0.170887267E-15 -.834873942E-03 0.279459822E+00 0.519688437E-17 -.898868454E-18 -.420094246E-19 -.359908946E-17 -.597520604E-20 -.336355481E-17 0.746519092E-19 0.279899056E+00 0.143861763E-17
   43.000 0.279887285E+00 0.965389054E-17 -.278651287E-15 0.466700630E-03 0.375093628E-16 0.103006505E-17 -.143077192E-15 -.736547611E-03 0.279514257E+00 0.104302960E-16 0.119174320E-16 -.189495211E-18 -.130392692E-16 0.761155561E-19 0.877764250E-18 0.616147651E-19 0.279898097E+00 0.975526249E-17
   45.999 0.279889984E+00 0.156259942E-16 -.144175625E-15 0.408689487E-03 0.269439587E-17 0.449445023E-19 0.749310405E-16 -.645262562E-03 0.279564477E+00 0.137163595E-16 0.121272453E-19 0.207050805E-19 0.976502127E-19 0.148307168E-19 -.128628855E-16 0.355931273E-19 0.279897924E+00 0.140589863E-16
   49.425 0.279896241E+00 0.121931400E-16 -.261063758E-15 0.353646393E-03 0.980439447E-17 -.478566565E-19 0.109719589E-15 -.559294754E-03 0.279614451E+00 0.168366268E-16 -.993782024E-17 -.451302816E-19 -.899414091E-17 0.725716804E-19 0.690415973E-18 -.112748808E-19 0.279903081E+00 0.132561021E-16
   53.378 0.279902123E+00 0.864472233E-17 0.152447668E-15 0.303134679E-03 -.889270857E-17 -.232341650E-18 -.807071106E-16 -.479548318E-03 0.279660597E+00 0.151342680E-16 0.785575940E-17 -.893329939E-19 -.935510872E-17 0.739320616E-19 -.675470858E-17 -.337768634E-19 0.279907931E+00 0.100128729E-16
   57.990 0.279907495E+00 0.770375421E-17 -.228190185E-15 0.256777413E-03 -.526319719E-17 -.268906967E-19 -.176015167E-15 -.406303174E-03 0.279702920E+00 0.779236513E-17 -.655394625E-17 -.251280064E-19 0.103943002E-16 0.850916468E-19 -.152948575E-16 -.310478032E-20 0.279912370E+00 0.827480485E-17
   63.445 0.279912371E+00 0.633395043E-17 0.240487865E-16 0.214479378E-03 0.219620218E-17 -.637969671E-20 0.131095132E-15 -.339441862E-03 0.279741507E+00 0.693916539E-17 -.313195124E-17 0.215202995E-19 -.574929470E-17 0.900041288E-19 0.152895014E-16 -.690572695E-20 0.279916410E+00 0.707259786E-17
   70.000 0.279916767E+00 -.977652009E-18 -.243232818E-15 0.176161889E-03 0.638835664E-17 0.739186578E-19 0.912850052E-16 -.278849157E-03 0.279776438E+00 0.596964372E-17 0.231503451E-16 0.145904581E-19 0.865376411E-17 0.702485450E-19 0.889048291E-17 -.114246130E-19 0.279920060E+00 0.557508563E-17
