    0.000 0.100076972E-16 -.187042226E-18 0.373754681E-18 -.621770102E-17 -.741671723E-01 -.127157264E-11 0.265762545E-18 0.573251777E-17 0.316961248E-18 0.436440638E-17 0.127211019E-11 -.741996937E-01 0.311620575E+00 0.550296703E-11 -.550263278E-11 0.311637163E+00 0.456030002E-16 -.144467871E-16
    0.144 0.133028582E-02 0.229444720E-13 0.956313257E-14 -.649985151E-03 -.743010597E-01 -.127404105E-11 -.931024627E-14 0.640177484E-03 0.995418223E-03 0.173794532E-13 0.127036907E-11 -.741057010E-01 0.311622757E+00 0.550492002E-11 -.550415573E-11 0.311598346E+00 0.211808276E-02 0.352580680E-13
    0.289 0.271405618E-02 0.468056110E-13 0.190791997E-13 -.130000257E-02 -.747099730E-01 -.128141007E-11 -.193710232E-13 0.132664342E-02 0.184934805E-02 0.323476763E-13 0.126526630E-11 -.738157951E-01 0.311621850E+00 0.550457374E-11 -.550098495E-11 0.311476657E+00 0.425533644E-02 0.708554261E-13
    0.433 0.414072661E-02 0.713768555E-13 0.283651635E-13 -.193549351E-02 -.753993655E-01 -.129376238E-11 -.296204405E-13 0.202346775E-02 0.262129382E-02 0.460695068E-13 0.125630986E-11 -.733253169E-01 0.311619997E+00 0.550521033E-11 -.550275776E-11 0.311268245E+00 0.642558005E-02 0.106935496E-12
    0.578 0.560877916E-02 0.966467125E-13 0.374787079E-13 -.256313042E-02 -.763698517E-01 -.131145392E-11 -.399428503E-13 0.272685235E-02 0.334071981E-02 0.589888288E-13 0.124356181E-11 -.726353810E-01 0.311615926E+00 0.550825056E-11 -.549113637E-11 0.310972016E+00 0.864095418E-02 0.143929512E-12
    0.723 0.712037247E-02 0.122649171E-12 0.464019769E-13 -.318338345E-02 -.776227442E-01 -.133389792E-11 -.502409381E-13 0.343292565E-02 0.402432182E-02 0.715855645E-13 0.122747830E-11 -.717471998E-01 0.311607958E+00 0.550603454E-11 -.548686109E-11 0.310585231E+00 0.109128801E-01 0.181889935E-12
    0.868 0.867912602E-02 0.149452104E-12 0.551255544E-13 -.379591265E-02 -.791598199E-01 -.136148639E-11 -.604694949E-13 0.413888606E-02 0.468431577E-02 0.836306783E-13 0.120773428E-11 -.706623030E-01 0.311593859E+00 0.550600017E-11 -.547922760E-11 0.310103687E+00 0.132522991E-01 0.221190442E-12
    1.014 0.102891773E-01 0.177166291E-12 0.637028594E-13 -.440050761E-02 -.809830239E-01 -.139395392E-11 -.706703658E-13 0.484278843E-02 0.533096237E-02 0.956437385E-13 0.118453246E-11 -.693828547E-01 0.311570882E+00 0.550471929E-11 -.546977421E-11 0.309521840E+00 0.156697148E-01 0.261762487E-12
    1.160 0.119550163E-01 0.205795823E-12 0.721807744E-13 -.499720306E-02 -.830941766E-01 -.143167384E-11 -.807965140E-13 0.554330232E-02 0.597352510E-02 0.107711869E-12 0.115767578E-11 -.679119555E-01 0.311535790E+00 0.550102289E-11 -.545798275E-11 0.308832828E+00 0.181751550E-01 0.303673646E-12
    1.306 0.136813544E-01 0.235523970E-12 0.803039252E-13 -.558629281E-02 -.854947231E-01 -.147474846E-11 -.906933010E-13 0.623957884E-02 0.662079941E-02 0.119981690E-12 0.112759858E-11 -.662539065E-01 0.311484882E+00 0.549819550E-11 -.544342693E-11 0.308028472E+00 0.207780714E-01 0.347345351E-12
    1.453 0.154730447E-01 0.266378502E-12 0.883296961E-13 -.616833882E-02 -.881854328E-01 -.152276568E-11 -.100460512E-12 0.693116825E-02 0.728147877E-02 0.132707914E-12 0.109429427E-11 -.644145007E-01 0.311414031E+00 0.549730504E-11 -.541768500E-11 0.307099258E+00 0.234871855E-01 0.392830169E-12
    1.601 0.173350004E-01 0.298345154E-12 0.958113814E-13 -.674417412E-02 -.911660847E-01 -.157610484E-11 -.109833408E-12 0.761798398E-02 0.796443892E-02 0.145767123E-12 0.105762510E-11 -.624013057E-01 0.311318731E+00 0.549045208E-11 -.539853973E-11 0.306034335E+00 0.263102858E-01 0.440179608E-12
    1.750 0.192721495E-01 0.331660422E-12 0.103381837E-12 -.731490510E-02 -.944351273E-01 -.163444557E-11 -.119233032E-12 0.830027553E-02 0.867898726E-02 0.159398800E-12 0.101822569E-11 -.602239371E-01 0.311194153E+00 0.548949162E-11 -.537548556E-11 0.304821517E+00 0.292539882E-01 0.489737508E-12
    1.899 0.212894156E-01 0.366430575E-12 0.110997752E-12 -.788190900E-02 -.979893562E-01 -.169794590E-11 -.128597367E-12 0.897861545E-02 0.943509132E-02 0.174175969E-12 0.975856389E-12 -.578942567E-01 0.311035203E+00 0.548667192E-11 -.534911828E-11 0.303447307E+00 0.323234743E-01 0.541357522E-12
    2.049 0.233917127E-01 0.402710033E-12 0.118065194E-12 -.844682732E-02 -.101823625E+00 -.176615627E-11 -.137545988E-12 0.965389402E-02 0.102436208E-01 0.189680086E-12 0.931185288E-12 -.554264889E-01 0.310836589E+00 0.548543055E-11 -.532544967E-11 0.301896932E+00 0.355222284E-01 0.594996066E-12
    2.199 0.255839189E-01 0.440497842E-12 0.125177195E-12 -.901156178E-02 -.105930622E+00 -.183928097E-11 -.146478743E-12 0.103273323E-01 0.111165983E-01 0.206544150E-12 0.884345592E-12 -.528371995E-01 0.310592896E+00 0.547935117E-11 -.529038858E-11 0.300154398E+00 0.388517941E-01 0.650940212E-12
    2.351 0.278708443E-01 0.479965133E-12 0.132239088E-12 -.957826159E-02 -.110300717E+00 -.191713286E-11 -.155348533E-12 0.110005005E-01 0.120674896E-01 0.225039318E-12 0.835415227E-12 -.501451180E-01 0.310298656E+00 0.547024663E-11 -.525693450E-11 0.298202553E+00 0.423115734E-01 0.709112579E-12
    2.504 0.302572127E-01 0.521091950E-12 0.139317060E-12 -.101492993E-01 -.114921933E+00 -.199935355E-11 -.164208922E-12 0.116753236E-01 0.131115433E-01 0.244649270E-12 0.785063512E-12 -.473707848E-01 0.309948422E+00 0.546245197E-11 -.521215604E-11 0.296023128E+00 0.458987068E-01 0.769494526E-12
    2.658 0.327476400E-01 0.564113810E-12 0.146715980E-12 -.107272297E-01 -.119780013E+00 -.208580092E-11 -.173189044E-12 0.123540786E-01 0.142661935E-01 0.266465982E-12 0.733561346E-12 -.445360247E-01 0.309536833E+00 0.545297507E-11 -.516494580E-11 0.293596756E+00 0.496080418E-01 0.831998175E-12
    2.813 0.353465973E-01 0.608985101E-12 0.153840252E-12 -.113147367E-01 -.124858603E+00 -.217603723E-11 -.182006235E-12 0.130393793E-01 0.155515370E-01 0.290675310E-12 0.681311288E-12 -.416632595E-01 0.309058663E+00 0.544369798E-11 -.512108303E-11 0.290902935E+00 0.534322117E-01 0.896548624E-12
    2.970 0.380583745E-01 0.655838627E-12 0.161054593E-12 -.119145567E-01 -.130139543E+00 -.226978205E-11 -.190891472E-12 0.137341304E-01 0.169909142E-01 0.317528878E-12 0.628819010E-12 -.387747200E-01 0.308508859E+00 0.543170845E-11 -.506389845E-11 0.287919886E+00 0.573618280E-01 0.962785292E-12
    3.127 0.408870344E-01 0.704669514E-12 0.168593866E-12 -.125293795E-01 -.135603202E+00 -.236650140E-11 -.199969658E-12 0.144414523E-01 0.186116125E-01 0.347792996E-12 0.576529801E-12 -.358916133E-01 0.307882551E+00 0.542064540E-11 -.500530841E-11 0.284624299E+00 0.613857629E-01 0.103078950E-11
    3.287 0.438363529E-01 0.755576281E-12 0.176006737E-12 -.131617111E-01 -.141228812E+00 -.246601233E-11 -.209089189E-12 0.151645641E-01 0.204456962E-01 0.381365967E-12 0.524491299E-12 -.330333236E-01 0.307175048E+00 0.540609588E-11 -.494078638E-11 0.280990957E+00 0.654914971E-01 0.110051222E-11
    3.447 0.469097364E-01 0.808844342E-12 0.184007446E-12 -.138137010E-01 -.146994762E+00 -.256778209E-11 -.218610956E-12 0.159066143E-01 0.225309763E-01 0.418825291E-12 0.473075817E-12 -.302167334E-01 0.306381796E+00 0.538658719E-11 -.486200261E-11 0.276992201E+00 0.696654930E-01 0.117144325E-11
    3.610 0.501101176E-01 0.864176832E-12 0.192009342E-12 -.144869082E-01 -.152878732E+00 -.267140192E-11 -.228309693E-12 0.166704507E-01 0.249121488E-01 0.461827993E-12 0.422821751E-12 -.274557413E-01 0.305498309E+00 0.537083147E-11 -.478433888E-11 0.272597264E+00 0.738935266E-01 0.124351199E-11
    3.774 0.534398231E-01 0.921612187E-12 0.200788953E-12 -.151819973E-01 -.158857637E+00 -.277642098E-11 -.238600544E-12 0.174583239E-01 0.276420803E-01 0.510531452E-12 0.373634905E-12 -.247610173E-01 0.304520077E+00 0.535036090E-11 -.469852049E-11 0.267771468E+00 0.781609650E-01 0.131625506E-11
    3.939 0.569004011E-01 0.981287713E-12 0.209379917E-12 -.158983556E-01 -.164907340E+00 -.288245710E-11 -.249079693E-12 0.182714922E-01 0.307832106E-01 0.566415341E-12 0.325820000E-12 -.221400357E-01 0.303442419E+00 0.532621825E-11 -.460868796E-11 0.262475281E+00 0.824529491E-01 0.138982609E-11
    4.107 0.604924164E-01 0.104305367E-11 0.218748002E-12 -.166336078E-01 -.171002148E+00 -.298909717E-11 -.260167902E-12 0.191097230E-01 0.344090239E-01 0.630569356E-12 0.279379045E-12 -.195973788E-01 0.302260322E+00 0.530282522E-11 -.450288004E-11 0.256663241E+00 0.867544800E-01 0.146372130E-11
    4.277 0.642151965E-01 0.110734997E-11 0.228142171E-12 -.173830295E-01 -.177114047E+00 -.309563326E-11 -.271547269E-12 0.199706638E-01 0.386054216E-01 0.703895857E-12 0.234344302E-12 -.171352947E-01 0.300968230E+00 0.527756111E-11 -.438238252E-11 0.250282820E+00 0.910504452E-01 0.153776490E-11
    4.449 0.680665327E-01 0.117347971E-11 0.237350699E-12 -.181388373E-01 -.183211743E+00 -.320175122E-11 -.283070974E-12 0.208490559E-01 0.434717287E-01 0.788315424E-12 0.190738908E-12 -.147545096E-01 0.299559821E+00 0.525336594E-11 -.426309406E-11 0.243273367E+00 0.953255781E-01 0.161175296E-11
    4.623 0.720423430E-01 0.124171093E-11 0.246350273E-12 -.188893863E-01 -.189259455E+00 -.330641825E-11 -.294488249E-12 0.217357897E-01 0.491207840E-01 0.886542231E-12 0.148590890E-12 -.124553109E-01 0.298027780E+00 0.522011217E-11 -.412620081E-11 0.235565498E+00 0.995643851E-01 0.168545095E-11
    4.799 0.761362791E-01 0.131197419E-11 0.254513695E-12 -.196182777E-01 -.195215435E+00 -.340948639E-11 -.305613438E-12 0.226167656E-01 0.556772071E-01 0.999578845E-12 0.107891721E-12 -.102389343E-01 0.296363595E+00 0.518135561E-11 -.397421384E-11 0.227081637E+00 0.103751006E+00 0.175845609E-11
    4.978 0.803393481E-01 0.138408994E-11 0.263065396E-12 -.203034925E-01 -.201030260E+00 -.350978643E-11 -.317037112E-12 0.234716503E-01 0.632724997E-01 0.113062999E-11 0.686584059E-13 -.810926201E-02 0.294557435E+00 0.515179804E-11 -.381420148E-11 0.217738809E+00 0.107869033E+00 0.183070065E-11
    5.159 0.846395517E-01 0.145783199E-11 0.270531615E-12 -.209167531E-01 -.206645057E+00 -.360634503E-11 -.327715092E-12 0.242725848E-01 0.720347803E-01 0.128152453E-11 0.309678566E-13 -.607473640E-02 0.292598142E+00 0.511147869E-11 -.363965896E-11 0.207455585E+00 0.111901375E+00 0.190176432E-11
    5.343 0.890217066E-01 0.153262548E-11 0.275331538E-12 -.214234087E-01 -.211990179E+00 -.369789217E-11 -.336322855E-12 0.249831935E-01 0.820709466E-01 0.145290829E-11 -.471713943E-14 -.415021495E-02 0.290473432E+00 0.507245960E-11 -.344571121E-11 0.196165242E+00 0.115830350E+00 0.197141115E-11
    5.530 0.934675413E-01 0.160875693E-11 0.276699836E-12 -.217834055E-01 -.216985188E+00 -.378314246E-11 -.341918842E-12 0.255583193E-01 0.934390727E-01 0.164719239E-11 -.381652516E-13 -.235818725E-02 0.288170352E+00 0.502791839E-11 -.323383707E-11 0.183837410E+00 0.119638343E+00 0.203904125E-11
    5.720 0.979562786E-01 0.168539483E-11 0.275220789E-12 -.219538350E-01 -.221541397E+00 -.386045556E-11 -.344694062E-12 0.259452943E-01 0.106112319E+00 0.186436490E-11 -.687571231E-13 -.728516561E-03 0.285676082E+00 0.497880197E-11 -.300014008E-11 0.170507793E+00 0.123309428E+00 0.210457887E-11
    5.913 0.102465845E+00 0.176224195E-11 0.271595771E-12 -.218933936E-01 -.225568108E+00 -.392841772E-11 -.344369769E-12 0.260876538E-01 0.119942060E+00 0.210053681E-11 -.957331850E-13 0.704175840E-03 0.282979131E+00 0.492893130E-11 -.275530659E-11 0.156309928E+00 0.126832147E+00 0.216752046E-11
    6.110 0.106974660E+00 0.183926465E-11 0.262209977E-12 -.215684391E-01 -.228982732E+00 -.398543923E-11 -.338115439E-12 0.259317454E-01 0.134636501E+00 0.235199243E-11 -.118382122E-12 0.190580612E-02 0.280070992E+00 0.487368484E-11 -.250145214E-11 0.141495001E+00 0.130203124E+00 0.222780764E-11
    6.310 0.111463733E+00 0.191570780E-11 0.246358568E-12 -.209592874E-01 -.231723021E+00 -.403041234E-11 -.325082068E-12 0.254356493E-01 0.149774756E+00 0.260996605E-11 -.136126664E-12 0.284988942E-02 0.276948195E+00 0.481581769E-11 -.224446359E-11 0.126421631E+00 0.133430345E+00 0.228535268E-11
    6.514 0.115918435E+00 0.199165776E-11 0.229497331E-12 -.200648146E-01 -.233757545E+00 -.406287869E-11 -.308364798E-12 0.245779418E-01 0.164862995E+00 0.286682591E-11 -.148709750E-12 0.352405967E-02 0.273614430E+00 0.475403485E-11 -.199270961E-11 0.111508649E+00 0.136534475E+00 0.234046251E-11
    6.721 0.120329381E+00 0.206683346E-11 0.208028603E-12 -.189035938E-01 -.235090323E+00 -.408275756E-11 -.285752582E-12 0.233632696E-01 0.179416725E+00 0.311372371E-11 -.156092605E-12 0.393342129E-02 0.270081997E+00 0.468697318E-11 -.174252457E-11 0.971645458E-01 0.139546987E+00 0.239355081E-11
    6.933 0.124692162E+00 0.214098537E-11 0.182061002E-12 -.175113122E-01 -.235757835E+00 -.409076977E-11 -.257265525E-12 0.218225233E-01 0.193035870E+00 0.334416559E-11 -.158810194E-12 0.409953032E-02 0.266371797E+00 0.461710121E-11 -.150947231E-11 0.837231242E-01 0.142505435E+00 0.244515899E-11
    7.149 0.129006157E+00 0.221394284E-11 0.149913279E-12 -.159355567E-01 -.235820192E+00 -.408799834E-11 -.221577942E-12 0.200078614E-01 0.205447001E+00 0.355315605E-11 -.157261756E-12 0.405592231E-02 0.262511595E+00 0.454475190E-11 -.130060204E-11 0.714083408E-01 0.145447617E+00 0.249586578E-11
    7.369 0.133273020E+00 0.228585906E-11 0.117574382E-12 -.142297808E-01 -.235350099E+00 -.407569779E-11 -.183855279E-12 0.179848251E-01 0.216508306E+00 0.373911376E-11 -.152357560E-12 0.384231684E-02 0.258533043E+00 0.447125406E-11 -.110782461E-11 0.603320239E-01 0.148406576E+00 0.254622506E-11
    7.594 0.137495319E+00 0.235689067E-11 0.844337236E-13 -.124479115E-01 -.234422986E+00 -.405521112E-11 -.144628555E-12 0.158240768E-01 0.226189120E+00 0.390070344E-11 -.144851993E-12 0.349942306E-02 0.254468427E+00 0.439652068E-11 -.935232669E-12 0.505134169E-01 0.151407616E+00 0.259678449E-11
    7.824 0.141675596E+00 0.242700558E-11 0.555793721E-13 -.106403734E-01 -.233109998E+00 -.402779663E-11 -.107333715E-12 0.135946225E-01 0.234539231E+00 0.403892258E-11 -.135508786E-12 0.306530123E-02 0.250347961E+00 0.432084805E-11 -.788623127E-12 0.419067510E-01 0.154467386E+00 0.264783085E-11
    8.060 0.145815885E+00 0.249593542E-11 0.232376099E-13 -.885158705E-02 -.231474027E+00 -.399461976E-11 -.671275564E-13 0.113590857E-01 0.241659063E+00 0.415557910E-11 -.125012076E-12 0.257333221E-02 0.246197980E+00 0.424424957E-11 -.659560992E-12 0.344270251E-01 0.157594471E+00 0.269947057E-11
    8.301 0.149917563E+00 0.256388139E-11 -.880287954E-14 -.711873261E-02 -.229568153E+00 -.395661333E-11 -.276363991E-13 0.917101170E-02 0.247675511E+00 0.425227161E-11 -.114011994E-12 0.205144254E-02 0.242040063E+00 0.416766758E-11 -.545490669E-12 0.279700645E-01 0.160790791E+00 0.275171770E-11
    8.547 0.153981407E+00 0.263070387E-11 -.329532716E-13 -.547144347E-02 -.227435695E+00 -.391456416E-11 0.569546499E-14 0.707379827E-02 0.252724731E+00 0.433239228E-11 -.102604844E-12 0.152214397E-02 0.237890881E+00 0.409068128E-11 -.449314136E-12 0.224261367E-01 0.164053234E+00 0.280464926E-11
    8.800 0.158007736E+00 0.269647883E-11 -.633669347E-13 -.393208643E-02 -.225111108E+00 -.386912821E-11 0.420917708E-13 0.510071843E-02 0.256940824E+00 0.439786210E-11 -.916773407E-13 0.100299023E-02 0.233762512E+00 0.401472769E-11 -.365685332E-12 0.176883514E-01 0.167375201E+00 0.285812535E-11
    9.060 0.161996559E+00 0.276115787E-11 -.827534089E-13 -.251640999E-02 -.222621270E+00 -.382075938E-11 0.701404286E-13 0.327567174E-02 0.260449127E+00 0.445069214E-11 -.811820414E-13 0.507227171E-03 0.229662996E+00 0.393887552E-11 -.291704642E-12 0.136572241E-01 0.170747887E+00 0.291200859E-11
    9.326 0.165947690E+00 0.282467931E-11 -.108309114E-12 -.123435059E-02 -.219986836E+00 -.376983395E-11 0.101021532E-12 0.161426240E-02 0.263362689E+00 0.449302654E-11 -.716357016E-13 0.444725063E-04 0.225596973E+00 0.386357277E-11 -.237187795E-12 0.102427185E-01 0.174161279E+00 0.296610383E-11
    9.599 0.169860829E+00 0.288703795E-11 -.127096434E-12 -.909036608E-04 -.217223503E+00 -.371664586E-11 0.125843971E-12 0.125052528E-03 0.265780889E+00 0.452647491E-11 -.632868619E-13 -.378644621E-03 0.221566315E+00 0.378887151E-11 -.182420292E-12 0.736474645E-02 0.177604879E+00 0.302023082E-11
    9.881 0.173735588E+00 0.294819279E-11 -.142268103E-12 0.913017708E-03 -.214343119E+00 -.366137954E-11 0.146271696E-12 -.118919202E-02 0.267789395E+00 0.455258561E-11 -.561254822E-13 -.757918324E-03 0.217570691E+00 0.371463040E-11 -.137237437E-12 0.495279163E-02 0.181068200E+00 0.307420527E-11
   10.170 0.177571499E+00 0.300809618E-11 -.150370664E-12 0.177979267E-02 -.211354588E+00 -.360419189E-11 0.160507681E-12 -.233033482E-02 0.269460921E+00 0.457265529E-11 -.501755200E-13 -.109109077E-02 0.213608057E+00 0.364084592E-11 -.964057797E-13 0.294509694E-02 0.184541098E+00 0.312782651E-11
   10.468 0.181367985E+00 0.306669285E-11 -.164642856E-12 0.251437353E-02 -.208264630E+00 -.354520928E-11 0.178024799E-12 -.330382769E-02 0.270856377E+00 0.458760179E-11 -.457763794E-13 -.137744926E-02 0.209675057E+00 0.356737926E-11 -.617629023E-13 0.128770157E-02 0.188013966E+00 0.318090658E-11
   10.775 0.185124328E+00 0.312402931E-11 -.177511239E-12 0.312365948E-02 -.205078384E+00 -.348445910E-11 0.192979232E-12 -.411780368E-02 0.272026226E+00 0.459801846E-11 -.424606270E-13 -.161749768E-02 0.205767356E+00 0.349425423E-11 -.348007727E-13 -.665383361E-04 0.191477853E+00 0.323324755E-11
   11.092 0.188839637E+00 0.317994182E-11 -.179254621E-12 0.361595083E-02 -.201799872E+00 -.342200069E-11 0.198967133E-12 -.478230854E-02 0.273011847E+00 0.460480758E-11 -.402726658E-13 -.181268436E-02 0.201879910E+00 0.342130788E-11 -.594154198E-14 -.115884838E-02 0.194924513E+00 0.328463098E-11
   11.419 0.192512804E+00 0.323438809E-11 -.185645723E-12 0.400049144E-02 -.198432366E+00 -.335787367E-11 0.206802201E-12 -.530866418E-02 0.273846893E+00 0.460847750E-11 -.390167432E-13 -.196518230E-02 0.198007183E+00 0.334845444E-11 0.121038335E-13 -.202536562E-02 0.198346416E+00 0.333491698E-11
   11.757 0.196142486E+00 0.328745663E-11 -.187841250E-12 0.428708198E-02 -.194978662E+00 -.329212174E-11 0.211019935E-12 -.570894678E-02 0.274558512E+00 0.460951848E-11 -.385865455E-13 -.207770411E-02 0.194143332E+00 0.327552768E-11 0.355406985E-13 -.269781866E-02 0.201736736E+00 0.338385545E-11
   12.107 0.199727081E+00 0.333877378E-11 -.184877039E-12 0.448576574E-02 -.191441280E+00 -.322468161E-11 0.210422141E-12 -.599557334E-02 0.275168470E+00 0.460789509E-11 -.382517883E-13 -.215334916E-02 0.190282347E+00 0.320250581E-11 0.512638381E-13 -.320412680E-02 0.205089325E+00 0.343130056E-11
   12.470 0.203264726E+00 0.338842999E-11 -.185979300E-12 0.460657041E-02 -.187822598E+00 -.315563300E-11 0.211648952E-12 -.618096138E-02 0.275694130E+00 0.460400966E-11 -.380359595E-13 -.219547723E-02 0.186418183E+00 0.312918371E-11 0.579302529E-13 -.356888423E-02 0.208398670E+00 0.347708823E-11
   12.845 0.206753297E+00 0.343623851E-11 -.184848690E-12 0.465930538E-02 -.184124944E+00 -.308498415E-11 0.211618008E-12 -.627727852E-02 0.276149309E+00 0.459806927E-11 -.377028057E-13 -.220759993E-02 0.182544861E+00 0.305561831E-11 0.613727076E-13 -.381378632E-02 0.211659856E+00 0.352106705E-11
   13.235 0.210190425E+00 0.348215332E-11 -.187672474E-12 0.465340560E-02 -.180350653E+00 -.301275551E-11 0.213613153E-12 -.629625022E-02 0.276545007E+00 0.459004956E-11 -.370539445E-13 -.219329063E-02 0.178656562E+00 0.298153700E-11 0.659852222E-13 -.395797115E-02 0.214868515E+00 0.356304645E-11
   13.640 0.213573523E+00 0.352608279E-11 -.180259041E-12 0.459780884E-02 -.176502096E+00 -.293898801E-11 0.207706907E-12 -.624900854E-02 0.276889997E+00 0.457985451E-11 -.358779198E-13 -.215610508E-02 0.174747702E+00 0.290694144E-11 0.695603457E-13 -.401829592E-02 0.218020784E+00 0.360284290E-11
   14.061 0.216899813E+00 0.356773980E-11 -.177309915E-12 0.450086871E-02 -.172581688E+00 -.286375153E-11 0.204624303E-12 -.614599049E-02 0.277191341E+00 0.456776280E-11 -.334677770E-13 -.209951918E-02 0.170812999E+00 0.283176978E-11 0.649617083E-13 -.400959226E-02 0.221113255E+00 0.364035371E-11
   14.500 0.220166359E+00 0.360711857E-11 -.179049713E-12 0.437028888E-02 -.168591884E+00 -.278708263E-11 0.205811696E-12 -.599685870E-02 0.277454792E+00 0.455380392E-11 -.299706728E-13 -.202687241E-02 0.166847534E+00 0.275586826E-11 0.608190048E-13 -.394487323E-02 0.224142941E+00 0.367547119E-11
   14.957 0.223370108E+00 0.364407428E-11 -.187094080E-12 0.421308573E-02 -.164535159E+00 -.270903406E-11 0.210584002E-12 -.581045709E-02 0.277685119E+00 0.453761909E-11 -.250536088E-13 -.194132560E-02 0.162846799E+00 0.267914787E-11 0.517444049E-13 -.383551480E-02 0.227107232E+00 0.370803542E-11
   15.435 0.226507936E+00 0.367844068E-11 -.171024175E-12 0.403557181E-02 -.160413989E+00 -.262975084E-11 0.196935790E-12 -.559479271E-02 0.277886356E+00 0.451970797E-11 -.184995754E-13 -.184582578E-02 0.158806731E+00 0.260173134E-11 0.462913725E-13 -.369141981E-02 0.230003869E+00 0.373796345E-11
   15.934 0.229576687E+00 0.371006671E-11 -.169939793E-12 0.384335121E-02 -.156230824E+00 -.254922903E-11 0.194077466E-12 -.535702662E-02 0.278061995E+00 0.449986039E-11 -.109755167E-13 -.174307724E-02 0.154723743E+00 0.252338210E-11 0.275885190E-13 -.352115699E-02 0.232830900E+00 0.376505757E-11
   16.457 0.232573214E+00 0.373881068E-11 -.161918265E-12 0.364133226E-02 -.151988059E+00 -.246761952E-11 0.186200880E-12 -.510348779E-02 0.278215125E+00 0.447797935E-11 -.247611000E-14 -.163552040E-02 0.150594748E+00 0.244416408E-11 0.119580298E-13 -.333208874E-02 0.235586643E+00 0.378927226E-11
   17.005 0.235494428E+00 0.376455026E-11 -.156035487E-12 0.343375073E-02 -.147688009E+00 -.238506693E-11 0.179696975E-12 -.483969748E-02 0.278348539E+00 0.445450829E-11 0.621801097E-14 -.152531812E-02 0.146417170E+00 0.236415631E-11 0.157474126E-14 -.313048364E-02 0.238269635E+00 0.381059509E-11
   17.581 0.238337338E+00 0.378713955E-11 -.153118523E-12 0.322420060E-02 -.143332882E+00 -.230164630E-11 0.175601408E-12 -.457040111E-02 0.278464794E+00 0.442925292E-11 0.154708528E-13 -.141435201E-02 0.142188956E+00 0.228315113E-11 -.911006210E-14 -.292162167E-02 0.240878588E+00 0.382891426E-11
   18.187 0.241099089E+00 0.380639442E-11 -.150714889E-12 0.301567497E-02 -.138924781E+00 -.221741924E-11 0.171506522E-12 -.429961336E-02 0.278566242E+00 0.440201849E-11 0.231146708E-13 -.130422840E-02 0.137908578E+00 0.220128133E-11 -.214135511E-13 -.270989659E-02 0.243412345E+00 0.384407448E-11
   18.825 0.243776997E+00 0.382203905E-11 -.144047396E-12 0.281061070E-02 -.134465706E+00 -.213246063E-11 0.163932026E-12 -.403066690E-02 0.278655046E+00 0.437302494E-11 0.266348972E-13 -.119628967E-02 0.133575028E+00 0.211851895E-11 -.269735209E-13 -.249891249E-02 0.245869852E+00 0.385597883E-11
   19.499 0.246368564E+00 0.383385776E-11 -.138374021E-12 0.261093684E-02 -.129957578E+00 -.204684013E-11 0.156929297E-12 -.376626607E-02 0.278733188E+00 0.434209937E-11 0.271647289E-13 -.109162669E-02 0.129187822E+00 0.203475479E-11 -.207970220E-13 -.229157396E-02 0.248250122E+00 0.386444142E-11
   20.213 0.248871491E+00 0.384157046E-11 -.130712825E-12 0.241812805E-02 -.125402270E+00 -.196058109E-11 0.147240351E-12 -.350854739E-02 0.278802476E+00 0.430896784E-11 0.266042682E-13 -.991094758E-03 0.124747000E+00 0.195019324E-11 -.163996330E-13 -.209017136E-02 0.250552198E+00 0.386919306E-11
   20.969 0.251283668E+00 0.384482940E-11 -.107836148E-12 0.223325888E-02 -.120801667E+00 -.187363503E-11 0.124958208E-12 -.325914175E-02 0.278864555E+00 0.427297447E-11 0.227188601E-13 -.895336070E-03 0.120253148E+00 0.186457764E-11 -.110656290E-13 -.189646284E-02 0.252775091E+00 0.386984715E-11
   21.772 0.253603169E+00 0.384305252E-11 -.892177173E-13 0.205705805E-02 -.116157754E+00 -.178596903E-11 0.105458049E-12 -.301923742E-02 0.278920887E+00 0.423388888E-11 0.136550976E-13 -.804805408E-03 0.115707428E+00 0.177808540E-11 0.520007351E-14 -.171175097E-02 0.254917754E+00 0.386586556E-11
   22.628 0.255828219E+00 0.383565714E-11 -.751352880E-13 0.188996172E-02 -.111472733E+00 -.169746864E-11 0.896818753E-13 -.278964305E-02 0.278972738E+00 0.419094850E-11 0.654198440E-14 -.719794818E-03 0.111111645E+00 0.169062959E-11 0.168492583E-13 -.153695150E-02 0.256979042E+00 0.385647634E-11
   23.541 0.257957163E+00 0.382188447E-11 -.584587501E-13 0.173216502E-02 -.106749185E+00 -.160803584E-11 0.722970809E-13 -.257084951E-02 0.279021173E+00 0.414298402E-11 0.102125644E-14 -.640459038E-03 0.106468349E+00 0.160211714E-11 0.208052154E-13 -.137265698E-02 0.258957660E+00 0.384090092E-11
   24.518 0.259988416E+00 0.380084109E-11 -.472570469E-13 0.158367024E-02 -.101990304E+00 -.151767454E-11 0.593114292E-13 -.236308820E-02 0.279067068E+00 0.408933974E-11 -.860084562E-14 -.566842529E-03 0.101780993E+00 0.151257985E-11 0.326712925E-13 -.121919750E-02 0.260852125E+00 0.381822812E-11
   25.567 0.261920415E+00 0.377141402E-11 -.373646814E-13 0.144433090E-02 -.972002094E-01 -.142623580E-11 0.486803992E-13 -.216638527E-02 0.279111124E+00 0.402863466E-11 -.961641417E-14 -.498903098E-03 0.970541569E-01 0.142206554E-11 0.340387296E-13 -.107669525E-02 0.262660716E+00 0.378705685E-11
   26.697 0.263751529E+00 0.373244211E-11 -.333466907E-13 0.131389204E-02 -.923843698E-01 -.133382906E-11 0.435019267E-13 -.198061210E-02 0.279153889E+00 0.395988116E-11 -.115598213E-13 -.436531690E-03 0.922938989E-01 0.133051688E-11 0.319724505E-13 -.945111700E-03 0.264381442E+00 0.374651108E-11
   27.917 0.265479979E+00 0.368263732E-11 -.380911744E-13 0.119202517E-02 -.875501532E-01 -.124059579E-11 0.470173039E-13 -.180552907E-02 0.279195776E+00 0.388172346E-11 -.164657684E-13 -.379571625E-03 0.875082630E-01 0.123811275E-11 0.286345087E-13 -.824288237E-03 0.266011982E+00 0.369509780E-11
   29.240 0.267103749E+00 0.362038181E-11 -.453329949E-13 0.107835662E-02 -.827075839E-01 -.114669164E-11 0.535843538E-13 -.164082230E-02 0.279237067E+00 0.379277542E-11 -.150185656E-13 -.327834022E-03 0.827079847E-01 0.114499345E-11 0.244669441E-13 -.713978498E-03 0.267549628E+00 0.363116504E-11
   30.679 0.268620503E+00 0.354389580E-11 -.617014640E-13 0.972489281E-03 -.778703954E-01 -.105243633E-11 0.683745170E-13 -.148613261E-02 0.279277930E+00 0.369166458E-11 -.190194174E-13 -.281108551E-03 0.779074683E-01 0.105137301E-11 0.170312023E-13 -.613872041E-03 0.268991208E+00 0.355336657E-11
   32.251 0.270027494E+00 0.345088954E-11 -.729657418E-13 0.874019145E-03 -.730574433E-01 -.958035525E-12 0.803600252E-13 -.134107778E-02 0.279318465E+00 0.357577228E-11 -.133376345E-13 -.239173597E-03 0.731261016E-01 0.957507549E-12 0.703726077E-14 -.523614518E-03 0.270333052E+00 0.345917447E-11
   33.978 0.271321472E+00 0.333871932E-11 -.105274683E-12 0.782548047E-03 -.682945956E-01 -.863835664E-12 0.111000486E-12 -.120526972E-02 0.279358755E+00 0.344276294E-11 -.132318062E-14 -.201802347E-03 0.683900607E-01 0.863790929E-12 -.127101474E-13 -.442821754E-03 0.271570980E+00 0.334588340E-11
   35.882 0.272498595E+00 0.320407713E-11 -.146922016E-12 0.697689866E-03 -.636173066E-01 -.770262276E-12 0.152570995E-12 -.107832325E-02 0.279398878E+00 0.328899025E-11 0.132797876E-13 -.168755415E-03 0.637348095E-01 0.770643963E-12 -.333711101E-13 -.371078729E-03 0.272700247E+00 0.321009812E-11
   37.994 0.273554393E+00 0.304294173E-11 -.203039091E-12 0.619062618E-03 -.590741789E-01 -.677790887E-12 0.207637693E-12 -.959847142E-03 0.279438903E+00 0.311072534E-11 0.154543910E-13 -.139725747E-03 0.592083756E-01 0.678625535E-12 -.498028277E-13 -.307877502E-03 0.273715483E+00 0.304784524E-11
   40.351 0.274483687E+00 0.285064308E-11 -.279213763E-12 0.546249942E-03 -.547322942E-01 -.587226999E-12 0.283103578E-12 -.849396722E-03 0.279478959E+00 0.290318726E-11 0.106691932E-14 -.113948077E-03 0.548752298E-01 0.588416332E-12 -.533748002E-13 -.252107612E-03 0.274610611E+00 0.285451308E-11
   43.000 0.275280173E+00 0.262129327E-11 -.382050330E-12 0.478667974E-03 -.506878416E-01 -.499346448E-12 0.382368661E-12 -.746345913E-03 0.279519461E+00 0.266026193E-11 -.205662626E-13 -.870113550E-04 0.508199690E-01 0.501164253E-12 -.434934497E-13 -.197171974E-03 0.275378480E+00 0.262394266E-11
   45.999 0.275934551E+00 0.234624833E-11 -.406269194E-12 0.415224146E-03 -.471073306E-01 -.419676570E-12 0.406421617E-12 -.650021374E-03 0.279562019E+00 0.237328244E-11 -.883601680E-14 -.206261352E-04 0.471438490E-01 0.421842539E-12 -.104393478E-13 -.635196848E-04 0.276008344E+00 0.234697546E-11
   49.425 0.276473312E+00 0.203557579E-11 -.352690892E-12 0.358850803E-03 -.438494492E-01 -.381502042E-12 0.354809325E-12 -.563015068E-03 0.279612182E+00 0.205681192E-11 -.198344583E-14 -.414735345E-05 0.438502436E-01 0.381624723E-12 -.190496934E-14 -.175687444E-04 0.276535193E+00 0.203501319E-11
   53.378 0.276968084E+00 0.174621422E-11 -.302877734E-12 0.307369724E-03 -.406025277E-01 -.345465350E-12 0.304315145E-12 -.482690288E-03 0.279658686E+00 0.176378146E-11 -.157249289E-14 -.326177432E-05 0.406025728E-01 0.345537351E-12 -.152028949E-14 -.139253639E-04 0.277020735E+00 0.174579226E-11
   57.990 0.277422114E+00 0.148013385E-11 -.256998283E-12 0.260186994E-03 -.373731964E-01 -.311387875E-12 0.258196243E-12 -.408935817E-03 0.279701332E+00 0.149458637E-11 -.123069697E-14 -.253917364E-05 0.373731987E-01 0.311436750E-12 -.120533608E-14 -.108785734E-04 0.277466478E+00 0.147988636E-11
   63.445 0.277836375E+00 0.123704094E-11 -.214805520E-12 0.217191983E-03 -.341598836E-01 -.279093180E-12 0.215441208E-12 -.341619304E-03 0.279740204E+00 0.124878999E-11 -.940205461E-15 -.193617825E-05 0.341598840E-01 0.279125511E-12 -.944474331E-15 -.832092656E-05 0.277873256E+00 0.123692270E-11
   70.000 0.278211641E+00 0.101657625E-11 -.176647446E-12 0.178289374E-03 -.309611428E-01 -.248411661E-12 0.177064280E-12 -.280621655E-03 0.279775385E+00 0.102598633E-11 -.699550499E-15 -.143976931E-05 0.309611430E-01 0.248432886E-12 -.722654196E-15 -.620488651E-05 0.278241803E+00 0.101654520E-11
