    0.000  -0.126408E-18   0.617116E-18  -0.527238E-18   0.193959E-18  -0.699188E-18   0.281051E-18  -0.424532E-19   0.764578E-18  -0.101860E-17   0.334119E-18  -0.146784E-18  -0.796372E-18  -0.125679E-17   0.777458E-19   0.750884E-19  -0.115627E-17  -0.167972E-17   0.192261E-18
    0.612   0.569591E-01  -0.229913E-16  -0.625348E-16   0.127233E-01  -0.332821E-18  -0.294750E-19   0.788746E-16  -0.128011E-01   0.550528E-01  -0.429490E-17   0.515587E-18  -0.593632E-18  -0.159722E-17   0.294661E-18  -0.186280E-17  -0.547817E-18   0.134882E+00  -0.564908E-16
    1.224   0.107755E+00  -0.459318E-16  -0.126538E-15   0.210584E-01  -0.786082E-18   0.167107E-18   0.147918E-15  -0.221437E-01   0.103869E+00   0.894660E-17   0.590682E-18  -0.220853E-18   0.501017E-18   0.107756E-18  -0.174548E-17   0.513780E-18   0.216906E+00  -0.909584E-16
    1.837   0.149536E+00  -0.459760E-16  -0.399732E-15   0.248320E-01  -0.468559E-17  -0.256214E-18   0.289779E-15  -0.274539E-01   0.145258E+00  -0.229657E-16   0.757126E-18  -0.127261E-19   0.283849E-17   0.486314E-19   0.591819E-18   0.831525E-18   0.257636E+00  -0.944709E-16
    2.449   0.182210E+00  -0.509366E-16  -0.370630E-15   0.253312E-01  -0.897799E-17  -0.393166E-19   0.334310E-15  -0.294705E-01   0.178876E+00  -0.135756E-15   0.168770E-17  -0.842025E-19   0.322382E-17   0.316554E-18  -0.318435E-17   0.103565E-18   0.276464E+00  -0.185599E-15
    3.061   0.206964E+00  -0.654748E-16  -0.411080E-15   0.239635E-01   0.109127E-17   0.105466E-17   0.297072E-15  -0.292701E-01   0.205071E+00  -0.946446E-16   0.216120E-17   0.678821E-19  -0.673197E-17   0.382277E-18   0.863853E-17  -0.248189E-18   0.284553E+00  -0.199745E-15
    3.673   0.225392E+00  -0.802647E-16  -0.274478E-15   0.217666E-01   0.376886E-18   0.384568E-18   0.202113E-15  -0.277783E-01   0.224792E+00  -0.119447E-15  -0.639194E-19   0.854131E-18   0.219095E-17  -0.240955E-18   0.342615E-17   0.274582E-19   0.287419E+00  -0.177491E-15
    4.286   0.239015E+00  -0.705560E-16  -0.242038E-15   0.193497E-01   0.436601E-17  -0.359849E-19   0.340471E-15  -0.256425E-01   0.239272E+00  -0.133787E-15  -0.252551E-18   0.372664E-19   0.182939E-17  -0.131745E-18  -0.122505E-18  -0.259296E-18   0.287820E+00  -0.158348E-15
    4.898   0.249085E+00  -0.876176E-16  -0.177787E-15   0.170157E-01  -0.306975E-17   0.953154E-19   0.339549E-15  -0.232687E-01   0.249739E+00  -0.151385E-15  -0.759481E-18  -0.891021E-19   0.387284E-18  -0.945563E-19  -0.139925E-17  -0.557530E-19   0.287150E+00  -0.148861E-15
    5.510   0.256554E+00  -0.953902E-16  -0.282504E-15   0.148924E-01   0.964109E-18  -0.983632E-19   0.356306E-15  -0.208940E-01   0.257248E+00  -0.148531E-15   0.547786E-17   0.761018E-19   0.507347E-18  -0.735673E-19  -0.187659E-17   0.681620E-19   0.286105E+00  -0.155033E-15
    6.122   0.262123E+00  -0.859945E-16  -0.382079E-15   0.130183E-01  -0.306765E-17   0.925707E-19   0.313995E-15  -0.186475E-01   0.262631E+00  -0.152621E-15  -0.314778E-17   0.278349E-18  -0.286446E-18   0.137105E-18   0.230251E-17   0.117814E-18   0.285014E+00  -0.134581E-15
    6.735   0.266300E+00  -0.817845E-16  -0.432491E-15   0.113912E-01  -0.171912E-18   0.268240E-19   0.356705E-15  -0.165918E-01   0.266504E+00  -0.158865E-15  -0.101279E-16  -0.177439E-18   0.674508E-20  -0.464536E-19   0.330141E-17   0.222189E-18   0.284021E+00  -0.121939E-15
    7.347   0.269450E+00  -0.852030E-16  -0.466416E-15   0.999081E-02  -0.186038E-17   0.305521E-18   0.498787E-15  -0.147499E-01   0.269313E+00  -0.900710E-16  -0.366158E-17   0.389986E-18  -0.132288E-17  -0.334638E-19  -0.544467E-17   0.972451E-20   0.283173E+00  -0.107870E-15
    7.959   0.271836E+00  -0.834089E-16  -0.298141E-15   0.879116E-02  -0.124036E-17   0.253054E-18   0.491081E-15  -0.131214E-01   0.271373E+00  -0.981243E-16   0.651183E-17   0.150647E-18  -0.950759E-18   0.146073E-18  -0.467775E-17   0.144379E-19   0.282477E+00  -0.969742E-16
    8.571   0.273653E+00  -0.748013E-16  -0.268974E-15   0.776533E-02  -0.310467E-17  -0.129602E-18   0.445438E-15  -0.116939E-01   0.272905E+00  -0.110476E-15   0.499723E-17   0.578101E-19   0.164239E-17   0.255276E-19  -0.443287E-17  -0.661406E-19   0.281918E+00  -0.918158E-16
    9.184   0.275041E+00  -0.730032E-16  -0.984064E-15   0.688808E-02   0.387801E-17   0.100955E-18   0.794678E-15  -0.104487E-01   0.274061E+00  -0.145326E-15  -0.245882E-17  -0.147232E-18   0.378953E-17   0.900211E-20  -0.139562E-17   0.120269E-19   0.281476E+00  -0.973130E-16
    9.796   0.276105E+00  -0.717488E-16  -0.676001E-15   0.613684E-02   0.206255E-17   0.660484E-19   0.655629E-15  -0.936505E-02   0.274948E+00  -0.132589E-15   0.501705E-18   0.169063E-18   0.465409E-18   0.124658E-20   0.594325E-17   0.135891E-18   0.281129E+00  -0.930600E-16
   10.408   0.276924E+00  -0.666029E-16  -0.527217E-15   0.549197E-02  -0.149144E-18   0.407709E-19   0.605114E-15  -0.842258E-02   0.275640E+00  -0.103047E-15   0.346698E-18   0.207787E-18  -0.722285E-18  -0.150817E-19   0.272229E-17   0.401616E-19   0.280859E+00  -0.840876E-16
   11.020   0.277557E+00  -0.636636E-16  -0.203277E-15   0.493669E-02   0.177852E-17  -0.171272E-18   0.491461E-15  -0.760221E-02   0.276191E+00  -0.106387E-15   0.426113E-17   0.829431E-20   0.301120E-17  -0.304587E-19  -0.156031E-17  -0.128195E-19   0.280649E+00  -0.709528E-16
   11.633   0.278046E+00  -0.584844E-16  -0.320505E-15   0.445681E-02  -0.935196E-17  -0.186905E-18   0.452439E-15  -0.688682E-02   0.276635E+00  -0.750324E-16   0.326767E-17  -0.149963E-18  -0.261731E-17   0.151530E-19  -0.384411E-17  -0.650201E-19   0.280486E+00  -0.657791E-16
   12.245   0.278427E+00  -0.543328E-16  -0.768996E-15   0.404043E-02  -0.801246E-17   0.249127E-19   0.476759E-15  -0.626139E-02   0.277000E+00  -0.646565E-16   0.595947E-19   0.837066E-19  -0.825470E-18  -0.975183E-19   0.408536E-17  -0.414839E-19   0.280360E+00  -0.664852E-16
   12.857   0.278723E+00  -0.484412E-16  -0.694938E-15   0.367762E-02  -0.279697E-17   0.574408E-19   0.570657E-15  -0.571295E-02   0.277304E+00  -0.826873E-16   0.365281E-18   0.745417E-19   0.247490E-17  -0.122447E-19  -0.355197E-17   0.285318E-19   0.280262E+00  -0.630054E-16
   13.469   0.278955E+00  -0.475090E-16  -0.538403E-16   0.336012E-02   0.178839E-17   0.661828E-19   0.263561E-15  -0.523040E-02   0.277560E+00  -0.599577E-16   0.366840E-17  -0.194790E-20  -0.249866E-17  -0.656657E-19   0.320938E-18   0.659607E-19   0.280186E+00  -0.568396E-16
   14.082   0.279136E+00  -0.439346E-16  -0.665226E-15   0.308107E-02   0.573694E-18   0.715774E-19   0.382120E-15  -0.480432E-02   0.277779E+00  -0.622250E-16  -0.258447E-17  -0.749266E-19   0.370079E-17  -0.171949E-19  -0.654246E-17  -0.491498E-19   0.280127E+00  -0.542076E-16
   14.694   0.279280E+00  -0.402390E-16  -0.169079E-15   0.283474E-02  -0.151317E-19  -0.718205E-19   0.330749E-15  -0.442673E-02   0.277968E+00  -0.642798E-16   0.894694E-18  -0.131206E-18   0.131434E-17  -0.355453E-19   0.871663E-18   0.295330E-19   0.280081E+00  -0.509334E-16
   15.306   0.279393E+00  -0.365575E-16  -0.396962E-15   0.261638E-02  -0.394860E-17   0.313298E-19   0.502049E-15  -0.409088E-02   0.278132E+00  -0.502080E-16   0.463313E-17   0.133066E-18   0.217894E-17   0.409827E-20  -0.492593E-18   0.369138E-19   0.280045E+00  -0.420235E-16
   15.918   0.279483E+00  -0.351989E-16  -0.560192E-15   0.242204E-02  -0.209374E-17   0.313955E-20   0.621438E-15  -0.379109E-02   0.278276E+00  -0.507118E-16  -0.496757E-17   0.601651E-19  -0.192205E-17  -0.222976E-19   0.293983E-17  -0.257738E-19   0.280016E+00  -0.398183E-16
   16.531   0.279554E+00  -0.324396E-16  -0.378329E-15   0.224837E-02  -0.204669E-18   0.228048E-19   0.419846E-15  -0.352253E-02   0.278403E+00  -0.487007E-16   0.275715E-17   0.153887E-18   0.756095E-17   0.242042E-19   0.162641E-16   0.476333E-19   0.279994E+00  -0.344447E-16
   17.143   0.279612E+00  -0.284492E-16  -0.209699E-15   0.209261E-02  -0.102535E-18  -0.206598E-18   0.273789E-15  -0.328113E-02   0.278516E+00  -0.363343E-16  -0.939410E-18   0.693661E-20   0.482478E-17   0.324043E-19   0.668140E-17  -0.866103E-20   0.279976E+00  -0.289450E-16
   17.755   0.279658E+00  -0.284669E-16  -0.203372E-15   0.195240E-02  -0.861405E-18  -0.191504E-19   0.143627E-15  -0.306343E-02   0.278616E+00  -0.425034E-16  -0.633337E-18   0.803238E-19  -0.193677E-17   0.549671E-19  -0.109009E-17   0.224098E-19   0.279962E+00  -0.289621E-16
   18.367   0.279695E+00  -0.250451E-16  -0.836525E-15   0.182575E-02  -0.506723E-17   0.141472E-18   0.476566E-15  -0.286647E-02   0.278706E+00  -0.416616E-16  -0.169829E-17   0.346892E-19  -0.580199E-18   0.377404E-19   0.195249E-18  -0.322314E-19   0.279951E+00  -0.290182E-16
   18.980   0.279726E+00  -0.210756E-16  -0.396244E-15   0.171100E-02  -0.164296E-16   0.610362E-18   0.451640E-15  -0.268775E-02   0.278787E+00  -0.363978E-16   0.160601E-17  -0.116012E-18  -0.190059E-17   0.113278E-19   0.135772E-18  -0.192741E-20   0.279942E+00  -0.266568E-16
   19.592   0.279751E+00  -0.213727E-16  -0.215013E-15   0.160670E-02   0.864631E-18   0.915267E-19   0.324485E-15  -0.252510E-02   0.278860E+00  -0.342445E-16  -0.319659E-17   0.382077E-18  -0.960470E-18   0.307172E-19   0.200414E-17  -0.486487E-19   0.279934E+00  -0.239723E-16
   20.204   0.279771E+00  -0.187313E-16  -0.528610E-15   0.151163E-02   0.253771E-17  -0.599857E-19   0.506840E-15  -0.237668E-02   0.278926E+00  -0.271639E-16   0.174788E-17   0.336960E-18   0.345552E-18  -0.502228E-20   0.823463E-17   0.714519E-19   0.279928E+00  -0.222330E-16
   20.816   0.279788E+00  -0.164521E-16  -0.699069E-15   0.142474E-02   0.756108E-18   0.164935E-18   0.439642E-15  -0.224089E-02   0.278986E+00  -0.293989E-16   0.558472E-17  -0.707196E-20   0.966146E-18  -0.539754E-20   0.251171E-17   0.430972E-19   0.279923E+00  -0.221933E-16
   21.429   0.279802E+00  -0.165772E-16  -0.582775E-15   0.134511E-02  -0.358259E-17   0.170845E-19   0.395936E-15  -0.211635E-02   0.279040E+00  -0.287540E-16   0.240163E-17  -0.277573E-18  -0.220427E-17  -0.478531E-19  -0.660804E-17  -0.735695E-19   0.279919E+00  -0.216128E-16
   22.041   0.279814E+00  -0.153520E-16  -0.771849E-15   0.127196E-02  -0.641236E-17  -0.135443E-18   0.586081E-15  -0.200186E-02   0.279090E+00  -0.269380E-16   0.395903E-18  -0.187672E-19   0.259671E-17   0.789860E-20   0.237662E-17   0.145770E-19   0.279916E+00  -0.190254E-16
   22.653   0.279824E+00  -0.160881E-16  -0.825374E-15   0.120460E-02   0.179445E-17   0.613756E-19   0.703240E-15  -0.189637E-02   0.279136E+00  -0.276769E-16  -0.152705E-17  -0.626641E-20   0.500295E-18   0.169281E-19  -0.166257E-17  -0.176643E-19   0.279913E+00  -0.184747E-16
   23.265   0.279832E+00  -0.146093E-16  -0.939704E-15   0.114245E-02  -0.294094E-17   0.687718E-19   0.642746E-15  -0.179897E-02   0.279178E+00  -0.223622E-16   0.385585E-17   0.499005E-19   0.465381E-17   0.134450E-19   0.105307E-17  -0.192210E-19   0.279911E+00  -0.154583E-16
   23.878   0.279839E+00  -0.125165E-16  -0.374264E-15   0.108499E-02  -0.963248E-18   0.189871E-18   0.427920E-15  -0.170886E-02   0.279216E+00  -0.176325E-16  -0.693930E-17   0.130004E-18   0.183935E-17   0.487771E-19   0.226654E-17  -0.568274E-19   0.279909E+00  -0.151767E-16
   24.490   0.279846E+00  -0.124499E-16  -0.442231E-15   0.103175E-02   0.335566E-17   0.120582E-18   0.437923E-15  -0.162533E-02   0.279252E+00  -0.159466E-16   0.246927E-17  -0.289689E-19  -0.209565E-17   0.549107E-20  -0.534755E-17  -0.226700E-19   0.279907E+00  -0.142765E-16
   25.102   0.279851E+00  -0.114511E-16  -0.730814E-15   0.982329E-03  -0.578195E-17   0.146740E-18   0.567009E-15  -0.154777E-02   0.279285E+00  -0.213091E-16  -0.225619E-17  -0.161294E-18  -0.558304E-17   0.198108E-20   0.115642E-16   0.197748E-20   0.279906E+00  -0.149462E-16
   25.714   0.279855E+00  -0.111395E-16  -0.369795E-15   0.936381E-03   0.106418E-17  -0.426163E-19   0.452078E-15  -0.147562E-02   0.279315E+00  -0.181090E-16   0.264793E-17  -0.106872E-18  -0.177396E-17   0.680084E-20  -0.305177E-17   0.623682E-19   0.279905E+00  -0.146891E-16
   26.327   0.279859E+00  -0.115824E-16  -0.400106E-15   0.893591E-03  -0.935031E-18   0.114728E-18   0.322739E-15  -0.140840E-02   0.279343E+00  -0.245035E-16   0.181150E-17  -0.896478E-19   0.170337E-17   0.300387E-19   0.416649E-17  -0.316070E-19   0.279904E+00  -0.136595E-16
   26.939   0.279863E+00  -0.115907E-16  -0.116299E-15   0.853682E-03  -0.223508E-18   0.189344E-18   0.215124E-15  -0.134569E-02   0.279369E+00  -0.207680E-16   0.379679E-17  -0.103934E-18  -0.142412E-17  -0.884426E-20  -0.958523E-17  -0.153316E-19   0.279903E+00  -0.129389E-16
   27.551   0.279866E+00  -0.125416E-16  -0.214159E-15   0.816410E-03  -0.234789E-17   0.187406E-18   0.200080E-15  -0.128710E-02   0.279394E+00  -0.185570E-16   0.306097E-17   0.143662E-19   0.113705E-17  -0.186988E-19  -0.420652E-18  -0.617556E-20   0.279902E+00  -0.132799E-16
   28.163   0.279869E+00  -0.114501E-16  -0.330091E-15   0.781559E-03   0.621489E-19   0.724227E-19   0.193565E-15  -0.123231E-02   0.279416E+00  -0.127889E-16  -0.603445E-18   0.115862E-18   0.210462E-18  -0.275647E-19  -0.325292E-17   0.184172E-19   0.279901E+00  -0.119982E-16
   28.776   0.279871E+00  -0.110354E-16  -0.852827E-16   0.748933E-03   0.122251E-18  -0.237591E-19   0.875632E-16  -0.118102E-02   0.279437E+00  -0.116893E-16   0.504448E-17  -0.236747E-18   0.293097E-19  -0.752925E-20  -0.113345E-16   0.699179E-20   0.279901E+00  -0.125719E-16
   29.388   0.279873E+00  -0.112191E-16   0.118638E-15   0.718348E-03  -0.240770E-17   0.197007E-18  -0.776149E-16  -0.113296E-02   0.279457E+00  -0.174641E-16   0.264189E-16  -0.179069E-18  -0.957128E-17  -0.342949E-20  -0.349122E-17  -0.457190E-19   0.279901E+00  -0.124652E-16
   30.000   0.279875E+00  -0.115536E-16   0.136574E-15   0.689556E-03  -0.625789E-18   0.506704E-18  -0.213211E-15  -0.108786E-02   0.279476E+00  -0.146357E-16   0.342890E-16  -0.160299E-18  -0.527245E-17   0.199760E-19  -0.473235E-18  -0.193531E-19   0.279901E+00  -0.126113E-16
