    0.000  -0.611294E-16   0.280717E-18  -0.151726E-15  -0.289610E-14  -0.793825E-01  -0.593715E-14   0.258751E-17  -0.117658E-15   0.137220E-16  -0.350882E-16   0.528476E-14  -0.794029E-01   0.310159E+00   0.337664E-15  -0.212105E-14   0.310161E+00   0.127545E-15   0.511061E-16
    0.168   0.227353E-02  -0.523122E-16  -0.876772E-14  -0.990219E-03  -0.796041E-01  -0.551503E-14   0.579107E-15   0.100558E-02   0.164150E-02  -0.100278E-15   0.564937E-14  -0.792472E-01   0.310157E+00  -0.119219E-13   0.340533E-14   0.310072E+00   0.284700E-02  -0.665762E-14
    0.336   0.464130E-02   0.964742E-15   0.322008E-13  -0.195199E-02  -0.802827E-01  -0.553277E-14   0.614273E-14   0.206792E-02   0.303871E-02  -0.612492E-15   0.547405E-14  -0.787655E-01   0.310154E+00   0.256094E-15   0.273540E-14   0.309807E+00   0.573726E-02  -0.131357E-13
    0.504   0.709027E-02  -0.995556E-16  -0.659569E-13  -0.290707E-02  -0.814213E-01  -0.524997E-14   0.736285E-14   0.315838E-02   0.430767E-02   0.264656E-14   0.476381E-14  -0.779566E-01   0.310144E+00  -0.454704E-14  -0.191247E-14   0.309364E+00   0.870298E-02  -0.196476E-13
    0.672   0.962022E-02   0.182451E-15   0.149873E-13  -0.385157E-02  -0.830230E-01  -0.517836E-14   0.516247E-14   0.426248E-02   0.550444E-02   0.443060E-15   0.305067E-14  -0.768212E-01   0.310127E+00  -0.491000E-15   0.151358E-14   0.308737E+00   0.117722E-01  -0.261100E-13
    0.841   0.122383E-01   0.101187E-14  -0.521524E-14  -0.478421E-02  -0.850919E-01  -0.513193E-14   0.124195E-13   0.537307E-02   0.666344E-02   0.544430E-15   0.478993E-16  -0.753601E-01   0.310095E+00  -0.193313E-14   0.379171E-14   0.307916E+00   0.149715E-01  -0.325722E-13
    1.010   0.149542E-01   0.848874E-15  -0.296333E-13  -0.570575E-02  -0.876327E-01  -0.522419E-14   0.124613E-13   0.648563E-02   0.781312E-02   0.732475E-15  -0.456338E-14  -0.735752E-01   0.310043E+00  -0.488610E-14   0.109935E-13   0.306888E+00   0.183267E-01  -0.389218E-13
    1.180   0.177779E-01   0.179627E-14   0.636632E-15  -0.661520E-02  -0.906495E-01  -0.543549E-14   0.155426E-13   0.759784E-02   0.897993E-02   0.919390E-15  -0.103361E-13  -0.714707E-01   0.309961E+00  -0.600770E-14   0.247076E-13   0.305633E+00   0.218624E-01  -0.449921E-13
    1.351   0.207201E-01   0.172477E-14  -0.266892E-14  -0.751794E-02  -0.941452E-01  -0.581844E-14   0.192970E-13   0.870854E-02   0.101902E-01   0.199716E-14  -0.167908E-13  -0.690532E-01   0.309839E+00  -0.104193E-13   0.391496E-13   0.304129E+00   0.256020E-01  -0.507027E-13
    1.522   0.237914E-01   0.244170E-14  -0.179102E-13  -0.841394E-02  -0.981199E-01  -0.630203E-14   0.224174E-13   0.981742E-02   0.114714E-01   0.356936E-14  -0.230568E-13  -0.663339E-01   0.309666E+00  -0.161611E-13   0.459579E-13   0.302350E+00   0.295669E-01  -0.556952E-13
    1.694   0.270023E-01   0.233336E-14   0.273662E-13  -0.929909E-02  -0.102570E+00  -0.712079E-14   0.266122E-13   0.109251E-01   0.128535E-01   0.544481E-14  -0.290259E-13  -0.633293E-01   0.309428E+00  -0.195324E-13   0.487372E-13   0.300262E+00   0.337751E-01  -0.599052E-13
    1.867   0.303635E-01   0.274449E-14  -0.583500E-13  -0.101776E-01  -0.107485E+00  -0.794212E-14   0.302753E-13   0.120329E-01   0.143702E-01   0.764312E-14  -0.344781E-13  -0.600617E-01   0.309113E+00  -0.244908E-13   0.489791E-13   0.297829E+00   0.382406E-01  -0.631370E-13
    2.042   0.338848E-01   0.287206E-14  -0.212271E-13  -0.110701E-01  -0.112852E+00  -0.926511E-14   0.329780E-13   0.131421E-01   0.160600E-01   0.919808E-14  -0.395483E-13  -0.565605E-01   0.308703E+00  -0.218965E-13   0.456996E-13   0.295009E+00   0.429720E-01  -0.653660E-13
    2.217   0.375761E-01   0.316907E-14  -0.281502E-13  -0.119588E-01  -0.118646E+00  -0.109793E-13   0.363587E-13   0.142542E-01   0.179677E-01   0.108698E-13  -0.445744E-13  -0.528615E-01   0.308186E+00  -0.273346E-13   0.369515E-13   0.291755E+00   0.479713E-01  -0.666487E-13
    2.394   0.414462E-01   0.384630E-14  -0.699625E-13  -0.128625E-01  -0.124836E+00  -0.134433E-13   0.397523E-13   0.153715E-01   0.201467E-01   0.124527E-13  -0.499169E-13  -0.490064E-01   0.307546E+00  -0.193957E-13   0.308007E-13   0.288014E+00   0.532329E-01  -0.673297E-13
    2.572   0.455036E-01   0.408390E-14  -0.391955E-13  -0.137806E-01  -0.131385E+00  -0.166740E-13   0.400550E-13   0.164952E-01   0.226605E-01   0.139272E-13  -0.552484E-13  -0.450409E-01   0.306764E+00  -0.266049E-13   0.279816E-13   0.283728E+00   0.587437E-01  -0.673935E-13
    2.752   0.497552E-01   0.565037E-14   0.103267E-12  -0.146956E-01  -0.138245E+00  -0.207475E-13   0.457677E-13   0.176269E-01   0.255858E-01   0.158917E-13  -0.605292E-13  -0.410121E-01   0.305826E+00  -0.128122E-13   0.287516E-13   0.278834E+00   0.644829E-01  -0.669667E-13
    2.933   0.542070E-01   0.592530E-14  -0.154410E-12  -0.156351E-01  -0.145364E+00  -0.254273E-13   0.469910E-13   0.187660E-01   0.290154E-01   0.186264E-13  -0.655266E-13  -0.369658E-01   0.304716E+00  -0.226101E-13   0.311327E-13   0.273257E+00   0.704235E-01  -0.662382E-13
    3.116   0.588630E-01   0.806606E-14  -0.610803E-14  -0.165708E-01  -0.152686E+00  -0.306007E-13   0.481352E-13   0.199101E-01   0.330624E-01   0.212688E-13  -0.698215E-13  -0.329434E-01   0.303419E+00  -0.105450E-13   0.405608E-13   0.266914E+00   0.765333E-01  -0.650276E-13
    3.301   0.637247E-01   0.890861E-14  -0.529454E-13  -0.175180E-01  -0.160146E+00  -0.359393E-13   0.483030E-13   0.210531E-01   0.378633E-01   0.252209E-13  -0.732484E-13  -0.289808E-01   0.301916E+00  -0.171744E-13   0.496341E-13   0.259709E+00   0.827761E-01  -0.636841E-13
    3.489   0.687911E-01   0.108803E-13   0.158271E-12  -0.184534E-01  -0.167677E+00  -0.411172E-13   0.516882E-13   0.221834E-01   0.435826E-01   0.291833E-13  -0.755054E-13  -0.251074E-01   0.300191E+00  -0.146239E-13   0.621484E-13   0.251529E+00   0.891129E-01  -0.618175E-13
    3.678   0.740567E-01   0.124811E-13  -0.168420E-13  -0.193361E-01  -0.175203E+00  -0.459679E-13   0.546166E-13   0.232818E-01   0.504151E-01   0.340112E-13  -0.765820E-13  -0.213475E-01   0.298225E+00  -0.153297E-13   0.737703E-13   0.242242E+00   0.955024E-01  -0.593469E-13
    3.870   0.795112E-01   0.138428E-13  -0.206624E-12  -0.201599E-01  -0.182635E+00  -0.499189E-13   0.546375E-13   0.243191E-01   0.585839E-01   0.379136E-13  -0.761328E-13  -0.177229E-01   0.295998E+00  -0.158151E-13   0.854150E-13   0.231695E+00   0.101900E+00  -0.558866E-13
    4.064   0.851382E-01   0.153930E-13  -0.177501E-12  -0.208776E-01  -0.189872E+00  -0.530226E-13   0.511358E-13   0.252521E-01   0.683300E-01   0.411138E-13  -0.741644E-13  -0.142576E-01   0.293489E+00  -0.157278E-13   0.955261E-13   0.219726E+00   0.108259E+00  -0.514399E-13
    4.261   0.909139E-01   0.161602E-13  -0.660347E-13  -0.214388E-01  -0.196792E+00  -0.548671E-13   0.501328E-13   0.260222E-01   0.798842E-01   0.430833E-13  -0.708483E-13  -0.109830E-01   0.290673E+00  -0.157093E-13   0.100683E-12   0.206177E+00   0.114528E+00  -0.463283E-13
    4.460   0.968064E-01   0.172154E-13   0.264519E-12  -0.217600E-01  -0.203252E+00  -0.554369E-13   0.521216E-13   0.265541E-01   0.934093E-01   0.453023E-13  -0.665038E-13  -0.794331E-02   0.287528E+00  -0.146574E-13   0.102142E-12   0.190947E+00   0.120650E+00  -0.409080E-13
    4.663   0.102776E+00   0.173149E-13  -0.123720E-12  -0.217961E-01  -0.209088E+00  -0.546290E-13   0.533979E-13   0.267580E-01   0.108909E+00   0.473169E-13  -0.613405E-13  -0.519814E-02   0.284033E+00  -0.172856E-13   0.105012E-12   0.174065E+00   0.126567E+00  -0.353024E-13
    4.869   0.108777E+00   0.174150E-13   0.306721E-12  -0.214507E-01  -0.214129E+00  -0.524448E-13   0.513895E-13   0.265424E-01   0.126116E+00   0.486313E-13  -0.554425E-13  -0.281758E-02   0.280175E+00  -0.163316E-13   0.105148E-12   0.155792E+00   0.132223E+00  -0.299551E-13
    5.079   0.114762E+00   0.169501E-13   0.925719E-14  -0.207143E-01  -0.218226E+00  -0.489065E-13   0.547954E-13   0.258325E-01   0.144429E+00   0.492207E-13  -0.488556E-13  -0.867702E-03   0.275952E+00  -0.165603E-13   0.102068E-12   0.136686E+00   0.137578E+00  -0.253248E-13
    5.291   0.120687E+00   0.160455E-13  -0.146011E-12  -0.195777E-01  -0.221286E+00  -0.442162E-13   0.515272E-13   0.245936E-01   0.162980E+00   0.484630E-13  -0.417887E-13   0.610354E-03   0.271381E+00  -0.169677E-13   0.102482E-12   0.117537E+00   0.142618E+00  -0.215905E-13
    5.508   0.126518E+00   0.148762E-13  -0.590473E-13  -0.180499E-01  -0.223287E+00  -0.386229E-13   0.462465E-13   0.228487E-01   0.180843E+00   0.458046E-13  -0.346579E-13   0.161629E-02   0.266500E+00  -0.166746E-13   0.106572E-12   0.991853E-01   0.147363E+00  -0.191960E-13
    5.729   0.132231E+00   0.133802E-13   0.829890E-14  -0.162329E-01  -0.224288E+00  -0.323279E-13   0.444720E-13   0.206762E-01   0.197268E+00   0.409795E-13  -0.275666E-13   0.219189E-02   0.261365E+00  -0.187613E-13   0.112173E-12   0.823067E-01   0.151860E+00  -0.177497E-13
    5.954   0.137812E+00   0.116298E-13   0.243248E-12  -0.142128E-01  -0.224398E+00  -0.255705E-13   0.423324E-13   0.181910E-01   0.211805E+00   0.343555E-13  -0.208462E-13   0.240829E-02   0.256046E+00  -0.184545E-13   0.114154E-12   0.672999E-01   0.156167E+00  -0.173808E-13
    6.184   0.143257E+00   0.975896E-14  -0.610657E-13  -0.120841E-01  -0.223750E+00  -0.185131E-13   0.389290E-13   0.155228E-01   0.224300E+00   0.268212E-13  -0.139025E-13   0.234805E-02   0.250612E+00  -0.205511E-13   0.115356E-12   0.542970E-01   0.160342E+00  -0.178079E-13
    6.418   0.148564E+00   0.756616E-14   0.652427E-13  -0.994481E-02  -0.222477E+00  -0.113103E-13   0.352611E-13   0.127937E-01   0.234810E+00   0.183822E-13  -0.563958E-14   0.209089E-02   0.245130E+00  -0.215020E-13   0.107235E-12   0.432388E-01   0.164430E+00  -0.189549E-13
    6.658   0.153735E+00   0.536705E-14  -0.136645E-12  -0.786020E-02  -0.220699E+00  -0.411185E-14   0.314260E-13   0.101060E-01   0.243516E+00   0.926850E-14   0.405048E-14   0.170577E-02   0.239654E+00  -0.224649E-13   0.935513E-13   0.339583E-01   0.168463E+00  -0.207801E-13
    6.903   0.158774E+00   0.242220E-14  -0.180617E-14  -0.588709E-02  -0.218513E+00   0.280091E-14   0.243758E-13   0.754003E-02   0.250648E+00  -0.490702E-16   0.149112E-13   0.124819E-02   0.234225E+00  -0.235397E-13   0.767806E-13   0.262443E-01   0.172460E+00  -0.230249E-13
    7.153   0.163685E+00  -0.212287E-15  -0.388509E-12  -0.406124E-02  -0.216001E+00   0.895498E-14   0.196410E-13   0.515309E-02   0.256447E+00  -0.892974E-14   0.255900E-13   0.760470E-03   0.228873E+00  -0.247679E-13   0.640015E-13   0.198792E-01   0.176429E+00  -0.256157E-13
    7.410   0.168472E+00  -0.335819E-14  -0.266230E-12  -0.240716E-02  -0.213224E+00   0.142041E-13   0.922844E-14   0.298170E-02   0.261138E+00  -0.168047E-13   0.353123E-13   0.273626E-03   0.223616E+00  -0.254905E-13   0.581984E-13   0.146594E-01   0.180373E+00  -0.282607E-13
    7.674   0.173138E+00  -0.624998E-14  -0.773812E-14  -0.942121E-03  -0.210229E+00   0.185052E-13   0.296610E-14   0.104574E-02   0.264920E+00  -0.238482E-13   0.439670E-13  -0.190454E-03   0.218465E+00  -0.263478E-13   0.516917E-13   0.104030E-01   0.184286E+00  -0.308323E-13
    7.944   0.177689E+00  -0.930572E-14  -0.288025E-12   0.338737E-03  -0.207053E+00   0.217739E-13  -0.502981E-14  -0.646085E-03   0.267963E+00  -0.294402E-13   0.508690E-13  -0.617118E-03   0.213422E+00  -0.267212E-13   0.416931E-13   0.695389E-02   0.188166E+00  -0.329359E-13
    8.221   0.182129E+00  -0.118927E-13  -0.116284E-12   0.143255E-02  -0.203723E+00   0.238527E-13  -0.148386E-13  -0.209697E-02   0.270410E+00  -0.332817E-13   0.563984E-13  -0.997167E-03   0.208488E+00  -0.267935E-13   0.321083E-13   0.417850E-02   0.192004E+00  -0.344153E-13
    8.506   0.186460E+00  -0.141565E-13   0.405691E-12   0.234415E-02  -0.200261E+00   0.250352E-13  -0.196676E-13  -0.331571E-02   0.272375E+00  -0.352066E-13   0.607453E-13  -0.132553E-02   0.203658E+00  -0.267335E-13   0.242097E-13   0.196479E-02   0.195793E+00  -0.352351E-13
    8.800   0.190688E+00  -0.158662E-13  -0.867270E-13   0.308908E-02  -0.196683E+00   0.253908E-13  -0.213453E-13  -0.431565E-02   0.273955E+00  -0.357239E-13   0.641791E-13  -0.160026E-02   0.198924E+00  -0.260385E-13   0.222709E-13   0.218917E-03   0.199527E+00  -0.354807E-13
    9.102   0.194814E+00  -0.169989E-13   0.138588E-12   0.368299E-02  -0.193003E+00   0.247379E-13  -0.319547E-13  -0.511376E-02   0.275223E+00  -0.351225E-13   0.666866E-13  -0.182170E-02   0.194279E+00  -0.250667E-13   0.248570E-13  -0.113813E-02   0.203197E+00  -0.349228E-13
    9.414   0.198841E+00  -0.175578E-13   0.418333E-12   0.413505E-02  -0.189232E+00   0.229824E-13  -0.363092E-13  -0.572830E-02   0.276242E+00  -0.331431E-13   0.689081E-13  -0.199187E-02   0.189714E+00  -0.238088E-13   0.263188E-13  -0.217241E-02   0.206799E+00  -0.332882E-13
    9.735   0.202772E+00  -0.176306E-13  -0.286109E-12   0.446355E-02  -0.185377E+00   0.204420E-13  -0.404356E-13  -0.617827E-02   0.277059E+00  -0.297197E-13   0.699954E-13  -0.211403E-02   0.185219E+00  -0.221554E-13   0.272668E-13  -0.293955E-02   0.210326E+00  -0.307421E-13
   10.068   0.206607E+00  -0.171420E-13  -0.208291E-12   0.467936E-02  -0.181447E+00   0.175400E-13  -0.501702E-13  -0.648319E-02   0.277714E+00  -0.254803E-13   0.669198E-13  -0.219213E-02   0.180785E+00  -0.203914E-13   0.355306E-13  -0.348673E-02   0.213775E+00  -0.277548E-13
   10.412   0.210347E+00  -0.163177E-13   0.637464E-13   0.480350E-02  -0.177447E+00   0.143786E-13  -0.536099E-13  -0.666102E-02   0.278236E+00  -0.207330E-13   0.612834E-13  -0.223039E-02   0.176401E+00  -0.184941E-13   0.552952E-13  -0.385326E-02   0.217139E+00  -0.243412E-13
   10.768   0.213992E+00  -0.150967E-13  -0.438693E-12   0.484323E-02  -0.173387E+00   0.108585E-13  -0.559162E-13  -0.673043E-02   0.278650E+00  -0.155798E-13   0.585182E-13  -0.223340E-02   0.172061E+00  -0.164555E-13   0.787972E-13  -0.407282E-02   0.220417E+00  -0.203363E-13
   11.137   0.217543E+00  -0.135045E-13   0.407705E-12   0.481558E-02  -0.169271E+00   0.724960E-14  -0.562055E-13  -0.670748E-02   0.278976E+00  -0.999670E-14   0.592097E-13  -0.220604E-02   0.167754E+00  -0.144391E-13   0.951642E-13  -0.417353E-02   0.223604E+00  -0.157148E-13
   11.520   0.220998E+00  -0.116735E-13  -0.428690E-12   0.473032E-02  -0.165102E+00   0.390979E-14  -0.485408E-13  -0.660817E-02   0.279229E+00  -0.410382E-14   0.604943E-13  -0.215313E-02   0.163473E+00  -0.123544E-13   0.913104E-13  -0.417960E-02   0.226701E+00  -0.108293E-13
   11.918   0.224357E+00  -0.951776E-14   0.763337E-12   0.460016E-02  -0.160888E+00   0.121532E-14  -0.405013E-13  -0.644653E-02   0.279423E+00   0.104854E-14   0.604732E-13  -0.207931E-02   0.159211E+00  -0.100742E-13   0.742234E-13  -0.411138E-02   0.229704E+00  -0.632494E-14
   12.333   0.227618E+00  -0.733412E-14  -0.255938E-13   0.443514E-02  -0.156635E+00  -0.684576E-15  -0.187858E-13  -0.623538E-02   0.279567E+00   0.420730E-14   0.648365E-13  -0.198887E-02   0.154963E+00  -0.792172E-14   0.458978E-13  -0.398603E-02   0.232610E+00  -0.273265E-14
   12.765   0.230780E+00  -0.523157E-14   0.499946E-12   0.423910E-02  -0.152348E+00  -0.201668E-14  -0.211077E-16  -0.598644E-02   0.279670E+00   0.551762E-14   0.743346E-13  -0.188568E-02   0.150721E+00  -0.580671E-14   0.765936E-14  -0.381809E-02   0.235420E+00   0.239187E-15
   13.216   0.233841E+00  -0.323024E-14  -0.449631E-13   0.402849E-02  -0.148031E+00  -0.282639E-14   0.307553E-13  -0.570946E-02   0.279740E+00   0.596104E-14   0.718777E-13  -0.177348E-02   0.146483E+00  -0.404702E-14  -0.311927E-13  -0.361958E-02   0.238136E+00   0.275013E-14
   13.687   0.236801E+00  -0.149535E-14   0.194368E-12   0.380074E-02  -0.143688E+00  -0.284778E-14   0.634023E-13  -0.541377E-02   0.279784E+00   0.535035E-14   0.508041E-13  -0.165563E-02   0.142242E+00  -0.244789E-14  -0.584413E-13  -0.340076E-02   0.240753E+00   0.416314E-14
   14.181   0.239657E+00  -0.950443E-16  -0.343286E-12   0.356990E-02  -0.139326E+00  -0.245942E-14   0.104113E-12  -0.510642E-02   0.279807E+00   0.375090E-14   0.236316E-13  -0.153495E-02   0.137997E+00  -0.125940E-14  -0.737233E-13  -0.316974E-02   0.243271E+00   0.468122E-14
   14.698   0.242408E+00   0.102656E-14  -0.455766E-12   0.333524E-02  -0.134946E+00  -0.230551E-14   0.139833E-12  -0.479425E-02   0.279812E+00   0.244675E-14  -0.877315E-14  -0.141383E-02   0.133745E+00  -0.402890E-15  -0.752239E-13  -0.293336E-02   0.245695E+00   0.525320E-14
   15.242   0.245052E+00   0.162960E-14  -0.423328E-12   0.310324E-02  -0.130549E+00  -0.177986E-14   0.169570E-12  -0.448220E-02   0.279807E+00   0.156299E-14  -0.471912E-13  -0.129434E-02   0.129485E+00  -0.120808E-16  -0.730673E-13  -0.269691E-02   0.248025E+00   0.507111E-14
   15.815   0.247589E+00   0.146998E-14  -0.636655E-12   0.287811E-02  -0.126146E+00  -0.396254E-15   0.186827E-12  -0.417476E-02   0.279792E+00  -0.126275E-14  -0.825984E-13  -0.117822E-02   0.125214E+00   0.342583E-17  -0.747470E-13  -0.246474E-02   0.250259E+00   0.319282E-14
   16.418   0.250018E+00   0.549727E-15   0.201397E-12   0.265866E-02  -0.121737E+00   0.682594E-15   0.189918E-12  -0.387509E-02   0.279769E+00  -0.519930E-14  -0.105658E-12  -0.106668E-02   0.120934E+00  -0.334636E-15  -0.551345E-13  -0.223997E-02   0.252401E+00   0.116476E-14
   17.056   0.252340E+00  -0.828285E-15  -0.431533E-12   0.244526E-02  -0.117316E+00   0.140405E-14   0.182971E-12  -0.358587E-02   0.279744E+00  -0.814652E-14  -0.101585E-12  -0.960643E-03   0.116643E+00  -0.892231E-15  -0.312078E-13  -0.202494E-02   0.254451E+00  -0.906920E-15
   17.732   0.254554E+00  -0.253210E-14  -0.571991E-12   0.224560E-02  -0.112909E+00   0.279137E-14   0.160325E-12  -0.330875E-02   0.279717E+00  -0.104246E-13  -0.843108E-13  -0.860903E-03   0.112343E+00  -0.150716E-14  -0.272365E-13  -0.182140E-02   0.256408E+00  -0.453321E-14
   18.449   0.256660E+00  -0.444711E-14  -0.393546E-12   0.205629E-02  -0.108495E+00   0.352143E-14   0.117656E-12  -0.304513E-02   0.279690E+00  -0.123955E-13  -0.569920E-13  -0.767792E-03   0.108035E+00  -0.204181E-14  -0.280535E-13  -0.163038E-02   0.258280E+00  -0.715522E-14
   19.211   0.258659E+00  -0.639264E-14  -0.202010E-12   0.187773E-02  -0.104084E+00   0.340727E-14   0.550241E-13  -0.279553E-02   0.279667E+00  -0.127562E-13   0.401912E-14  -0.681482E-03   0.103721E+00  -0.243267E-14  -0.506338E-13  -0.145230E-02   0.260061E+00  -0.801938E-14
   20.025   0.260551E+00  -0.808854E-14  -0.330690E-12   0.171172E-02  -0.996876E-01   0.407134E-14  -0.202635E-13  -0.256035E-02   0.279646E+00  -0.121577E-13   0.923113E-14  -0.601997E-03   0.994023E-01  -0.264134E-14  -0.442382E-13  -0.128748E-02   0.261754E+00  -0.101292E-13
   20.895   0.262338E+00  -0.890721E-14   0.246535E-12   0.155636E-02  -0.952811E-01   0.340780E-14  -0.781914E-13  -0.233945E-02   0.279631E+00  -0.983799E-14   0.269435E-13  -0.529264E-03   0.950812E-01  -0.276355E-14  -0.810498E-14  -0.113585E-02   0.263369E+00  -0.961020E-14
   21.828   0.264021E+00  -0.932076E-14   0.261223E-12   0.141214E-02  -0.909087E-01   0.249723E-14  -0.122597E-12  -0.213259E-02   0.279622E+00  -0.686760E-14   0.496176E-13  -0.463096E-03   0.907626E-01  -0.293853E-14   0.752117E-14  -0.997084E-03   0.264890E+00  -0.851809E-14
   22.833   0.265602E+00  -0.103475E-13  -0.204642E-13   0.127958E-02  -0.865355E-01   0.279488E-14  -0.160773E-12  -0.193925E-02   0.279611E+00  -0.589083E-14   0.490386E-13  -0.402971E-03   0.864512E-01  -0.307697E-14  -0.454423E-14  -0.870622E-03   0.266338E+00  -0.937181E-14
   23.917   0.267083E+00  -0.111306E-13   0.125614E-12   0.115538E-02  -0.821942E-01   0.279300E-14  -0.146957E-12  -0.175881E-02   0.279608E+00  -0.693149E-14   0.629332E-13  -0.348962E-03   0.821547E-01  -0.295188E-14  -0.336561E-13  -0.756096E-03   0.267695E+00  -0.100744E-13
   25.092   0.268464E+00  -0.105872E-13   0.625621E-12   0.104034E-02  -0.778799E-01   0.287355E-14  -0.663658E-13  -0.159063E-02   0.279609E+00  -0.871894E-14   0.136004E-14  -0.300430E-03   0.778782E-01  -0.261762E-14  -0.268903E-13  -0.652708E-03   0.268970E+00  -0.106862E-13
   26.371   0.269748E+00  -0.911648E-14   0.143243E-12   0.934313E-03  -0.736019E-01   0.271591E-14   0.499218E-13  -0.143402E-02   0.279610E+00  -0.842454E-14  -0.449067E-13  -0.256924E-03   0.736301E-01  -0.219000E-14  -0.110389E-13  -0.559889E-03   0.270164E+00  -0.954657E-14
   27.767   0.270936E+00  -0.645190E-14  -0.537544E-12   0.837252E-03  -0.693771E-01   0.165910E-14   0.176856E-12  -0.128830E-02   0.279618E+00  -0.659194E-14  -0.549175E-13  -0.218462E-03   0.694258E-01  -0.150349E-14  -0.125551E-13  -0.477065E-03   0.271266E+00  -0.574913E-14
   29.301   0.272028E+00  -0.327675E-14  -0.532049E-12   0.746825E-03  -0.652068E-01   0.776378E-15   0.237461E-12  -0.115293E-02   0.279625E+00  -0.422470E-14   0.183727E-13  -0.184326E-03   0.652761E-01  -0.618495E-15  -0.716744E-13  -0.403401E-03   0.272299E+00  -0.227983E-14
   30.993   0.273024E+00  -0.190705E-14  -0.764903E-12   0.663009E-03  -0.611231E-01   0.348994E-15   0.214622E-12  -0.102725E-02   0.279641E+00  -0.271700E-14   0.170423E-13  -0.154354E-03   0.611950E-01  -0.311189E-15  -0.504126E-13  -0.338470E-03   0.273232E+00  -0.993385E-15
   32.871   0.273926E+00  -0.305487E-14  -0.252737E-12   0.586258E-03  -0.571295E-01   0.897817E-15   0.147044E-12  -0.910567E-03   0.279657E+00  -0.548394E-14  -0.611986E-13  -0.128231E-03   0.572101E-01  -0.692175E-15   0.327601E-13  -0.281585E-03   0.274087E+00  -0.376877E-14
   34.968   0.274739E+00  -0.536889E-14   0.265676E-12   0.515889E-03  -0.532543E-01   0.138295E-14   0.370543E-13  -0.802699E-03   0.279674E+00  -0.880979E-14  -0.202802E-13  -0.105563E-03   0.533397E-01  -0.102461E-14  -0.634354E-14  -0.232070E-03   0.274860E+00  -0.698195E-14
   37.326   0.275454E+00  -0.494723E-14   0.240566E-12   0.450467E-03  -0.495318E-01   0.983258E-15  -0.195536E-12  -0.703236E-03   0.279691E+00  -0.628513E-14   0.430694E-13  -0.862944E-04   0.496241E-01  -0.822212E-15  -0.104993E-13  -0.189691E-03   0.275549E+00  -0.585131E-14
   40.000   0.276069E+00  -0.550205E-14   0.109657E-11   0.391076E-03  -0.460488E-01   0.623861E-15  -0.480618E-12  -0.611328E-03   0.279715E+00  -0.330992E-14   0.413281E-13  -0.716155E-04   0.461337E-01  -0.790889E-15   0.963959E-13  -0.156225E-03   0.276144E+00  -0.464198E-14
