    0.000 -.190288674E-15 0.143260420E-16 -.354672628E-14 -.119617748E-14 -.785070448E-01 -.154494175E-11 0.728222986E-17 0.264043814E-15 -.422037454E-16 -.179723264E-15 0.154554416E-11 -.785274063E-01 0.310537886E+00 0.514072601E-11 -.516589774E-11 0.310536762E+00 0.458433449E-15 0.274788846E-15
    0.144 0.182293361E-02 0.491151000E-13 0.177914499E-12 -.802988513E-03 -.786680631E-01 -.154472741E-11 -.305109455E-13 0.807351059E-03 0.135346676E-02 0.718509274E-13 0.154941027E-11 -.784152593E-01 0.310538158E+00 0.551693702E-11 -.577301383E-11 0.310474044E+00 0.232441250E-02 0.576249319E-13
    0.289 0.371810608E-02 0.330530321E-13 -.151794509E-12 -.160655525E-02 -.791557529E-01 -.155160795E-11 -.321695321E-13 0.167785018E-02 0.251766736E-02 0.226093906E-12 0.153467522E-11 -.780737043E-01 0.310539572E+00 0.616364780E-11 -.635044984E-11 0.310287230E+00 0.467547939E-02 0.107511360E-12
    0.433 0.567123645E-02 0.601759248E-13 0.729245189E-13 -.239154666E-02 -.799741603E-01 -.156959796E-11 -.100806054E-12 0.256367555E-02 0.357493360E-02 0.158939981E-12 0.150051103E-11 -.774996772E-01 0.310541228E+00 0.649837074E-11 -.586024938E-11 0.309976142E+00 0.707220932E-02 0.147806676E-12
    0.578 0.768030792E-02 0.129973448E-12 0.844557491E-12 -.316747607E-02 -.811247818E-01 -.159356388E-11 -.680259702E-13 0.346038845E-02 0.456714460E-02 0.228810655E-13 0.152328656E-11 -.766936281E-01 0.310541378E+00 0.644208102E-11 -.568811958E-11 0.309538081E+00 0.953131938E-02 0.202795096E-12
    0.723 0.974827198E-02 0.203581320E-12 -.115389525E-11 -.393548059E-02 -.826099495E-01 -.162348295E-11 -.105244463E-12 0.436345047E-02 0.551905928E-02 0.727150170E-13 0.154326648E-11 -.756560481E-01 0.310537343E+00 0.629505607E-11 -.643422739E-11 0.308968271E+00 0.120686443E-01 0.267476291E-12
    0.868 0.118800501E-01 0.259701589E-12 -.187454464E-13 -.469559663E-02 -.844325624E-01 -.166879120E-11 -.218240706E-12 0.526975885E-02 0.644957443E-02 0.114654688E-12 0.147386148E-11 -.743877408E-01 0.310525577E+00 0.616189496E-11 -.669362580E-11 0.308259880E+00 0.146995106E-01 0.317477238E-12
    1.014 0.140812531E-01 0.314477836E-12 0.246007447E-11 -.544802440E-02 -.865957355E-01 -.171829223E-11 -.877042126E-13 0.617734874E-02 0.737521671E-02 0.117279651E-12 0.135897056E-11 -.728901975E-01 0.310501704E+00 0.596981685E-11 -.566444629E-11 0.307403987E+00 0.174388194E-01 0.351049984E-12
    1.160 0.163579488E-01 0.350086691E-12 -.496749549E-12 -.619327970E-02 -.891024049E-01 -.175528752E-11 0.145090347E-13 0.708505661E-02 0.831153102E-02 0.165644264E-12 0.143184542E-11 -.711660007E-01 0.310460542E+00 0.579145749E-11 -.549730618E-11 0.306389518E+00 0.203009983E-01 0.416596822E-12
    1.306 0.187164739E-01 0.371326724E-12 -.276127910E-11 -.693220421E-02 -.919549091E-01 -.180859085E-11 -.166402423E-12 0.799232706E-02 0.927390537E-02 0.200014047E-12 0.145287270E-11 -.692192392E-01 0.310396143E+00 0.589008888E-11 -.687660573E-11 0.305203168E+00 0.232998467E-01 0.498650721E-12
    1.453 0.211633125E-01 0.402856055E-12 0.151263271E-11 -.766596949E-02 -.951544930E-01 -.189087977E-11 -.274159625E-12 0.889908557E-02 0.102781956E-01 0.196349037E-12 0.117456878E-11 -.670559670E-01 0.310301832E+00 0.614727311E-11 -.600504211E-11 0.303829303E+00 0.264482767E-01 0.528706940E-12
    1.601 0.237049728E-01 0.450638490E-12 0.147969175E-11 -.839605725E-02 -.987007670E-01 -.193986415E-11 -.184689308E-12 0.980566793E-02 0.113412631E-01 0.203269212E-12 0.121951647E-11 -.646846619E-01 0.310170269E+00 0.629954022E-11 -.489178837E-11 0.302249875E+00 0.297579581E-01 0.591894741E-12
    1.750 0.263479043E-01 0.504094979E-12 -.153907737E-11 -.912423764E-02 -.102591123E+00 -.199965835E-11 -.214381176E-12 0.107127547E-01 0.124814976E-01 0.238513395E-12 0.135147703E-11 -.621166645E-01 0.309993512E+00 0.638961361E-11 -.631382486E-11 0.300444336E+00 0.332388836E-01 0.691073277E-12
    1.899 0.290984516E-01 0.562699703E-12 0.344209211E-12 -.985252576E-02 -.106820167E+00 -.209102158E-11 -.269403940E-12 0.116213161E-01 0.137193448E-01 0.271153776E-12 0.111740397E-11 -.593665018E-01 0.309763106E+00 0.639367458E-11 -.645548200E-11 0.298389580E+00 0.368988788E-01 0.739875875E-12
    2.049 0.319628233E-01 0.626357261E-12 0.186445171E-11 -.105831125E-01 -.111379197E+00 -.218184181E-11 -.197706953E-12 0.125325540E-01 0.150779036E-01 0.261463398E-12 0.102188476E-11 -.564520641E-01 0.309470168E+00 0.618891325E-11 -.542252449E-11 0.296059883E+00 0.407431001E-01 0.807498967E-12
    2.199 0.349470205E-01 0.692265133E-12 0.365661331E-12 -.113182823E-01 -.116255790E+00 -.228457582E-11 -.163631613E-12 0.134478498E-01 0.165835848E-01 0.315653972E-12 0.109124600E-11 -.533945414E-01 0.309105492E+00 0.590598349E-11 -.537516437E-11 0.293426851E+00 0.447735664E-01 0.892695400E-12
    2.351 0.380567594E-01 0.755717596E-12 0.372017268E-12 -.120602922E-01 -.121433539E+00 -.236729468E-11 -.211815926E-12 0.143687005E-01 0.182668943E-01 0.400704702E-12 0.105454065E-11 -.502180767E-01 0.308659641E+00 0.574736973E-11 -.617691528E-11 0.290459336E+00 0.489887822E-01 0.979343972E-12
    2.504 0.412973968E-01 0.822333644E-12 0.131203179E-12 -.128112066E-01 -.126891982E+00 -.249855605E-11 -.266347937E-12 0.152966040E-01 0.201633629E-01 0.413903699E-12 0.855633899E-12 -.469491088E-01 0.308123040E+00 0.580132248E-11 -.593406771E-11 0.287123258E+00 0.533835301E-01 0.103205258E-11
    2.658 0.446738417E-01 0.894646566E-12 -.709804250E-12 -.135726763E-01 -.132606732E+00 -.263576118E-11 -.340103484E-12 0.162328965E-01 0.223146544E-01 0.462247739E-12 0.802826282E-12 -.436154272E-01 0.307486040E+00 0.597799164E-11 -.490292607E-11 0.283381285E+00 0.579488618E-01 0.110480052E-11
    2.813 0.481904253E-01 0.968049588E-12 0.224868301E-12 -.143456620E-01 -.138549784E+00 -.271139619E-11 -.389663909E-12 0.171785207E-01 0.247698621E-01 0.560408642E-12 0.829925695E-12 -.402449991E-01 0.306738952E+00 0.620702458E-11 -.529648040E-11 0.279192327E+00 0.626723108E-01 0.120869086E-11
    2.970 0.518507547E-01 0.103944788E-11 0.658373067E-12 -.151300806E-01 -.144689926E+00 -.284589016E-11 -.368083330E-12 0.181336911E-01 0.275870377E-01 0.580475538E-12 0.725598765E-12 -.368647308E-01 0.305872037E+00 0.636379131E-11 -.605974172E-11 0.274510745E+00 0.675383083E-01 0.130365370E-11
    3.127 0.556575181E-01 0.110833488E-11 -.151890854E-11 -.159243523E-01 -.150993066E+00 -.299008486E-11 -.335585526E-12 0.190974498E-01 0.308349510E-01 0.619231544E-12 0.555123637E-12 -.334993421E-01 0.304875452E+00 0.628454245E-11 -.498669659E-11 0.269285302E+00 0.725286856E-01 0.133963226E-11
    3.287 0.596122435E-01 0.116980506E-11 -.118473610E-11 -.167248328E-01 -.157422332E+00 -.310893184E-11 -.332076004E-12 0.200670783E-01 0.345949878E-01 0.752299077E-12 0.601638099E-12 -.301705597E-01 0.303739139E+00 0.598515082E-11 -.452232057E-11 0.263457883E+00 0.776231758E-01 0.152307828E-11
    3.447 0.637149801E-01 0.122986444E-11 0.191175003E-11 -.175251251E-01 -.163937804E+00 -.320417340E-11 -.320281032E-12 0.210373326E-01 0.389630402E-01 0.800236961E-12 0.583544042E-12 -.268967996E-01 0.302452663E+00 0.569971257E-11 -.605978973E-11 0.256962055E+00 0.827998042E-01 0.165306019E-11
    3.610 0.679639282E-01 0.130143181E-11 0.101651951E-11 -.183152338E-01 -.170495754E+00 -.339988318E-11 -.335904165E-12 0.219995018E-01 0.440511664E-01 0.896526264E-12 0.281674738E-12 -.236934407E-01 0.301005005E+00 0.559380484E-11 -.467250050E-11 0.249721612E+00 0.880350733E-01 0.157223464E-11
    3.774 0.723549836E-01 0.138963082E-11 -.128965933E-13 -.190806375E-01 -.177047411E+00 -.352662161E-11 -.431680592E-12 0.229402613E-01 0.499882776E-01 0.101271822E-11 0.431091827E-12 -.205737013E-01 0.299384341E+00 0.565659907E-11 -.416871869E-11 0.241649612E+00 0.933040037E-01 0.186313680E-11
    3.939 0.768812318E-01 0.150017528E-11 0.187301997E-11 -.198013028E-01 -.183537334E+00 -.358627807E-11 -.513412565E-12 0.238403442E-01 0.569188168E-01 0.122643784E-11 0.396466695E-12 -.175501184E-01 0.297577859E+00 0.588728212E-11 -.513826980E-11 0.232648617E+00 0.985799871E-01 0.198469563E-11
    4.107 0.815324027E-01 0.162643849E-11 0.143347408E-11 -.204508180E-01 -.189901427E+00 -.376099206E-11 -.523975024E-12 0.246731123E-01 0.649973849E-01 0.130044911E-11 0.807413330E-13 -.146366005E-01 0.295571695E+00 0.608235092E-11 -.456978678E-11 0.222613942E+00 0.103834484E+00 0.186257693E-11
    4.277 0.862943396E-01 0.174775248E-11 -.922574590E-12 -.209958914E-01 -.196064827E+00 -.389800402E-11 -.501300727E-12 0.254032442E-01 0.743762061E-01 0.140598167E-11 0.212169056E-12 -.118509402E-01 0.293351108E+00 0.605736400E-11 -.367799086E-11 0.211442687E+00 0.109036629E+00 0.206179960E-11
    4.449 0.911486108E-01 0.183266665E-11 -.239308699E-11 -.213966846E-01 -.201940236E+00 -.395604513E-11 -.464803990E-12 0.259860036E-01 0.851813172E-01 0.186356631E-11 0.231437408E-12 -.921743116E-02 0.290901019E+00 0.583697500E-11 -.372966439E-11 0.199052543E+00 0.114152930E+00 0.233264450E-11
    4.623 0.960724755E-01 0.188068000E-11 -.706559953E-13 -.216086797E-01 -.207427981E+00 -.402552300E-11 -.432840256E-12 0.263678866E-01 0.974742068E-01 0.181616861E-11 0.370288125E-13 -.676870789E-02 0.288207047E+00 0.554938858E-11 -.426918707E-11 0.185413865E+00 0.119147608E+00 0.233399046E-11
    4.799 0.101039432E+00 0.192977480E-11 0.299213197E-11 -.215867423E-01 -.212419658E+00 -.421208191E-11 -.415019867E-12 0.264897789E-01 0.111200386E+00 0.215330264E-11 -.300681064E-14 -.454542861E-02 0.285257159E+00 0.532545317E-11 -.373735762E-11 0.170594561E+00 0.123984374E+00 0.227325475E-11
    4.978 0.106020602E+00 0.199914864E-11 0.424388664E-11 -.212915491E-01 -.216807144E+00 -.430033431E-11 -.419735505E-12 0.262936694E-01 0.126139232E+00 0.272976449E-11 0.280866522E-13 -.259230964E-02 0.282043885E+00 0.524329485E-11 -.131648682E-11 0.154805601E+00 0.128630362E+00 0.245925758E-11
    5.159 0.110986951E+00 0.213058863E-11 0.165859799E-12 -.206974726E-01 -.220496900E+00 -.424999952E-11 -.468533712E-12 0.257328951E-01 0.141884078E+00 0.256590150E-11 0.954550118E-13 -.950149670E-03 0.278567008E+00 0.540653391E-11 -.391071323E-11 0.138420796E+00 0.133061976E+00 0.284286312E-11
    5.343 0.115911949E+00 0.231621547E-11 -.292027005E-11 -.197994821E-01 -.223425955E+00 -.434661369E-11 -.560266904E-12 0.247835158E-01 0.157882412E+00 0.306587266E-11 -.175760851E-12 0.354109685E-03 0.274836189E+00 0.569115593E-11 -.356685100E-11 0.121942406E+00 0.137270717E+00 0.252419206E-11
    5.530 0.120773903E+00 0.244834668E-11 -.180148066E-11 -.186162546E-01 -.225573252E+00 -.451546781E-11 -.516038051E-12 0.234524353E-01 0.173536015E+00 0.380944176E-11 -.150984268E-12 0.131512901E-02 0.270872618E+00 0.564765166E-11 0.678992097E-12 0.105911356E+00 0.141266049E+00 0.251897893E-11
    5.720 0.125557169E+00 0.248736083E-11 0.276374009E-12 -.171879313E-01 -.226961143E+00 -.435538454E-11 -.317977799E-12 0.217783146E-01 0.188317554E+00 0.329052194E-11 0.140389251E-12 0.195100510E-02 0.266708705E+00 0.525388931E-11 -.285382135E-11 0.908015733E-01 0.145073306E+00 0.306494982E-11
    5.913 0.130252029E+00 0.250377916E-11 0.116263218E-11 -.155695323E-01 -.227647005E+00 -.446507514E-11 -.192416920E-12 0.198249227E-01 0.201850376E+00 0.381924930E-11 -.169829711E-12 0.229883016E-02 0.262385386E+00 0.490561938E-11 -.346606196E-11 0.769479420E-01 0.148727549E+00 0.299659126E-11
    6.110 0.134853577E+00 0.253031635E-11 0.211608028E-11 -.138226901E-01 -.227709574E+00 -.445724299E-11 -.218910310E-12 0.176701923E-01 0.213929660E+00 0.484964772E-11 -.328236469E-12 0.240678541E-02 0.257947799E+00 0.474413724E-11 0.185827201E-11 0.645283218E-01 0.152266227E+00 0.268714551E-11
    6.310 0.139360283E+00 0.262033943E-11 0.234615813E-12 -.120082768E-01 -.227235405E+00 -.440281288E-11 -.280596800E-12 0.153952114E-01 0.224498471E+00 0.379050713E-11 0.259761257E-12 0.232623999E-02 0.253440717E+00 0.481976765E-11 -.204331499E-11 0.535869336E-01 0.155723330E+00 0.306946527E-11
    6.514 0.143772720E+00 0.281516612E-11 -.134542720E-11 -.101813045E-01 -.226308810E+00 -.455020538E-11 -.308423518E-12 0.130758329E-01 0.233605479E+00 0.443510190E-11 -.222049921E-12 0.210597353E-02 0.248904906E+00 0.506146044E-11 -.299991919E-11 0.440739406E-01 0.159126150E+00 0.337310398E-11
    6.721 0.148092647E+00 0.297589141E-11 -.480505566E-13 -.838817261E-02 -.225005908E+00 -.426389720E-11 -.226321295E-12 0.107776378E-01 0.241363135E+00 0.536377447E-11 -.364105343E-12 0.178891384E-02 0.244374936E+00 0.506079705E-11 0.234185564E-11 0.358838592E-01 0.162494366E+00 0.291965956E-11
    6.933 0.152322420E+00 0.299818585E-11 0.958919600E-13 -.666577035E-02 -.223392050E+00 -.431160994E-11 -.334819159E-13 0.855379344E-02 0.247915127E+00 0.420720983E-11 0.332594928E-12 0.141087782E-02 0.239878343E+00 0.470538398E-11 -.217567515E-11 0.288848445E-01 0.165840614E+00 0.317254979E-11
    7.149 0.156464660E+00 0.297816092E-11 0.128928436E-11 -.504178840E-02 -.221521491E+00 -.452740808E-11 0.949980652E-13 0.644491717E-02 0.253414197E+00 0.497945363E-11 -.342324480E-12 0.100059970E-02 0.235435774E+00 0.438609510E-11 -.111030662E-11 0.229381806E-01 0.169171756E+00 0.355636414E-11
    7.369 0.160522094E+00 0.302434202E-11 -.145841798E-11 -.353564955E-02 -.219438251E+00 -.410704980E-11 0.113698798E-12 0.448005261E-02 0.258008651E+00 0.541121726E-11 -.388683735E-13 0.580400922E-03 0.231061672E+00 0.431355651E-11 0.155610971E-11 0.179097534E-01 0.172490294E+00 0.317362970E-11
    7.594 0.164497458E+00 0.313078987E-11 -.443114009E-12 -.215972269E-02 -.217177509E+00 -.417611424E-11 0.338615931E-14 0.267823206E-02 0.261835030E+00 0.463684441E-11 0.110861432E-12 0.167118786E-03 0.226765228E+00 0.436576268E-11 -.220167266E-11 0.136760008E-01 0.175795659E+00 0.338095752E-11
    7.824 0.168393436E+00 0.325967148E-11 0.166358821E-11 -.920589203E-03 -.214767132E+00 -.436436480E-11 -.146607068E-12 0.105022024E-02 0.265014831E+00 0.527392905E-11 -.329950060E-12 -.226929116E-03 0.222551380E+00 0.440312299E-11 0.927773216E-12 0.101263845E-01 0.179085265E+00 0.360533482E-11
    8.060 0.172212623E+00 0.340393107E-11 -.135010853E-11 0.179800233E-03 -.212229086E+00 -.398782200E-11 -.407554537E-13 -.399850488E-03 0.267653686E+00 0.526816404E-11 0.336896239E-12 -.593075905E-03 0.218421716E+00 0.442484285E-11 -.313012803E-12 0.716379940E-02 0.182355307E+00 0.343052405E-11
    8.301 0.175957493E+00 0.344529628E-11 0.108009426E-11 0.114309194E-02 -.209580683E+00 -.402569614E-11 0.322036820E-12 -.167301717E-02 0.269841919E+00 0.505054953E-11 -.436401672E-12 -.925550956E-03 0.214375251E+00 0.421472670E-11 -.102284077E-11 0.470388396E-02 0.185601346E+00 0.359311360E-11
    8.547 0.179630346E+00 0.339032950E-11 0.809098015E-13 0.197364805E-02 -.206835617E+00 -.409784662E-11 0.459960666E-12 -.277418595E-02 0.271655854E+00 0.534514834E-11 0.182664066E-12 -.122085657E-02 0.210409107E+00 0.380305601E-11 0.189798933E-11 0.267384003E-02 0.188818704E+00 0.367333523E-11
    8.800 0.183233275E+00 0.347243033E-11 -.172694635E-11 0.267780803E-02 -.204004801E+00 -.387164280E-11 0.170197896E-12 -.371106785E-02 0.273159384E+00 0.526065117E-11 0.270956819E-12 -.147726429E-02 0.206519054E+00 0.384683400E-11 -.225238647E-11 0.101108588E-02 0.192002733E+00 0.368369806E-11
    9.060 0.186768134E+00 0.359295571E-11 -.209813545E-12 0.326329969E-02 -.201097035E+00 -.384389180E-11 -.209925019E-12 -.449334356E-02 0.274405661E+00 0.524981880E-11 -.640838863E-12 -.169440761E-02 0.202699911E+00 0.409157579E-11 0.176962932E-11 -.338134364E-03 0.195148979E+00 0.371486567E-11
    9.326 0.190236515E+00 0.365449583E-11 0.491301235E-12 0.373875833E-02 -.198119532E+00 -.387319371E-11 0.314414371E-13 -.513197125E-02 0.275438674E+00 0.531044831E-11 0.760864193E-12 -.187296068E-02 0.198945887E+00 0.390564107E-11 -.898276290E-12 -.141999179E-02 0.198253288E+00 0.383627945E-11
    9.599 0.193639726E+00 0.377349455E-11 0.252500646E-13 0.411334901E-02 -.195078321E+00 -.373072413E-11 0.520307584E-12 -.563865709E-02 0.276294688E+00 0.529140258E-11 -.508352320E-12 -.201437903E-02 0.195250824E+00 0.367978275E-11 0.594699391E-13 -.227418147E-02 0.201311857E+00 0.384857606E-11
    9.881 0.196978783E+00 0.377453727E-11 -.116392833E-11 0.439646440E-02 -.191978555E+00 -.365143078E-11 0.323357095E-12 -.602544058E-02 0.277003538E+00 0.531622088E-11 0.155662690E-12 -.212069478E-02 0.191608403E+00 0.363125511E-11 0.484744957E-12 -.293489499E-02 0.204321257E+00 0.389633481E-11
   10.170 0.200254403E+00 0.376398213E-11 0.307016514E-12 0.459749415E-02 -.188824748E+00 -.367124958E-11 0.290849881E-12 -.630436993E-02 0.277589737E+00 0.530166098E-11 0.500535198E-13 -.219435249E-02 0.188012301E+00 0.358835882E-11 -.410503668E-12 -.343162945E-02 0.207278436E+00 0.398626333E-11
   10.468 0.203467012E+00 0.389090446E-11 0.107421903E-12 0.472564468E-02 -.185620944E+00 -.350982680E-11 0.711925272E-14 -.648726885E-02 0.278073424E+00 0.531991482E-11 -.698496409E-13 -.223807496E-02 0.184456303E+00 0.350449560E-11 0.340615843E-12 -.378988237E-02 0.210180713E+00 0.398268589E-11
   10.775 0.206616760E+00 0.390860370E-11 0.989357297E-12 0.478980793E-02 -.182370855E+00 -.349727302E-11 -.484505668E-12 -.658556321E-02 0.278471172E+00 0.528108915E-11 -.107390021E-12 -.225475721E-02 0.180934383E+00 0.351106896E-11 -.213875079E-12 -.403173319E-02 0.213025762E+00 0.407935630E-11
   11.092 0.209703541E+00 0.402549486E-11 -.156156222E-11 0.479845669E-02 -.179077944E+00 -.343105404E-11 0.945377050E-12 -.661014352E-02 0.278796644E+00 0.530929315E-11 0.146409174E-12 -.224737579E-02 0.177440788E+00 0.337935719E-11 0.309653900E-12 -.417631406E-02 0.215811594E+00 0.410340820E-11
   11.419 0.212727012E+00 0.411475153E-11 -.466622823E-12 0.475957649E-02 -.175745491E+00 -.332525731E-11 0.817872567E-12 -.657128126E-02 0.279061161E+00 0.527056912E-11 -.111900442E-12 -.221892014E-02 0.173970078E+00 0.321187801E-11 -.177607689E-12 -.424022600E-02 0.218536539E+00 0.414523121E-11
   11.757 0.215686628E+00 0.395715790E-11 0.132888463E-11 0.468061289E-02 -.172376638E+00 -.327569179E-11 -.929643147E-12 -.647856191E-02 0.279274147E+00 0.529374652E-11 0.121480515E-13 -.217233219E-02 0.170517177E+00 0.327268988E-11 0.185721642E-12 -.423786458E-02 0.221199224E+00 0.420288417E-11
   12.107 0.218581672E+00 0.412574401E-11 -.937723511E-12 0.456844226E-02 -.168974408E+00 -.319903772E-11 0.340028428E-12 -.634085341E-02 0.279443505E+00 0.525627257E-11 0.205961587E-13 -.211045851E-02 0.167077389E+00 0.316542564E-11 -.128222387E-12 -.418170895E-02 0.223798556E+00 0.421911262E-11
   12.470 0.221411292E+00 0.428123835E-11 -.911478960E-12 0.442935349E-02 -.165541719E+00 -.311949699E-11 0.620669509E-12 -.616628099E-02 0.279575913E+00 0.525716856E-11 0.374828053E-13 -.203601266E-02 0.163646425E+00 0.306352718E-11 0.178244941E-12 -.408255553E-02 0.226333703E+00 0.427836690E-11
   12.845 0.224174539E+00 0.411243422E-11 0.208575018E-13 0.426904319E-02 -.162081388E+00 -.304835529E-11 -.125831523E-13 -.596222407E-02 0.279677065E+00 0.525566928E-11 -.907933169E-13 -.195154416E-02 0.160220414E+00 0.301916216E-11 0.475335840E-13 -.394972448E-02 0.228804071E+00 0.430287352E-11
   13.235 0.226870401E+00 0.435414932E-11 -.108732946E-11 0.409262231E-02 -.158596124E+00 -.297832265E-11 0.119960025E-11 -.573532666E-02 0.279751862E+00 0.522476964E-11 0.179313095E-12 -.185941615E-02 0.156795900E+00 0.291458069E-11 0.136862100E-12 -.379123145E-02 0.231209289E+00 0.433302202E-11
   13.640 0.229497847E+00 0.417985953E-11 0.367759596E-11 0.390462726E-02 -.155088520E+00 -.288172055E-11 -.218174966E-11 -.549150994E-02 0.279804554E+00 0.522991013E-11 -.292094055E-12 -.176178766E-02 0.153369849E+00 0.288588029E-11 -.111217332E-12 -.361393261E-02 0.233549189E+00 0.437221583E-11
   14.061 0.232055865E+00 0.433710643E-11 -.301466759E-11 0.370903975E-02 -.151561044E+00 -.283549348E-11 0.225364602E-11 -.523599777E-02 0.279838858E+00 0.519718211E-11 0.258604242E-12 -.166060426E-02 0.149939630E+00 0.281948697E-11 0.195749540E-12 -.342365972E-02 0.235823789E+00 0.438945911E-11
   14.500 0.234543488E+00 0.451109445E-11 -.120602058E-11 0.350930822E-02 -.148016025E+00 -.273261602E-11 0.654227428E-12 -.497334165E-02 0.279858049E+00 0.519454436E-11 -.752968368E-13 -.155759111E-02 0.146503023E+00 0.265773697E-11 0.156902898E-13 -.322533272E-02 0.238033269E+00 0.442236516E-11
   14.957 0.236959827E+00 0.417259348E-11 0.305765592E-11 0.330837693E-02 -.144455646E+00 -.267383589E-11 -.221368558E-11 -.470745633E-02 0.279865018E+00 0.516595940E-11 -.635300507E-13 -.145425291E-02 0.143058191E+00 0.268928626E-11 -.709909788E-13 -.302306120E-02 0.240177957E+00 0.444447682E-11
   15.435 0.239304106E+00 0.448654459E-11 -.203292702E-11 0.310871860E-02 -.140881929E+00 -.259245310E-11 0.210793674E-11 -.444165970E-02 0.279862327E+00 0.514465826E-11 0.682580515E-13 -.135187763E-02 0.139603663E+00 0.257399382E-11 0.456239013E-13 -.282023721E-02 0.242258304E+00 0.446003737E-11
   15.934 0.241575682E+00 0.450809413E-11 0.126293644E-11 0.291236884E-02 -.137296732E+00 -.251380743E-11 0.895560700E-13 -.417871430E-02 0.279852242E+00 0.513219671E-11 -.164516909E-12 -.125154385E-02 0.136138314E+00 0.247106280E-11 0.169978997E-12 -.261961869E-02 0.244274865E+00 0.448589193E-11
   16.457 0.243774061E+00 0.435108144E-11 0.989541841E-12 0.272096353E-02 -.133701745E+00 -.244133721E-11 -.540177445E-12 -.392087294E-02 0.279836762E+00 0.509344419E-11 0.194944990E-12 -.115413191E-02 0.132661339E+00 0.242899571E-11 -.559051450E-13 -.242340699E-02 0.246228281E+00 0.449324042E-11
   17.005 0.245898925E+00 0.444136617E-11 -.426022689E-12 0.253577714E-02 -.130098482E+00 -.236246961E-11 -.145596242E-14 -.366992511E-02 0.279817634E+00 0.507147195E-11 -.150895749E-12 -.106033759E-02 0.129172226E+00 0.235235716E-11 0.107548907E-13 -.223331736E-02 0.248119260E+00 0.450701644E-11
   17.581 0.247950133E+00 0.461521319E-11 -.303423033E-11 0.235776100E-02 -.126488286E+00 -.228271259E-11 0.153850508E-11 -.342724375E-02 0.279796373E+00 0.504898010E-11 0.245079984E-14 -.970687645E-03 0.125670726E+00 0.226576672E-11 0.783677956E-13 -.205064398E-02 0.249948563E+00 0.451453315E-11
   18.187 0.249927733E+00 0.434042107E-11 0.200287160E-11 0.218758318E-02 -.122872336E+00 -.220378594E-11 -.143808804E-11 -.319383452E-02 0.279774272E+00 0.501065715E-11 0.923160685E-13 -.885557498E-03 0.122156829E+00 0.217395075E-11 -.739429550E-13 -.187632018E-02 0.251716974E+00 0.451848474E-11
   18.825 0.251831963E+00 0.452122934E-11 -.852668836E-12 0.202566666E-02 -.119251649E+00 -.213012720E-11 0.684525456E-12 -.297038301E-02 0.279752414E+00 0.498223669E-11 -.205242135E-12 -.805189392E-03 0.118630723E+00 0.213263110E-11 0.103044147E-12 -.171097406E-02 0.253425296E+00 0.452129996E-11
   19.499 0.253663246E+00 0.455609027E-11 -.130423864E-11 0.187222733E-02 -.115627098E+00 -.204284474E-11 0.108520975E-11 -.275730242E-02 0.279731684E+00 0.494523928E-11 0.553463074E-13 -.729711293E-03 0.115092775E+00 0.202690969E-11 -.978393835E-13 -.155497969E-02 0.255074330E+00 0.451056539E-11
   20.213 0.255422180E+00 0.435171780E-11 0.247588428E-11 0.172730972E-02 -.111999418E+00 -.196647525E-11 -.169364685E-11 -.255477802E-02 0.279712778E+00 0.489979646E-11 0.751534270E-13 -.659155269E-03 0.111543492E+00 0.194232621E-11 0.742819026E-13 -.140850319E-02 0.256664868E+00 0.450811426E-11
   20.969 0.257109520E+00 0.458546109E-11 -.365993898E-11 0.159082118E-02 -.108369227E+00 -.188774016E-11 0.220483989E-11 -.236281068E-02 0.279696223E+00 0.485636377E-11 -.898858098E-13 -.593475647E-03 0.107983509E+00 0.190144219E-11 0.982742150E-13 -.127154463E-02 0.258197674E+00 0.449432956E-11
   21.772 0.258726172E+00 0.437875520E-11 0.224960653E-11 0.146256209E-02 -.104737043E+00 -.180086875E-11 -.158098286E-11 -.218125481E-02 0.279682386E+00 0.481565423E-11 -.962733864E-13 -.532565498E-03 0.104413551E+00 0.177190179E-11 -.620351813E-13 -.114397402E-02 0.259673481E+00 0.447095215E-11
   22.628 0.260273166E+00 0.446107591E-11 -.124590629E-11 0.134225399E-02 -.101103304E+00 -.172550497E-11 0.140859469E-11 -.200985455E-02 0.279671492E+00 0.474701173E-11 0.201279422E-12 -.476271893E-03 0.100834417E+00 0.173048104E-11 -.288540785E-13 -.102556349E-02 0.261092985E+00 0.444980359E-11
   23.541 0.261751630E+00 0.438368319E-11 -.100133946E-12 0.122956443E-02 -.974683953E-01 -.163586184E-11 -.689580293E-12 -.184827586E-02 0.279663639E+00 0.469822816E-11 -.242857659E-12 -.424409334E-03 0.972469687E-01 0.162709802E-11 -.441733513E-13 -.916014246E-03 0.262456833E+00 0.440980508E-11
   24.518 0.263162767E+00 0.436876676E-11 -.507919987E-12 0.112412790E-02 -.938326723E-01 -.155860060E-11 0.629920311E-12 -.169613346E-02 0.279658823E+00 0.463243407E-11 0.190056235E-13 -.376771113E-03 0.936521174E-01 0.155459662E-11 0.147083074E-12 -.814978979E-03 0.263765623E+00 0.437676883E-11
   25.567 0.264507827E+00 0.430451701E-11 0.110406520E-11 0.102556292E-02 -.901964942E-01 -.147320156E-11 -.222577476E-12 -.155301327E-02 0.279656947E+00 0.455673616E-11 -.230342014E-14 -.333138750E-03 0.900508230E-01 0.146559596E-11 -.734892963E-13 -.722080067E-03 0.265019905E+00 0.432635127E-11
   26.697 0.265788077E+00 0.425908065E-11 0.107964791E-11 0.933486311E-03 -.865602612E-01 -.138313337E-11 0.472536727E-12 -.141849133E-02 0.279657845E+00 0.446935532E-11 0.161678685E-12 -.293289366E-03 0.864441070E-01 0.138763026E-11 -.196075041E-12 -.636923763E-03 0.266220167E+00 0.425965343E-11
   27.917 0.267004773E+00 0.418374074E-11 0.108292164E-14 0.847523552E-03 -.829244629E-01 -.130388451E-11 -.908028759E-13 -.129214743E-02 0.279661300E+00 0.438753397E-11 -.446695178E-12 -.257001272E-03 0.828330754E-01 0.129430874E-11 0.493975359E-12 -.559110649E-03 0.267366846E+00 0.420004862E-11
   29.240 0.268159136E+00 0.410706605E-11 0.118748331E-11 0.767316156E-03 -.792897357E-01 -.121558164E-11 0.247548899E-12 -.117357537E-02 0.279667056E+00 0.428224886E-11 0.403817895E-12 -.224057757E-03 0.792189583E-01 0.121684771E-11 -.533750291E-12 -.488243312E-03 0.268460312E+00 0.411979801E-11
   30.679 0.269252316E+00 0.400659597E-11 -.157238146E-11 0.692526657E-03 -.756569465E-01 -.112370610E-11 0.686183572E-13 -.106238994E-02 0.279674834E+00 0.414343128E-11 -.223089057E-12 -.194249463E-03 0.756031819E-01 0.112395600E-11 0.262451556E-12 -.423931186E-03 0.269500871E+00 0.399802275E-11
   32.251 0.270285369E+00 0.389874481E-11 0.931314000E-12 0.622841130E-03 -.720273063E-01 -.104469106E-11 0.809693469E-13 -.958230648E-03 0.279684346E+00 0.404852489E-11 -.322579758E-13 -.167375414E-03 0.719874713E-01 0.103869261E-11 0.142918994E-12 -.365793314E-03 0.270488754E+00 0.392549619E-11
   33.978 0.271259231E+00 0.375146752E-11 0.947977736E-13 0.557969439E-03 -.684025290E-01 -.942540436E-12 0.209308016E-12 -.860762688E-03 0.279695303E+00 0.385605942E-11 0.426212597E-13 -.143242139E-03 0.683740030E-01 0.943903625E-12 -.446313121E-12 -.313458316E-03 0.271424102E+00 0.374393814E-11
   35.882 0.272174680E+00 0.360620981E-11 -.900253695E-12 0.497642521E-03 -.647850665E-01 -.862461042E-12 0.105393879E-12 -.769674036E-03 0.279707424E+00 0.371484596E-11 0.282990388E-13 -.121655857E-03 0.647656380E-01 0.861937885E-12 0.555557430E-12 -.266555822E-03 0.272306952E+00 0.361843474E-11
   37.994 0.273032300E+00 0.341075258E-11 0.184128781E-12 0.441601525E-03 -.611784592E-01 -.764526221E-12 -.786435651E-15 -.684661928E-03 0.279720449E+00 0.348238566E-11 -.210801348E-12 -.102378053E-03 0.611662663E-01 0.758850948E-12 -.525654681E-12 -.224663119E-03 0.273137209E+00 0.341571683E-11
   40.351 0.273832404E+00 0.319689363E-11 -.378561696E-12 0.389556402E-03 -.575878813E-01 -.671411076E-12 0.202188090E-12 -.605381001E-03 0.279734170E+00 0.326677914E-11 0.243903643E-12 -.848233400E-04 0.575813272E-01 0.677296018E-12 0.396529107E-12 -.186913984E-03 0.273914606E+00 0.319867481E-11
   43.000 0.274574834E+00 0.293978013E-11 0.257625105E-12 0.341032407E-03 -.540210498E-01 -.578559616E-12 0.153643232E-12 -.531270501E-03 0.279748583E+00 0.298518034E-11 -.186078200E-12 -.656187638E-04 0.540186095E-01 0.576607314E-12 -.218462192E-12 -.148268479E-03 0.274638614E+00 0.293782002E-11
   45.999 0.275258057E+00 0.261934657E-11 0.912386343E-12 0.295052566E-03 -.504901704E-01 -.489450819E-12 -.724955391E-13 -.461474308E-03 0.279764926E+00 0.266861202E-11 -.464890805E-13 -.156507218E-04 0.504898001E-01 0.489449748E-12 -.722769858E-13 -.482285426E-04 0.275308077E+00 0.263001360E-11
   49.425 0.275885254E+00 0.228578929E-11 -.349754804E-11 0.255099734E-03 -.469904676E-01 -.440851278E-12 0.405987558E-11 -.399493661E-03 0.279787929E+00 0.225637967E-11 -.355595897E-14 -.314606569E-05 0.469905140E-01 0.443197789E-12 0.398382632E-13 -.133768745E-04 0.275928038E+00 0.227889411E-11
   53.378 0.276463925E+00 0.197344992E-11 -.393918720E-11 0.218512302E-03 -.435108105E-01 -.400737358E-12 0.370880179E-11 -.342473550E-03 0.279809287E+00 0.191415353E-11 -.190607941E-13 -.247542409E-05 0.435108478E-01 0.400217991E-12 -.177354662E-12 -.105983783E-04 0.276500277E+00 0.195475544E-11
   57.990 0.276995075E+00 0.167363297E-11 -.387184411E-11 0.184972962E-03 -.400499446E-01 -.360215750E-12 0.322660463E-11 -.290128248E-03 0.279828862E+00 0.161129025E-11 0.143169291E-14 -.192784562E-05 0.400499696E-01 0.360378741E-12 0.886528284E-13 -.827298931E-05 0.277025622E+00 0.165685088E-11
   63.445 0.277479702E+00 0.140105502E-11 -.227576712E-11 0.154408903E-03 -.366062939E-01 -.321536997E-12 0.361776659E-11 -.242357236E-03 0.279846695E+00 0.134057923E-11 -.233615850E-13 -.147059063E-05 0.366063099E-01 0.322604601E-12 -.129713910E-12 -.632319710E-05 0.277505030E+00 0.138488691E-11
   70.000 0.277918706E+00 0.115389014E-11 -.238351507E-11 0.126753110E-03 -.331783091E-01 -.285588659E-12 0.219065155E-11 -.199074456E-03 0.279862828E+00 0.109486372E-11 -.851913198E-14 -.109392965E-05 0.331783189E-01 0.286861699E-12 -.146383027E-13 -.471201051E-05 0.277939370E+00 0.113809759E-11
