    0.000   0.330123E-04   0.179614E-08  -0.122542E-09  -0.179196E-08  -0.537302E-06
    0.152   0.289413E-01   0.127289E-01  -0.362834E-08   0.127289E-01  -0.531596E-06
    0.303   0.610159E-01   0.249193E-01  -0.595993E-08   0.249193E-01  -0.495035E-06
    0.455   0.870319E-01   0.345016E-01  -0.121942E-07   0.345016E-01  -0.444184E-06
    0.606   0.108767E+00   0.420493E-01  -0.222408E-07   0.420493E-01  -0.390728E-06
    0.758   0.127198E+00   0.481088E-01  -0.346401E-07   0.481088E-01  -0.340513E-06
    0.909   0.143005E+00   0.530587E-01  -0.489514E-07   0.530587E-01  -0.295568E-06
    1.061   0.156684E+00   0.571801E-01  -0.642730E-07   0.571801E-01  -0.256330E-06
    1.212   0.168625E+00   0.606694E-01  -0.795865E-07   0.606694E-01  -0.222481E-06
    1.364   0.179143E+00   0.636708E-01  -0.941448E-07   0.636708E-01  -0.193342E-06
    1.515   0.188488E+00   0.662851E-01  -0.107842E-06   0.662851E-01  -0.168198E-06
    1.667   0.196835E+00   0.685794E-01  -0.119966E-06   0.685794E-01  -0.146597E-06
    1.818   0.204341E+00   0.706063E-01  -0.130798E-06   0.706063E-01  -0.127920E-06
    1.970   0.211121E+00   0.723996E-01  -0.140173E-06   0.723996E-01  -0.111744E-06
    2.121   0.217267E+00   0.739822E-01  -0.148029E-06   0.739822E-01  -0.977370E-07
    2.273   0.222854E+00   0.753678E-01  -0.154591E-06   0.753678E-01  -0.855834E-07
    2.424   0.227945E+00   0.765657E-01  -0.159995E-06   0.765657E-01  -0.750064E-07
    2.576   0.232590E+00   0.775809E-01  -0.164394E-06   0.775809E-01  -0.658006E-07
    2.727   0.236829E+00   0.784170E-01  -0.167935E-06   0.784170E-01  -0.577653E-07
    2.879   0.240696E+00   0.790775E-01  -0.170632E-06   0.790775E-01  -0.507739E-07
    3.030   0.244223E+00   0.795660E-01  -0.172604E-06   0.795660E-01  -0.446629E-07
    3.182   0.247436E+00   0.798887E-01  -0.173887E-06   0.798887E-01  -0.393316E-07
    3.333   0.250360E+00   0.800517E-01  -0.174615E-06   0.800517E-01  -0.346647E-07
    3.485   0.253018E+00   0.800630E-01  -0.174794E-06   0.800630E-01  -0.305837E-07
    3.636   0.255431E+00   0.799325E-01  -0.174486E-06   0.799325E-01  -0.270086E-07
    3.788   0.257619E+00   0.796701E-01  -0.173698E-06   0.796701E-01  -0.238797E-07
    3.939   0.259601E+00   0.792869E-01  -0.172534E-06   0.792869E-01  -0.211300E-07
    4.091   0.261394E+00   0.787952E-01  -0.170987E-06   0.787952E-01  -0.187151E-07
    4.242   0.263016E+00   0.782057E-01  -0.169101E-06   0.782057E-01  -0.165907E-07
    4.394   0.264480E+00   0.775301E-01  -0.166914E-06   0.775301E-01  -0.147220E-07
    4.545   0.265802E+00   0.767794E-01  -0.164473E-06   0.767794E-01  -0.130739E-07
    4.697   0.266995E+00   0.759640E-01  -0.161802E-06   0.759640E-01  -0.116169E-07
    4.848   0.268070E+00   0.750940E-01  -0.158934E-06   0.750940E-01  -0.103327E-07
    5.000   0.269040E+00   0.741779E-01  -0.155898E-06   0.741779E-01  -0.919710E-08
    5.152   0.269913E+00   0.732247E-01  -0.152720E-06   0.732247E-01  -0.819198E-08
    5.303   0.270700E+00   0.722409E-01  -0.149424E-06   0.722409E-01  -0.730139E-08
    5.455   0.271407E+00   0.712340E-01  -0.146033E-06   0.712340E-01  -0.651167E-08
    5.606   0.272043E+00   0.702100E-01  -0.142568E-06   0.702100E-01  -0.581079E-08
    5.758   0.272615E+00   0.691742E-01  -0.139046E-06   0.691742E-01  -0.518822E-08
    5.909   0.273127E+00   0.681313E-01  -0.135484E-06   0.681313E-01  -0.463477E-08
    6.061   0.273586E+00   0.670855E-01  -0.131897E-06   0.670855E-01  -0.414241E-08
    6.212   0.273996E+00   0.660407E-01  -0.128297E-06   0.660407E-01  -0.370417E-08
    6.364   0.274362E+00   0.649994E-01  -0.124695E-06   0.649994E-01  -0.331383E-08
    6.515   0.274686E+00   0.639647E-01  -0.121103E-06   0.639647E-01  -0.296593E-08
    6.667   0.274973E+00   0.629395E-01  -0.117529E-06   0.629395E-01  -0.265570E-08
    6.818   0.275225E+00   0.619249E-01  -0.113981E-06   0.619249E-01  -0.237890E-08
    6.970   0.275446E+00   0.609225E-01  -0.110465E-06   0.609225E-01  -0.213183E-08
    7.121   0.275636E+00   0.599342E-01  -0.106987E-06   0.599342E-01  -0.191120E-08
    7.273   0.275798E+00   0.589608E-01  -0.103553E-06   0.589608E-01  -0.171408E-08
    7.424   0.275934E+00   0.580035E-01  -0.100166E-06   0.580035E-01  -0.153790E-08
    7.576   0.276045E+00   0.570628E-01  -0.968310E-07   0.570628E-01  -0.138038E-08
    7.727   0.276133E+00   0.561394E-01  -0.935500E-07   0.561394E-01  -0.123950E-08
    7.879   0.276198E+00   0.552336E-01  -0.903257E-07   0.552336E-01  -0.111346E-08
    8.030   0.276241E+00   0.543462E-01  -0.871609E-07   0.543462E-01  -0.100067E-08
    8.182   0.276264E+00   0.534768E-01  -0.840567E-07   0.534768E-01  -0.899715E-09
    8.333   0.276266E+00   0.526262E-01  -0.810146E-07   0.526262E-01  -0.809328E-09
    8.485   0.276248E+00   0.517941E-01  -0.780351E-07   0.517941E-01  -0.728379E-09
    8.636   0.276211E+00   0.509808E-01  -0.751195E-07   0.509808E-01  -0.655878E-09
    8.788   0.276155E+00   0.501863E-01  -0.722678E-07   0.501863E-01  -0.590930E-09
    8.939   0.276079E+00   0.494108E-01  -0.694807E-07   0.494108E-01  -0.532750E-09
    9.091   0.275985E+00   0.486539E-01  -0.667578E-07   0.486539E-01  -0.480622E-09
    9.242   0.275871E+00   0.479156E-01  -0.640989E-07   0.479156E-01  -0.433919E-09
    9.394   0.275738E+00   0.471961E-01  -0.615037E-07   0.471961E-01  -0.392080E-09
    9.545   0.275586E+00   0.464956E-01  -0.589717E-07   0.464956E-01  -0.354599E-09
    9.697   0.275414E+00   0.458135E-01  -0.565020E-07   0.458135E-01  -0.321031E-09
    9.848   0.275223E+00   0.451508E-01  -0.540947E-07   0.451508E-01  -0.290972E-09
   10.000   0.275012E+00   0.445068E-01  -0.517483E-07   0.445068E-01  -0.264063E-09
   10.152   0.274782E+00   0.438820E-01  -0.494620E-07   0.438820E-01  -0.239984E-09
   10.303   0.274532E+00   0.432764E-01  -0.472348E-07   0.432764E-01  -0.218450E-09
   10.455   0.274262E+00   0.426904E-01  -0.450657E-07   0.426904E-01  -0.199205E-09
   10.606   0.273972E+00   0.421239E-01  -0.429537E-07   0.421239E-01  -0.182017E-09
   10.758   0.273664E+00   0.415780E-01  -0.408974E-07   0.415780E-01  -0.166681E-09
   10.909   0.273336E+00   0.410524E-01  -0.388956E-07   0.410524E-01  -0.153014E-09
   11.061   0.272989E+00   0.405472E-01  -0.369472E-07   0.405472E-01  -0.140847E-09
   11.212   0.272625E+00   0.400630E-01  -0.350504E-07   0.400630E-01  -0.130033E-09
   11.364   0.272244E+00   0.396005E-01  -0.332043E-07   0.396005E-01  -0.120436E-09
   11.515   0.271848E+00   0.391602E-01  -0.314072E-07   0.391602E-01  -0.111935E-09
   11.667   0.271437E+00   0.387423E-01  -0.296581E-07   0.387423E-01  -0.104423E-09
   11.818   0.271014E+00   0.383475E-01  -0.279551E-07   0.383475E-01  -0.977973E-10
   11.970   0.270581E+00   0.379764E-01  -0.262968E-07   0.379764E-01  -0.919700E-10
   12.121   0.270140E+00   0.376288E-01  -0.246818E-07   0.376288E-01  -0.868580E-10
   12.273   0.269694E+00   0.373059E-01  -0.231082E-07   0.373059E-01  -0.823863E-10
   12.424   0.269247E+00   0.370076E-01  -0.215750E-07   0.370076E-01  -0.784871E-10
   12.576   0.268801E+00   0.367347E-01  -0.200800E-07   0.367347E-01  -0.750975E-10
   12.727   0.268362E+00   0.364873E-01  -0.186222E-07   0.364873E-01  -0.721590E-10
   12.879   0.267933E+00   0.362653E-01  -0.171996E-07   0.362653E-01  -0.696189E-10
   13.030   0.267520E+00   0.360696E-01  -0.158104E-07   0.360696E-01  -0.674284E-10
   13.182   0.267127E+00   0.358998E-01  -0.144530E-07   0.358998E-01  -0.655426E-10
   13.333   0.266761E+00   0.357561E-01  -0.131258E-07   0.357561E-01  -0.639197E-10
   13.485   0.266426E+00   0.356389E-01  -0.118271E-07   0.356389E-01  -0.625219E-10
   13.636   0.266130E+00   0.355479E-01  -0.105550E-07   0.355479E-01  -0.613144E-10
   13.788   0.265879E+00   0.354835E-01  -0.930779E-08   0.354835E-01  -0.602659E-10
   13.939   0.265681E+00   0.354458E-01  -0.808358E-08   0.354458E-01  -0.593479E-10
   14.091   0.265544E+00   0.354353E-01  -0.688070E-08   0.354353E-01  -0.585347E-10
   14.242   0.265479E+00   0.354530E-01  -0.569716E-08   0.354530E-01  -0.578036E-10
   14.394   0.265498E+00   0.354999E-01  -0.453108E-08   0.354999E-01  -0.571345E-10
   14.545   0.265619E+00   0.355784E-01  -0.338044E-08   0.355784E-01  -0.565090E-10
   14.697   0.265866E+00   0.356920E-01  -0.224317E-08   0.356920E-01  -0.559093E-10
   14.848   0.266290E+00   0.358468E-01  -0.111696E-08   0.358468E-01  -0.553151E-10
   15.000   0.267021E+00   0.360544E-01  -0.119305E-15   0.360544E-01  -0.546914E-10
