    0.000   0.280606E+00   0.167843E-21  -0.140996E-23   0.167837E-21   0.878986E-22
    0.152   0.280601E+00   0.819942E-22  -0.818458E-22   0.493093E-23   0.116246E-21
    0.303   0.280601E+00   0.814685E-21   0.267418E-21  -0.769544E-21   0.132746E-21
    0.455   0.280601E+00   0.927342E-21   0.118126E-21  -0.919788E-21   0.157169E-21
    0.606   0.280599E+00   0.314089E-22   0.254239E-22   0.184430E-22   0.112854E-21
    0.758   0.280597E+00   0.139336E-21   0.583286E-22   0.126540E-21   0.144635E-21
    0.909   0.280594E+00   0.197557E-20   0.122436E-21  -0.197177E-20   0.177802E-21
    1.061   0.280591E+00   0.236010E-21   0.172937E-21   0.160604E-21   0.150314E-21
    1.212   0.280588E+00   0.740288E-21   0.167517E-21   0.721085E-21   0.103648E-21
    1.364   0.280584E+00   0.160407E-20   0.106122E-21  -0.160056E-20   0.112060E-21
    1.515   0.280580E+00   0.592765E-21   0.920773E-22   0.585569E-21  -0.479668E-22
    1.667   0.280576E+00   0.207233E-20   0.946160E-22   0.207017E-20  -0.700780E-22
    1.818   0.280571E+00   0.232436E-20   0.250909E-21   0.231077E-20  -0.842980E-23
    1.970   0.280566E+00   0.512500E-21   0.502886E-21   0.988043E-22   0.123306E-22
    2.121   0.280560E+00   0.988283E-21   0.730698E-21   0.665421E-21   0.732012E-23
    2.273   0.280554E+00   0.692775E-21   0.680408E-21   0.130317E-21   0.865151E-22
    2.424   0.280548E+00   0.213988E-20   0.360164E-21   0.210935E-20   0.261276E-21
    2.576   0.280541E+00   0.201169E-20   0.184772E-21   0.200318E-20   0.364464E-21
    2.727   0.280533E+00   0.800281E-21   0.403412E-21  -0.691164E-21   0.583790E-21
    2.879   0.280525E+00   0.317438E-20   0.194806E-21  -0.316840E-20   0.958447E-21
    3.030   0.280516E+00   0.190918E-20   0.608285E-21  -0.180968E-20   0.115524E-20
    3.182   0.280507E+00   0.180832E-20   0.265967E-21   0.178866E-20   0.115818E-20
    3.333   0.280497E+00   0.460835E-20   0.133525E-21   0.460642E-20   0.454531E-21
    3.485   0.280485E+00   0.699236E-20   0.229826E-21   0.698858E-20  -0.253432E-22
    3.636   0.280473E+00   0.205447E-20   0.103983E-21   0.205184E-20   0.588634E-21
    3.788   0.280460E+00   0.214833E-20  -0.622847E-21   0.205606E-20   0.734338E-21
    3.939   0.280446E+00   0.118189E-20  -0.357593E-21  -0.112649E-20   0.819182E-21
    4.091   0.280431E+00   0.434751E-20  -0.156479E-21   0.434469E-20   0.621211E-21
    4.242   0.280415E+00   0.898808E-21   0.108965E-21   0.892179E-21   0.100979E-20
    4.394   0.280397E+00   0.533091E-20   0.351858E-21   0.531929E-20   0.103480E-20
    4.545   0.280378E+00   0.267087E-20   0.806633E-21  -0.254615E-20   0.132867E-20
    4.697   0.280358E+00   0.411453E-20   0.555095E-21  -0.407691E-20   0.104787E-20
    4.848   0.280336E+00   0.509584E-20   0.219561E-20  -0.459857E-20   0.100209E-20
    5.000   0.280312E+00   0.937236E-20   0.136548E-20  -0.927236E-20   0.136735E-20
    5.152   0.280286E+00   0.671863E-20   0.215768E-20  -0.636273E-20   0.856364E-21
    5.303   0.280258E+00   0.106449E-19   0.244203E-20  -0.103610E-19   0.205883E-20
    5.455   0.280228E+00   0.267074E-19   0.348430E-20   0.264791E-19   0.241447E-20
    5.606   0.280196E+00   0.309372E-19   0.313369E-20   0.307781E-19   0.969665E-21
    5.758   0.280161E+00   0.551827E-19  -0.549393E-21   0.551800E-19   0.257092E-20
    5.909   0.280124E+00   0.212433E-20  -0.193154E-20  -0.884261E-21   0.167424E-20
    6.061   0.280083E+00   0.629413E-20  -0.230656E-20   0.585626E-20   0.198875E-20
    6.212   0.280039E+00   0.472138E-20  -0.432005E-20   0.190491E-20   0.216598E-20
    6.364   0.279992E+00   0.309172E-20  -0.309172E-20  -0.280173E-23  -0.123192E-21
    6.515   0.279941E+00   0.797260E-20   0.263166E-21  -0.796826E-20   0.123668E-20
    6.667   0.279886E+00   0.190419E-19   0.943964E-21  -0.190185E-19   0.221163E-20
    6.818   0.279827E+00   0.125071E-19  -0.145659E-20   0.124220E-19   0.219535E-20
    6.970   0.279763E+00   0.661156E-20   0.538192E-21  -0.658961E-20   0.170476E-20
    7.121   0.279694E+00   0.658175E-20  -0.840526E-21   0.652786E-20   0.195521E-20
    7.273   0.279620E+00   0.268391E-20   0.197249E-21   0.267665E-20   0.258394E-20
    7.424   0.279540E+00   0.415250E-20  -0.108494E-20   0.400826E-20   0.605285E-21
    7.576   0.279454E+00   0.206783E-19  -0.742729E-21  -0.206650E-19   0.179284E-21
    7.727   0.279361E+00   0.283936E-20  -0.781043E-21   0.272982E-20   0.144752E-20
    7.879   0.279261E+00   0.369454E-19   0.193540E-20   0.368947E-19  -0.327693E-20
    8.030   0.279153E+00   0.154325E-19  -0.422580E-20   0.148427E-19  -0.611575E-20
    8.182   0.279037E+00   0.542377E-20   0.718770E-21   0.537594E-20  -0.199358E-20
    8.333   0.278913E+00   0.137888E-19  -0.543797E-21  -0.137781E-19  -0.180657E-20
    8.485   0.278779E+00   0.271709E-19  -0.338195E-20   0.269596E-19  -0.125268E-20
    8.636   0.278635E+00   0.326813E-19   0.154864E-20   0.326446E-19   0.317043E-21
    8.788   0.278481E+00   0.346158E-19   0.947401E-21   0.346028E-19  -0.874599E-21
    8.939   0.278315E+00   0.400762E-19   0.135389E-20   0.400533E-19   0.813732E-21
    9.091   0.278138E+00   0.859814E-19  -0.468359E-20   0.858538E-19   0.521460E-21
    9.242   0.277948E+00   0.109707E-18   0.121233E-19   0.109035E-18  -0.552366E-21
    9.394   0.277745E+00   0.836845E-19   0.174111E-19   0.818532E-19   0.154156E-20
    9.545   0.277528E+00   0.226825E-18  -0.104608E-19   0.226584E-18  -0.104014E-20
    9.697   0.277297E+00   0.112655E-18   0.202250E-19   0.110825E-18   0.219001E-20
    9.848   0.277050E+00   0.161826E-18  -0.317557E-19   0.158679E-18   0.225676E-20
   10.000   0.276788E+00   0.147526E-18   0.462720E-20   0.147454E-18   0.274961E-20
   10.152   0.276509E+00   0.312977E-18   0.185186E-19   0.312429E-18   0.522580E-20
   10.303   0.276214E+00   0.506045E-18   0.785715E-19   0.499908E-18   0.556540E-20
   10.455   0.275902E+00   0.733200E-18   0.695701E-19   0.729892E-18   0.824500E-20
   10.606   0.275572E+00   0.100058E-17   0.826894E-19   0.997153E-18   0.273276E-19
   10.758   0.275225E+00   0.277726E-18  -0.101252E-19   0.277541E-18  -0.982911E-20
   10.909   0.274860E+00   0.261891E-18  -0.116783E-18  -0.234411E-18  -0.317149E-19
   11.061   0.274478E+00   0.542527E-18  -0.760036E-19   0.537177E-18  -0.158782E-19
   11.212   0.274080E+00   0.338738E-18   0.462339E-19   0.335568E-18  -0.828751E-20
   11.364   0.273665E+00   0.148662E-17  -0.189362E-19   0.148650E-17  -0.157137E-19
   11.515   0.273236E+00   0.998950E-18   0.999124E-19   0.993941E-18  -0.228392E-20
   11.667   0.272792E+00   0.206450E-17  -0.548176E-19   0.206377E-17   0.658542E-20
   11.818   0.272337E+00   0.160870E-17  -0.335446E-19   0.160835E-17  -0.406092E-20
   11.970   0.271871E+00   0.200462E-17   0.394386E-19   0.200424E-17  -0.529221E-21
   12.121   0.271398E+00   0.244852E-17   0.326492E-19   0.244830E-17   0.123442E-19
   12.273   0.270920E+00   0.236017E-17   0.383174E-19   0.235986E-17  -0.131823E-19
   12.424   0.270440E+00   0.258572E-17   0.157183E-18   0.258093E-17   0.586122E-21
   12.576   0.269962E+00   0.108790E-17  -0.122691E-19   0.108783E-17  -0.114208E-19
   12.727   0.269490E+00   0.128048E-17  -0.333938E-19   0.128005E-17  -0.490391E-19
   12.879   0.269029E+00   0.657309E-18  -0.462686E-19   0.655678E-18   0.369742E-19
   13.030   0.268583E+00   0.114938E-18  -0.840837E-19  -0.783622E-19   0.568331E-20
   13.182   0.268158E+00   0.109922E-18  -0.473103E-19   0.992197E-19   0.552974E-21
   13.333   0.267759E+00   0.160287E-18  -0.564610E-19  -0.150014E-18   0.231154E-19
   13.485   0.267393E+00   0.297434E-17   0.532261E-20  -0.297434E-17   0.641198E-20
   13.636   0.267067E+00   0.551609E-18   0.729477E-20  -0.551561E-18  -0.282871E-19
   13.788   0.266786E+00   0.144882E-17  -0.124072E-18  -0.144349E-17   0.808251E-21
   13.939   0.266561E+00   0.322330E-17   0.553053E-19  -0.322283E-17   0.396634E-20
   14.091   0.266398E+00   0.509777E-17  -0.819894E-19  -0.509711E-17  -0.108568E-20
   14.242   0.266309E+00   0.162864E-17  -0.152384E-18  -0.162150E-17  -0.789698E-20
   14.394   0.266306E+00   0.561303E-17   0.411094E-19  -0.561288E-17   0.685838E-21
   14.545   0.266407E+00   0.963643E-17   0.180676E-18  -0.963474E-17   0.445027E-20
   14.697   0.266639E+00   0.399012E-17  -0.578968E-19  -0.398970E-17  -0.640753E-19
   14.848   0.267052E+00   0.648826E-17  -0.176199E-18  -0.648587E-17   0.250945E-19
   15.000   0.267779E+00   0.110528E-16  -0.403932E-19  -0.110527E-16   0.954896E-20
