    0.000   0.707340E-06   0.107386E-16   0.107036E-17   0.106852E-16  -0.287941E-06
    0.202   0.370277E-01   0.161830E-01  -0.645587E-15   0.161830E-01  -0.281494E-06
    0.404   0.772007E-01   0.311280E-01  -0.907789E-15   0.311280E-01  -0.248146E-06
    0.606   0.107842E+00   0.418968E-01  -0.899897E-15   0.418968E-01  -0.208635E-06
    0.808   0.132144E+00   0.498664E-01  -0.611544E-15   0.498664E-01  -0.172610E-06
    1.010   0.151961E+00   0.560178E-01  -0.239394E-15   0.560178E-01  -0.142311E-06
    1.212   0.168445E+00   0.609196E-01   0.145475E-15   0.609196E-01  -0.117435E-06
    1.414   0.182363E+00   0.649370E-01   0.438131E-15   0.649370E-01  -0.971802E-07
    1.616   0.194267E+00   0.682984E-01   0.795791E-15   0.682984E-01  -0.807074E-07
    1.818   0.204569E+00   0.711507E-01   0.100622E-14   0.711507E-01  -0.672200E-07
    2.020   0.213573E+00   0.735809E-01   0.907633E-15   0.735809E-01  -0.560770E-07
    2.222   0.221480E+00   0.756340E-01   0.935617E-15   0.756340E-01  -0.469284E-07
    2.424   0.228461E+00   0.773385E-01   0.851728E-15   0.773385E-01  -0.393351E-07
    2.626   0.234636E+00   0.787071E-01   0.101574E-14   0.787071E-01  -0.330226E-07
    2.828   0.240097E+00   0.797480E-01   0.105062E-14   0.797480E-01  -0.277791E-07
    3.030   0.244925E+00   0.804700E-01   0.115546E-14   0.804700E-01  -0.234164E-07
    3.232   0.249187E+00   0.808860E-01   0.112016E-14   0.808860E-01  -0.197702E-07
    3.434   0.252943E+00   0.810136E-01   0.100977E-14   0.810136E-01  -0.167249E-07
    3.636   0.256246E+00   0.808750E-01   0.938976E-15   0.808750E-01  -0.141659E-07
    3.838   0.259145E+00   0.804960E-01   0.758382E-15   0.804960E-01  -0.120278E-07
    4.040   0.261684E+00   0.799047E-01   0.455309E-15   0.799047E-01  -0.102266E-07
    4.242   0.263907E+00   0.791300E-01   0.277251E-15   0.791300E-01  -0.871163E-08
    4.444   0.265852E+00   0.782000E-01   0.127884E-15   0.782000E-01  -0.743077E-08
    4.646   0.267551E+00   0.771417E-01  -0.134335E-15   0.771417E-01  -0.634706E-08
    4.848   0.269037E+00   0.759798E-01  -0.439934E-15   0.759798E-01  -0.542885E-08
    5.051   0.270336E+00   0.747366E-01  -0.524238E-15   0.747366E-01  -0.465083E-08
    5.253   0.271473E+00   0.734321E-01  -0.733015E-15   0.734321E-01  -0.398793E-08
    5.455   0.272469E+00   0.720838E-01  -0.909855E-15   0.720838E-01  -0.342283E-08
    5.657   0.273342E+00   0.707064E-01  -0.106605E-14   0.707064E-01  -0.294048E-08
    5.859   0.274109E+00   0.693127E-01  -0.125948E-14   0.693127E-01  -0.252895E-08
    6.061   0.274782E+00   0.679134E-01  -0.171934E-14   0.679134E-01  -0.217657E-08
    6.263   0.275375E+00   0.665173E-01  -0.193585E-14   0.665173E-01  -0.187345E-08
    6.465   0.275897E+00   0.651319E-01  -0.225251E-14   0.651319E-01  -0.161464E-08
    6.667   0.276358E+00   0.637628E-01  -0.260893E-14   0.637628E-01  -0.139247E-08
    6.869   0.276765E+00   0.624150E-01  -0.282636E-14   0.624150E-01  -0.120159E-08
    7.071   0.277124E+00   0.610921E-01  -0.309689E-14   0.610921E-01  -0.103744E-08
    7.273   0.277442E+00   0.597969E-01  -0.322586E-14   0.597969E-01  -0.896192E-09
    7.475   0.277724E+00   0.585315E-01  -0.336480E-14   0.585315E-01  -0.774563E-09
    7.677   0.277973E+00   0.572975E-01  -0.352215E-14   0.572975E-01  -0.669744E-09
    7.879   0.278194E+00   0.560958E-01  -0.364033E-14   0.560958E-01  -0.579356E-09
    8.081   0.278389E+00   0.549271E-01  -0.351361E-14   0.549271E-01  -0.501368E-09
    8.283   0.278561E+00   0.537915E-01  -0.345886E-14   0.537915E-01  -0.434060E-09
    8.485   0.278713E+00   0.526889E-01  -0.334542E-14   0.526889E-01  -0.375935E-09
    8.687   0.278847E+00   0.516192E-01  -0.317921E-14   0.516192E-01  -0.325710E-09
    8.889   0.278964E+00   0.505819E-01  -0.295270E-14   0.505819E-01  -0.282298E-09
    9.091   0.279066E+00   0.495764E-01  -0.279091E-14   0.495764E-01  -0.244755E-09
    9.293   0.279153E+00   0.486017E-01  -0.261587E-14   0.486017E-01  -0.212281E-09
    9.495   0.279229E+00   0.476574E-01  -0.236825E-14   0.476574E-01  -0.184176E-09
    9.697   0.279292E+00   0.467423E-01  -0.207841E-14   0.467423E-01  -0.159846E-09
    9.899   0.279344E+00   0.458558E-01  -0.188054E-14   0.458558E-01  -0.138772E-09
   10.101   0.279385E+00   0.449967E-01  -0.176715E-14   0.449967E-01  -0.120516E-09
   10.303   0.279417E+00   0.441641E-01  -0.152876E-14   0.441641E-01  -0.104696E-09
   10.505   0.279438E+00   0.433572E-01  -0.135212E-14   0.433572E-01  -0.909826E-10
   10.707   0.279450E+00   0.425749E-01  -0.117403E-14   0.425749E-01  -0.790902E-10
   10.909   0.279452E+00   0.418163E-01  -0.100688E-14   0.418163E-01  -0.687757E-10
   11.111   0.279445E+00   0.410805E-01  -0.863152E-15   0.410805E-01  -0.598275E-10
   11.313   0.279428E+00   0.403666E-01  -0.764320E-15   0.403666E-01  -0.520612E-10
   11.515   0.279401E+00   0.396737E-01  -0.671386E-15   0.396737E-01  -0.453190E-10
   11.717   0.279364E+00   0.390010E-01  -0.664426E-15   0.390010E-01  -0.394645E-10
   11.919   0.279317E+00   0.383476E-01  -0.629471E-15   0.383476E-01  -0.343802E-10
   12.121   0.279258E+00   0.377129E-01  -0.533611E-15   0.377129E-01  -0.299631E-10
   12.323   0.279187E+00   0.370960E-01  -0.364537E-15   0.370960E-01  -0.261251E-10
   12.525   0.279104E+00   0.364962E-01  -0.257190E-15   0.364962E-01  -0.227897E-10
   12.727   0.279008E+00   0.359129E-01  -0.188410E-15   0.359129E-01  -0.198905E-10
   12.929   0.278898E+00   0.353455E-01  -0.123520E-15   0.353455E-01  -0.173701E-10
   13.131   0.278772E+00   0.347936E-01  -0.102322E-15   0.347936E-01  -0.151787E-10
   13.333   0.278630E+00   0.342564E-01   0.402495E-17   0.342564E-01  -0.132732E-10
   13.535   0.278470E+00   0.337337E-01   0.198252E-18   0.337337E-01  -0.116164E-10
   13.737   0.278292E+00   0.332250E-01   0.139765E-16   0.332250E-01  -0.101758E-10
   13.939   0.278093E+00   0.327301E-01   0.519499E-16   0.327301E-01  -0.892354E-11
   14.141   0.277872E+00   0.322486E-01   0.125107E-15   0.322486E-01  -0.783525E-11
   14.343   0.277628E+00   0.317805E-01   0.175019E-15   0.317805E-01  -0.688984E-11
   14.545   0.277360E+00   0.313257E-01   0.163328E-15   0.313257E-01  -0.606903E-11
   14.747   0.277065E+00   0.308841E-01   0.147395E-15   0.308841E-01  -0.535701E-11
   14.949   0.276743E+00   0.304557E-01   0.153017E-15   0.304557E-01  -0.473998E-11
   15.152   0.276392E+00   0.300408E-01   0.152957E-15   0.300408E-01  -0.420600E-11
   15.354   0.276011E+00   0.296398E-01   0.113393E-15   0.296398E-01  -0.374469E-11
   15.556   0.275599E+00   0.292530E-01   0.390314E-16   0.292530E-01  -0.334703E-11
   15.758   0.275156E+00   0.288809E-01   0.922659E-17   0.288809E-01  -0.300516E-11
   15.960   0.274682E+00   0.285242E-01  -0.603251E-16   0.285242E-01  -0.271219E-11
   16.162   0.274177E+00   0.281832E-01  -0.135376E-15   0.281832E-01  -0.246210E-11
   16.364   0.273643E+00   0.278589E-01  -0.196893E-15   0.278589E-01  -0.224964E-11
   16.566   0.273082E+00   0.275522E-01  -0.273779E-15   0.275522E-01  -0.207015E-11
   16.768   0.272495E+00   0.272639E-01  -0.299859E-15   0.272639E-01  -0.191951E-11
   16.970   0.271889E+00   0.269950E-01  -0.282170E-15   0.269950E-01  -0.179404E-11
   17.172   0.271267E+00   0.267461E-01  -0.269392E-15   0.267461E-01  -0.169044E-11
   17.374   0.270636E+00   0.265186E-01  -0.217001E-15   0.265186E-01  -0.160572E-11
   17.576   0.270004E+00   0.263130E-01  -0.180210E-15   0.263130E-01  -0.153718E-11
   17.778   0.269379E+00   0.261301E-01  -0.128025E-15   0.261301E-01  -0.148233E-11
   17.980   0.268771E+00   0.259710E-01  -0.704023E-16   0.259710E-01  -0.143888E-11
   18.182   0.268193E+00   0.258360E-01  -0.520256E-16   0.258360E-01  -0.140474E-11
   18.384   0.267656E+00   0.257258E-01  -0.886403E-17   0.257258E-01  -0.137797E-11
   18.586   0.267174E+00   0.256410E-01   0.173198E-17   0.256410E-01  -0.135683E-11
   18.788   0.266762E+00   0.255823E-01   0.198340E-16   0.255823E-01  -0.133974E-11
   18.990   0.266436E+00   0.255504E-01   0.783002E-16   0.255504E-01  -0.132529E-11
   19.192   0.266215E+00   0.255465E-01   0.520699E-16   0.255465E-01  -0.131231E-11
   19.394   0.266122E+00   0.255728E-01   0.339484E-16   0.255728E-01  -0.129981E-11
   19.596   0.266190E+00   0.256328E-01   0.219396E-16   0.256328E-01  -0.128701E-11
   19.798   0.266476E+00   0.257330E-01   0.106797E-16   0.257330E-01  -0.127340E-11
   20.000   0.267133E+00   0.258877E-01  -0.856910E-17   0.258877E-01  -0.125876E-11
