    0.000   0.263267E+00   0.177804E-18  -0.104250E-18  -0.144035E-18  -0.121680E-09
    0.202   0.263255E+00   0.152613E-02  -0.109722E-08  -0.152613E-02  -0.191164E-10
    0.404   0.263200E+00   0.310450E-02  -0.153940E-09  -0.310450E-02  -0.117007E-10
    0.606   0.263122E+00   0.465925E-02  -0.182586E-09  -0.465925E-02  -0.937691E-11
    0.808   0.263018E+00   0.620409E-02  -0.163003E-09  -0.620409E-02  -0.685575E-11
    1.010   0.262888E+00   0.774081E-02  -0.172308E-09  -0.774081E-02  -0.540642E-11
    1.212   0.262735E+00   0.926524E-02  -0.109436E-09  -0.926524E-02  -0.396617E-11
    1.414   0.262561E+00   0.107720E-01  -0.969557E-10  -0.107720E-01  -0.292834E-11
    1.616   0.262369E+00   0.122514E-01  -0.937329E-10  -0.122514E-01  -0.224022E-11
    1.818   0.262161E+00   0.136911E-01  -0.818841E-10  -0.136911E-01  -0.154259E-11
    2.020   0.261941E+00   0.150747E-01  -0.813457E-10  -0.150747E-01  -0.910499E-12
    2.222   0.261710E+00   0.163819E-01  -0.743294E-10  -0.163819E-01  -0.365714E-12
    2.424   0.261472E+00   0.175896E-01  -0.744784E-10  -0.175896E-01   0.193871E-12
    2.626   0.261227E+00   0.186744E-01  -0.625074E-10  -0.186744E-01   0.705789E-12
    2.828   0.260974E+00   0.196137E-01  -0.569122E-10  -0.196137E-01   0.107032E-11
    3.030   0.260710E+00   0.203861E-01  -0.546650E-10  -0.203861E-01   0.152486E-11
    3.232   0.260427E+00   0.209664E-01  -0.486221E-10  -0.209664E-01   0.165520E-11
    3.434   0.260117E+00   0.213208E-01  -0.460156E-10  -0.213208E-01   0.189836E-11
    3.636   0.259771E+00   0.214051E-01  -0.384518E-10  -0.214051E-01   0.176238E-11
    3.838   0.259382E+00   0.211640E-01  -0.381855E-10  -0.211640E-01   0.192721E-11
    4.040   0.258946E+00   0.205210E-01  -0.356818E-10  -0.205210E-01   0.189004E-11
    4.242   0.258471E+00   0.193567E-01  -0.311443E-10  -0.193567E-01   0.183617E-11
    4.444   0.257986E+00   0.174878E-01  -0.293748E-10  -0.174878E-01   0.172970E-11
    4.646   0.257562E+00   0.146698E-01  -0.269711E-10  -0.146698E-01   0.156139E-11
    4.848   0.257339E+00   0.106477E-01  -0.257204E-10  -0.106477E-01   0.144373E-11
    5.051   0.257531E+00   0.529637E-02  -0.246198E-10  -0.529637E-02   0.131115E-11
    5.253   0.258353E+00   0.116585E-02  -0.237472E-10   0.116585E-02   0.116924E-11
    5.455   0.259881E+00   0.812727E-02  -0.227792E-10   0.812727E-02   0.103475E-11
    5.657   0.261962E+00   0.148863E-01  -0.218085E-10   0.148863E-01   0.891921E-12
    5.859   0.264310E+00   0.209792E-01  -0.210569E-10   0.209792E-01   0.794355E-12
    6.061   0.266657E+00   0.262276E-01  -0.203399E-10   0.262276E-01   0.689129E-12
    6.263   0.268829E+00   0.306279E-01  -0.204298E-10   0.306279E-01   0.658399E-12
    6.465   0.270740E+00   0.342516E-01  -0.198225E-10   0.342516E-01   0.584656E-12
    6.667   0.272369E+00   0.371935E-01  -0.192633E-10   0.371935E-01   0.523399E-12
    6.869   0.273728E+00   0.395496E-01  -0.187426E-10   0.395496E-01   0.471674E-12
    7.071   0.274847E+00   0.414083E-01  -0.182585E-10   0.414083E-01   0.427853E-12
    7.273   0.275760E+00   0.428474E-01  -0.177890E-10   0.428474E-01   0.388976E-12
    7.475   0.276501E+00   0.439341E-01  -0.173369E-10   0.439341E-01   0.353982E-12
    7.677   0.277102E+00   0.447257E-01  -0.169108E-10   0.447257E-01   0.324767E-12
    7.879   0.277589E+00   0.452707E-01  -0.165047E-10   0.452707E-01   0.299162E-12
    8.081   0.277985E+00   0.456100E-01  -0.161188E-10   0.456100E-01   0.277316E-12
    8.283   0.278306E+00   0.457783E-01  -0.157416E-10   0.457783E-01   0.256838E-12
    8.485   0.278570E+00   0.458043E-01  -0.153759E-10   0.458043E-01   0.238369E-12
    8.687   0.278786E+00   0.457124E-01  -0.150252E-10   0.457124E-01   0.221888E-12
    8.889   0.278965E+00   0.455232E-01  -0.146879E-10   0.455232E-01   0.206861E-12
    9.091   0.279115E+00   0.452537E-01  -0.143646E-10   0.452537E-01   0.193438E-12
    9.293   0.279241E+00   0.449187E-01  -0.140524E-10   0.449187E-01   0.180964E-12
    9.495   0.279348E+00   0.445302E-01  -0.137521E-10   0.445302E-01   0.169537E-12
    9.697   0.279440E+00   0.440986E-01  -0.134626E-10   0.440986E-01   0.158983E-12
    9.899   0.279520E+00   0.436327E-01  -0.131830E-10   0.436327E-01   0.149215E-12
   10.101   0.279590E+00   0.431398E-01  -0.129129E-10   0.431398E-01   0.140128E-12
   10.303   0.279652E+00   0.426262E-01  -0.126517E-10   0.426262E-01   0.131691E-12
   10.505   0.279708E+00   0.420972E-01  -0.123998E-10   0.420972E-01   0.123955E-12
   10.707   0.279759E+00   0.415572E-01  -0.121564E-10   0.415572E-01   0.116927E-12
   10.909   0.279805E+00   0.410100E-01  -0.119208E-10   0.410100E-01   0.110497E-12
   11.111   0.279847E+00   0.404587E-01  -0.116923E-10   0.404587E-01   0.104572E-12
   11.313   0.279886E+00   0.399060E-01  -0.114707E-10   0.399060E-01   0.990256E-13
   11.515   0.279922E+00   0.393542E-01  -0.112559E-10   0.393542E-01   0.937665E-13
   11.717   0.279956E+00   0.388050E-01  -0.110475E-10   0.388050E-01   0.887451E-13
   11.919   0.279988E+00   0.382601E-01  -0.108452E-10   0.382601E-01   0.839782E-13
   12.121   0.280019E+00   0.377207E-01  -0.106486E-10   0.377207E-01   0.794408E-13
   12.323   0.280047E+00   0.371878E-01  -0.104581E-10   0.371878E-01   0.752021E-13
   12.525   0.280075E+00   0.366624E-01  -0.102736E-10   0.366624E-01   0.712704E-13
   12.727   0.280100E+00   0.361450E-01  -0.100947E-10   0.361450E-01   0.676697E-13
   12.929   0.280125E+00   0.356363E-01  -0.992065E-11   0.356363E-01   0.643867E-13
   13.131   0.280148E+00   0.351366E-01  -0.975093E-11   0.351366E-01   0.614627E-13
   13.333   0.280171E+00   0.346461E-01  -0.958535E-11   0.346461E-01   0.588678E-13
   13.535   0.280192E+00   0.341653E-01  -0.942393E-11   0.341653E-01   0.565073E-13
   13.737   0.280212E+00   0.336941E-01  -0.926673E-11   0.336941E-01   0.543147E-13
   13.939   0.280231E+00   0.332326E-01  -0.911358E-11   0.332326E-01   0.522723E-13
   14.141   0.280250E+00   0.327809E-01  -0.896428E-11   0.327809E-01   0.503541E-13
   14.343   0.280267E+00   0.323389E-01  -0.881857E-11   0.323389E-01   0.485291E-13
   14.545   0.280284E+00   0.319066E-01  -0.867637E-11   0.319066E-01   0.468108E-13
   14.747   0.280300E+00   0.314839E-01  -0.853781E-11   0.314839E-01   0.452102E-13
   14.949   0.280315E+00   0.310706E-01  -0.840278E-11   0.310706E-01   0.437729E-13
   15.152   0.280330E+00   0.306666E-01  -0.827100E-11   0.306666E-01   0.425009E-13
   15.354   0.280344E+00   0.302717E-01  -0.814222E-11   0.302717E-01   0.414214E-13
   15.556   0.280357E+00   0.298857E-01  -0.801619E-11   0.298857E-01   0.405315E-13
   15.758   0.280370E+00   0.295085E-01  -0.789301E-11   0.295085E-01   0.398475E-13
   15.960   0.280382E+00   0.291399E-01  -0.777276E-11   0.291399E-01   0.393919E-13
   16.162   0.280393E+00   0.287796E-01  -0.765537E-11   0.287796E-01   0.391427E-13
   16.364   0.280404E+00   0.284275E-01  -0.754048E-11   0.284275E-01   0.390859E-13
   16.566   0.280414E+00   0.280834E-01  -0.742787E-11   0.280834E-01   0.392439E-13
   16.768   0.280424E+00   0.277469E-01  -0.731740E-11   0.277469E-01   0.395787E-13
   16.970   0.280433E+00   0.274181E-01  -0.720935E-11   0.274181E-01   0.400383E-13
   17.172   0.280442E+00   0.270965E-01  -0.710391E-11   0.270965E-01   0.406241E-13
   17.374   0.280451E+00   0.267821E-01  -0.700121E-11   0.267821E-01   0.413404E-13
   17.576   0.280459E+00   0.264745E-01  -0.690094E-11   0.264745E-01   0.421683E-13
   17.778   0.280466E+00   0.261737E-01  -0.680287E-11   0.261737E-01   0.430949E-13
   17.980   0.280473E+00   0.258794E-01  -0.670662E-11   0.258794E-01   0.441177E-13
   18.182   0.280480E+00   0.255915E-01  -0.661232E-11   0.255915E-01   0.452258E-13
   18.384   0.280486E+00   0.253097E-01  -0.652008E-11   0.253097E-01   0.463662E-13
   18.586   0.280492E+00   0.250338E-01  -0.642986E-11   0.250338E-01   0.474229E-13
   18.788   0.280498E+00   0.247637E-01  -0.634165E-11   0.247637E-01   0.482893E-13
   18.990   0.280502E+00   0.244993E-01  -0.625533E-11   0.244993E-01   0.488138E-13
   19.192   0.280507E+00   0.242402E-01  -0.617094E-11   0.242402E-01   0.487470E-13
   19.394   0.280510E+00   0.239864E-01  -0.608827E-11   0.239864E-01   0.477636E-13
   19.596   0.280513E+00   0.237378E-01  -0.600723E-11   0.237378E-01   0.454387E-13
   19.798   0.280515E+00   0.234941E-01  -0.592776E-11   0.234941E-01   0.412367E-13
   20.000   0.280515E+00   0.232553E-01  -0.584939E-11   0.232553E-01   0.349724E-13
