    0.000   0.257113E+00   0.266881E-14   0.266881E-14   0.166768E-17   0.218403E-12
    0.408   0.256366E+00   0.511676E-02   0.133375E-12  -0.511676E-02   0.242362E-12
    0.816   0.254674E+00   0.944071E-02   0.193504E-12  -0.944071E-02   0.289157E-12
    1.224   0.253072E+00   0.126073E-01   0.189856E-12  -0.126073E-01   0.254055E-12
    1.633   0.251849E+00   0.143313E-01   0.115723E-12  -0.143313E-01  -0.315569E-13
    2.041   0.250814E+00   0.138104E-01  -0.258086E-13  -0.138104E-01  -0.662736E-12
    2.449   0.249494E+00   0.974595E-02  -0.218098E-12  -0.974595E-02  -0.148659E-11
    2.857   0.248381E+00   0.729290E-03  -0.473407E-12  -0.729290E-03  -0.217326E-11
    3.265   0.249403E+00   0.126599E-01  -0.752335E-12   0.126599E-01  -0.242694E-11
    3.673   0.253123E+00   0.267943E-01  -0.984252E-12   0.267943E-01  -0.224740E-11
    4.082   0.257910E+00   0.382314E-01  -0.113082E-11   0.382314E-01  -0.188722E-11
    4.490   0.262274E+00   0.460278E-01  -0.119877E-11   0.460278E-01  -0.153365E-11
    4.898   0.265732E+00   0.507390E-01  -0.120227E-11   0.507390E-01  -0.124677E-11
    5.306   0.268344E+00   0.532174E-01  -0.115945E-11   0.532174E-01  -0.102553E-11
    5.714   0.270309E+00   0.541779E-01  -0.108646E-11   0.541779E-01  -0.856887E-12
    6.122   0.271811E+00   0.541384E-01  -0.997098E-12   0.541384E-01  -0.727164E-12
    6.531   0.272982E+00   0.534543E-01  -0.899934E-12   0.534543E-01  -0.626302E-12
    6.939   0.273917E+00   0.523662E-01  -0.801271E-12   0.523662E-01  -0.545149E-12
    7.347   0.274675E+00   0.510347E-01  -0.707434E-12   0.510347E-01  -0.479788E-12
    7.755   0.275298E+00   0.495677E-01  -0.619970E-12   0.495677E-01  -0.426381E-12
    8.163   0.275814E+00   0.480368E-01  -0.539532E-12   0.480368E-01  -0.382008E-12
    8.571   0.276243E+00   0.464897E-01  -0.468538E-12   0.464897E-01  -0.345146E-12
    8.980   0.276597E+00   0.449577E-01  -0.404776E-12   0.449577E-01  -0.313873E-12
    9.388   0.276888E+00   0.434604E-01  -0.349745E-12   0.434604E-01  -0.287256E-12
    9.796   0.277121E+00   0.420100E-01  -0.302359E-12   0.420100E-01  -0.264800E-12
   10.204   0.277300E+00   0.406133E-01  -0.260801E-12   0.406133E-01  -0.245317E-12
   10.612   0.277429E+00   0.392735E-01  -0.225724E-12   0.392735E-01  -0.228438E-12
   11.020   0.277509E+00   0.379911E-01  -0.196044E-12   0.379911E-01  -0.213987E-12
   11.429   0.277538E+00   0.367654E-01  -0.170951E-12   0.367654E-01  -0.201518E-12
   11.837   0.277514E+00   0.355943E-01  -0.149478E-12   0.355943E-01  -0.190932E-12
   12.245   0.277433E+00   0.344754E-01  -0.130665E-12   0.344754E-01  -0.181583E-12
   12.653   0.277290E+00   0.334054E-01  -0.114983E-12   0.334054E-01  -0.173778E-12
   13.061   0.277077E+00   0.323818E-01  -0.101619E-12   0.323818E-01  -0.167356E-12
   13.469   0.276787E+00   0.314019E-01  -0.893895E-13   0.314019E-01  -0.162133E-12
   13.878   0.276409E+00   0.304637E-01  -0.786504E-13   0.304637E-01  -0.158209E-12
   14.286   0.275933E+00   0.295653E-01  -0.684858E-13   0.295653E-01  -0.155565E-12
   14.694   0.275349E+00   0.287068E-01  -0.591295E-13   0.287068E-01  -0.154300E-12
   15.102   0.274645E+00   0.278878E-01  -0.504020E-13   0.278878E-01  -0.154429E-12
   15.510   0.273816E+00   0.271116E-01  -0.411234E-13   0.271116E-01  -0.155905E-12
   15.918   0.272857E+00   0.263829E-01  -0.324722E-13   0.263829E-01  -0.158789E-12
   16.327   0.271770E+00   0.257063E-01  -0.245335E-13   0.257063E-01  -0.163132E-12
   16.735   0.270564E+00   0.250912E-01  -0.167043E-13   0.250912E-01  -0.168636E-12
   17.143   0.269260E+00   0.245458E-01  -0.959572E-14   0.245458E-01  -0.175032E-12
   17.551   0.267892E+00   0.240802E-01  -0.427248E-14   0.240802E-01  -0.181952E-12
   17.959   0.266518E+00   0.237041E-01   0.212462E-15   0.237041E-01  -0.188664E-12
   18.367   0.265221E+00   0.234265E-01   0.318538E-14   0.234265E-01  -0.194439E-12
   18.776   0.264134E+00   0.232560E-01   0.406207E-14   0.232560E-01  -0.198468E-12
   19.184   0.263450E+00   0.232030E-01   0.403424E-14   0.232030E-01  -0.199731E-12
   19.592   0.263432E+00   0.232855E-01   0.261742E-14   0.232855E-01  -0.197746E-12
   20.000   0.264474E+00   0.235486E-01   0.147137E-15   0.235486E-01  -0.193880E-12
