    0.000   0.602409E-15  -0.168387E-11  -0.138554E+00  -0.280679E-11   0.137093E-14   0.162626E-11   0.423229E+00   0.113744E-10   0.681170E-15   0.565712E-14  -0.433034E-03  -0.906744E-14   0.110034E-15   0.151572E-11   0.447500E-03  -0.514777E-13   0.599843E-15  -0.384869E-12
    0.408   0.280178E-02  -0.292887E-11  -0.138508E+00  -0.287287E-11   0.179410E-01   0.176718E-11   0.421077E+00   0.122945E-10   0.170217E-01   0.107399E-11   0.836154E-03  -0.746299E-12   0.665696E-02   0.539137E-11  -0.332043E-02  -0.768417E-13   0.207795E-02  -0.125368E-11
    0.816   0.685155E-02  -0.429008E-11  -0.138142E+00  -0.301519E-11   0.358995E-01   0.164086E-11   0.415311E+00   0.142335E-10   0.359832E-01   0.226023E-11   0.363189E-02  -0.236049E-11   0.135447E-01   0.864414E-11  -0.125776E-01  -0.119778E-12   0.498353E-02  -0.230928E-11
    1.224   0.112635E-01  -0.543448E-11  -0.137267E+00  -0.311408E-11   0.543442E-01   0.125697E-11   0.407058E+00   0.171394E-10   0.573644E-01   0.365612E-11   0.759713E-02  -0.487624E-11   0.215951E-01   0.111043E-10  -0.252144E-01  -0.136483E-12   0.819626E-02  -0.308238E-11
    1.633   0.154486E-01  -0.604614E-11  -0.135721E+00  -0.305172E-11   0.737057E-01   0.524912E-12   0.395495E+00   0.212547E-10   0.819847E-01   0.528138E-11   0.125651E-01  -0.838862E-11   0.313120E-01   0.125602E-10  -0.422848E-01  -0.653351E-13   0.112943E-01  -0.332416E-11
    2.041   0.180176E-01  -0.591291E-11  -0.133694E+00  -0.283413E-11   0.948709E-01  -0.569108E-12   0.378201E+00   0.264238E-10   0.109550E+00   0.706133E-11   0.198685E-01  -0.129941E-10   0.442759E-01   0.127632E-10  -0.629729E-01   0.174389E-12   0.129044E-01  -0.284414E-11
    2.449   0.167305E-01  -0.499440E-11  -0.131475E+00  -0.280801E-11   0.118994E+00  -0.220736E-11   0.352150E+00   0.325155E-10   0.137493E+00   0.858473E-11   0.318892E-01  -0.185703E-10   0.633090E-01   0.121628E-10  -0.834362E-01   0.756108E-12   0.107425E-01  -0.175394E-11
    2.857   0.101163E-01  -0.359047E-11  -0.128974E+00  -0.350556E-11   0.145896E+00  -0.393671E-11   0.316044E+00   0.386116E-10   0.162935E+00   0.922451E-11   0.499012E-01  -0.243323E-10   0.903809E-01   0.111063E-10  -0.997735E-01   0.205424E-11   0.343795E-02  -0.323047E-12
    3.265  -0.604299E-04  -0.211152E-11  -0.125912E+00  -0.512849E-11   0.172330E+00  -0.573600E-11   0.273608E+00   0.439782E-10   0.184139E+00   0.869409E-11   0.708297E-01  -0.296863E-10   0.123209E+00   0.105003E-10  -0.109738E+00   0.424534E-11  -0.680698E-02   0.100411E-11
    3.673  -0.974230E-02  -0.925152E-12  -0.122190E+00  -0.730357E-11   0.194065E+00  -0.739841E-11   0.232074E+00   0.480761E-10   0.200866E+00   0.742013E-11   0.887469E-01  -0.340756E-10   0.155989E+00   0.105968E-10  -0.113447E+00   0.695041E-11  -0.155859E-01   0.199362E-11
    4.082  -0.163489E-01  -0.172327E-12  -0.117902E+00  -0.952473E-11   0.209604E+00  -0.856874E-11   0.196438E+00   0.510768E-10   0.213870E+00   0.600405E-11   0.100265E+00  -0.375631E-10   0.184270E+00   0.108823E-10  -0.112652E+00   0.963522E-11  -0.205808E-01   0.269169E-11
    4.490  -0.197595E-01   0.278767E-12  -0.113228E+00  -0.115137E-10   0.220091E+00  -0.960194E-11   0.167803E+00   0.532458E-10   0.224078E+00   0.475965E-11   0.105646E+00  -0.403836E-10   0.206765E+00   0.114295E-10  -0.109265E+00   0.119986E-10  -0.221761E-01   0.309674E-11
    4.898  -0.209035E-01   0.501328E-12  -0.108353E+00  -0.132172E-10   0.227298E+00  -0.102978E-10   0.145299E+00   0.549126E-10   0.232219E+00   0.375432E-11   0.106604E+00  -0.428047E-10   0.224006E+00   0.117837E-10  -0.104638E+00   0.139870E-10  -0.216537E-01   0.333879E-11
    5.306  -0.207099E-01   0.575467E-12  -0.103434E+00  -0.146681E-10   0.232586E+00  -0.108111E-10   0.127642E+00   0.561165E-10   0.238801E+00   0.296143E-11   0.104787E+00  -0.448185E-10   0.237034E+00   0.120228E-10  -0.995688E-01   0.156437E-10  -0.200966E-01   0.343337E-11
    5.714  -0.198209E-01   0.581501E-12  -0.985885E-01  -0.159018E-10   0.236783E+00  -0.113294E-10   0.113697E+00   0.571152E-10   0.244181E+00   0.233404E-11   0.101394E+00  -0.466398E-10   0.246845E+00   0.122881E-10  -0.944895E-01   0.170126E-10  -0.181744E-01   0.340460E-11
    6.122  -0.186216E-01   0.547863E-12  -0.938979E-01  -0.169770E-10   0.240341E+00  -0.117968E-10   0.102570E+00   0.578610E-10   0.248620E+00   0.183628E-11   0.972061E-01  -0.481936E-10   0.254242E+00   0.125092E-10  -0.896184E-01   0.181644E-10  -0.162385E-01   0.329558E-11
    6.531  -0.173259E-01   0.421920E-12  -0.894170E-01  -0.179101E-10   0.243488E+00  -0.118072E-10   0.935873E-01   0.584946E-10   0.252316E+00   0.143920E-11   0.927112E-01  -0.495988E-10   0.259838E+00   0.122902E-10  -0.850552E-01   0.191283E-10  -0.144499E-01   0.319994E-11
    6.939  -0.160470E-01   0.330215E-12  -0.851787E-01  -0.187359E-10   0.246334E+00  -0.120409E-10   0.862412E-01   0.589567E-10   0.255419E+00   0.111877E-11   0.881987E-01  -0.507842E-10   0.264088E+00   0.123109E-10  -0.808351E-01   0.199495E-10  -0.128665E-01   0.302924E-11
    7.347  -0.148416E-01   0.250584E-12  -0.811997E-01  -0.194693E-10   0.248928E+00  -0.123124E-10   0.801534E-01   0.593595E-10   0.258049E+00   0.862675E-12   0.838337E-01  -0.518586E-10   0.267326E+00   0.123933E-10  -0.769587E-01   0.206527E-10  -0.114982E-01   0.283030E-11
    7.755  -0.137375E-01   0.107439E-12  -0.774851E-01  -0.201209E-10   0.251292E+00  -0.121468E-10   0.750385E-01   0.596829E-10   0.260300E+00   0.655574E-12   0.797015E-01  -0.527900E-10   0.269799E+00   0.120599E-10  -0.734092E-01   0.212563E-10  -0.103335E-01   0.269576E-11
    8.163  -0.127477E-01   0.390038E-13  -0.740312E-01  -0.207036E-10   0.253437E+00  -0.123174E-10   0.706819E-01   0.599632E-10   0.262248E+00   0.488938E-12   0.758397E-01  -0.536242E-10   0.271689E+00   0.120890E-10  -0.701623E-01   0.217808E-10  -0.935561E-02   0.249431E-11
    8.571  -0.118791E-01  -0.710599E-13  -0.708292E-01  -0.212273E-10   0.255368E+00  -0.121499E-10   0.669204E-01   0.601806E-10   0.263956E+00   0.356077E-12   0.722564E-01  -0.543399E-10   0.273130E+00   0.118020E-10  -0.671909E-01   0.222405E-10  -0.854811E-02   0.235510E-11
    8.980  -0.111362E-01  -0.151925E-12  -0.678664E-01  -0.217011E-10   0.257090E+00  -0.120700E-10   0.636290E-01   0.603896E-10   0.265475E+00   0.249498E-12   0.689425E-01  -0.549980E-10   0.274219E+00   0.116248E-10  -0.644686E-01   0.226484E-10  -0.789841E-02   0.220528E-11
    9.388  -0.105241E-01  -0.204718E-12  -0.651287E-01  -0.221316E-10   0.258607E+00  -0.120656E-10   0.607115E-01   0.605709E-10   0.266850E+00   0.164447E-12   0.658801E-01  -0.555774E-10   0.275028E+00   0.115454E-10  -0.619705E-01   0.230137E-10  -0.739887E-02   0.204766E-11
    9.796  -0.100500E-01  -0.284738E-12  -0.626011E-01  -0.225283E-10   0.259923E+00  -0.118045E-10   0.580926E-01   0.607476E-10   0.268117E+00   0.972691E-13   0.630464E-01  -0.561093E-10   0.275610E+00   0.112235E-10  -0.596746E-01   0.233483E-10  -0.704735E-02   0.194084E-11
   10.204  -0.972386E-02  -0.343220E-12  -0.602690E-01  -0.228930E-10   0.261039E+00  -0.116142E-10   0.557128E-01   0.609135E-10   0.269311E+00   0.442806E-13   0.604167E-01  -0.565906E-10   0.275998E+00   0.109907E-10  -0.575614E-01   0.236538E-10  -0.684716E-02   0.182920E-11
   10.612  -0.955971E-02  -0.368575E-12  -0.581188E-01  -0.232401E-10   0.261956E+00  -0.115651E-10   0.535241E-01   0.610901E-10   0.270464E+00   0.248285E-14   0.579661E-01  -0.570440E-10   0.276217E+00   0.109091E-10  -0.556143E-01   0.239458E-10  -0.680767E-02   0.170563E-11
   11.020  -0.957720E-02  -0.404743E-12  -0.561378E-01  -0.235728E-10   0.262670E+00  -0.114086E-10   0.514871E-01   0.612841E-10   0.271605E+00  -0.306004E-13   0.556699E-01  -0.574812E-10   0.276279E+00   0.107324E-10  -0.538191E-01   0.242279E-10  -0.694501E-02   0.160762E-11
   11.429  -0.980145E-02  -0.429603E-12  -0.543153E-01  -0.238972E-10   0.263175E+00  -0.112328E-10   0.495687E-01   0.614653E-10   0.272766E+00  -0.557912E-13   0.535043E-01  -0.578735E-10   0.276187E+00   0.105438E-10  -0.521644E-01   0.245061E-10  -0.728214E-02   0.151358E-11
   11.837  -0.102650E-01  -0.476080E-12  -0.526416E-01  -0.242141E-10   0.263457E+00  -0.108774E-10   0.477401E-01   0.617192E-10   0.273976E+00  -0.761528E-13   0.514461E-01  -0.583103E-10   0.275936E+00   0.101841E-10  -0.506406E-01   0.247808E-10  -0.784997E-02   0.145541E-11
   12.245  -0.110091E-01  -0.485549E-12  -0.511090E-01  -0.245449E-10   0.263502E+00  -0.107113E-10   0.459754E-01   0.619652E-10   0.275268E+00  -0.911008E-13   0.494725E-01  -0.587126E-10   0.275512E+00   0.100156E-10  -0.492406E-01   0.250725E-10  -0.868884E-02   0.137514E-11
   12.653  -0.120859E-01  -0.478158E-12  -0.497113E-01  -0.248899E-10   0.263285E+00  -0.106244E-10   0.442506E-01   0.622622E-10   0.276675E+00  -0.102980E-12   0.475608E-01  -0.591410E-10   0.274893E+00   0.993654E-11  -0.479589E-01   0.253814E-10  -0.985007E-02   0.128393E-11
   13.061  -0.135569E-01  -0.500943E-12  -0.484438E-01  -0.252571E-10   0.262777E+00  -0.103181E-10   0.425428E-01   0.626253E-10   0.278234E+00  -0.111751E-12   0.456883E-01  -0.596131E-10   0.274048E+00   0.963856E-11  -0.467917E-01   0.257142E-10  -0.113952E-01   0.123280E-11
   13.469  -0.154967E-01  -0.494842E-12  -0.473027E-01  -0.256564E-10   0.261939E+00  -0.101233E-10   0.408293E-01   0.630023E-10   0.279980E+00  -0.117959E-12   0.438315E-01  -0.600782E-10   0.272938E+00   0.945671E-11  -0.457365E-01   0.260808E-10  -0.133989E-01   0.116174E-11
   13.878  -0.179904E-01  -0.505971E-12  -0.462854E-01  -0.261031E-10   0.260726E+00  -0.980528E-11   0.390875E-01   0.634950E-10   0.281948E+00  -0.122523E-12   0.419663E-01  -0.606402E-10   0.271510E+00   0.915917E-11  -0.447918E-01   0.264952E-10  -0.159469E-01   0.111014E-11
   14.286  -0.211368E-01  -0.493990E-12  -0.453897E-01  -0.265985E-10   0.259082E+00  -0.958472E-11   0.372943E-01   0.640160E-10   0.284169E+00  -0.124526E-12   0.400675E-01  -0.612148E-10   0.269703E+00   0.895803E-11  -0.439570E-01   0.269577E-10  -0.191386E-01   0.104518E-11
   14.694  -0.250395E-01  -0.465604E-12  -0.446131E-01  -0.271519E-10   0.256945E+00  -0.940144E-11   0.354268E-01   0.646545E-10   0.286667E+00  -0.125095E-12   0.381091E-01  -0.618936E-10   0.267442E+00   0.880364E-11  -0.432312E-01   0.274760E-10  -0.230793E-01   0.963292E-12
   15.102  -0.298145E-01  -0.477050E-12  -0.439527E-01  -0.277795E-10   0.254241E+00  -0.890241E-11   0.334622E-01   0.653391E-10   0.289453E+00  -0.123979E-12   0.360650E-01  -0.626105E-10   0.264639E+00   0.833725E-11  -0.426133E-01   0.280660E-10  -0.278867E-01   0.925221E-12
   15.510  -0.355634E-01  -0.467771E-12  -0.434036E-01  -0.284770E-10   0.250892E+00  -0.845899E-11   0.313789E-01   0.661348E-10   0.292516E+00  -0.120637E-12   0.339090E-01  -0.634337E-10   0.261197E+00   0.793347E-11  -0.421008E-01   0.287216E-10  -0.336659E-01   0.868671E-12
   15.918  -0.423744E-01  -0.432773E-12  -0.429582E-01  -0.292507E-10   0.246821E+00  -0.810486E-11   0.291584E-01   0.669839E-10   0.295818E+00  -0.115527E-12   0.316172E-01  -0.643150E-10   0.257010E+00   0.762611E-11  -0.416887E-01   0.294490E-10  -0.405090E-01   0.786141E-12
   16.327  -0.503147E-01  -0.414340E-12  -0.426057E-01  -0.300896E-10   0.241950E+00  -0.756335E-11   0.267865E-01   0.678964E-10   0.299282E+00  -0.108015E-12   0.291703E-01  -0.652703E-10   0.251969E+00   0.713717E-11  -0.413691E-01   0.302351E-10  -0.484876E-01   0.718693E-12
   16.735  -0.593891E-01  -0.412640E-12  -0.423312E-01  -0.309854E-10   0.236223E+00  -0.683303E-11   0.242560E-01   0.688409E-10   0.302793E+00  -0.986619E-13   0.265552E-01  -0.662808E-10   0.245979E+00   0.646628E-11  -0.411303E-01   0.310725E-10  -0.576129E-01   0.668680E-12
   17.143  -0.695616E-01  -0.373190E-12  -0.421175E-01  -0.319098E-10   0.229601E+00  -0.625111E-11   0.215677E-01   0.697797E-10   0.306202E+00  -0.876529E-13   0.237680E-01  -0.673188E-10   0.238959E+00   0.594935E-11  -0.409580E-01   0.319328E-10  -0.678548E-01   0.575775E-12
   17.551  -0.807273E-01  -0.344260E-12  -0.419452E-01  -0.328324E-10   0.222086E+00  -0.549071E-11   0.187322E-01   0.706675E-10   0.309336E+00  -0.751746E-13   0.208161E-01  -0.683516E-10   0.230868E+00   0.525627E-11  -0.408356E-01   0.327872E-10  -0.791154E-01   0.495992E-12
   17.959  -0.927342E-01  -0.355410E-12  -0.417968E-01  -0.337184E-10   0.213728E+00  -0.444384E-11   0.157679E-01   0.714831E-10   0.312031E+00  -0.625615E-13   0.177174E-01  -0.693693E-10   0.221711E+00   0.427717E-11  -0.407466E-01   0.336030E-10  -0.912490E-01   0.455075E-12
   18.367  -0.105419E+00  -0.276906E-12  -0.416586E-01  -0.345179E-10   0.204620E+00  -0.382170E-11   0.126953E-01   0.721626E-10   0.314155E+00  -0.502578E-13   0.144962E-01  -0.703191E-10   0.211548E+00   0.371793E-11  -0.406767E-01   0.343331E-10  -0.104098E+00   0.327039E-12
   18.776  -0.118694E+00  -0.281198E-12  -0.415252E-01  -0.352018E-10   0.194870E+00  -0.264211E-11   0.952586E-02   0.727124E-10   0.315658E+00  -0.395511E-13   0.111725E-01  -0.712130E-10   0.200459E+00   0.259737E-11  -0.406173E-01   0.349514E-10  -0.117579E+00   0.288289E-12
   19.184  -0.132636E+00  -0.241007E-12  -0.414000E-01  -0.357301E-10   0.184534E+00  -0.165564E-11   0.624442E-02   0.731371E-10   0.316579E+00  -0.317154E-13   0.774485E-02  -0.720614E-10   0.188486E+00   0.165915E-11  -0.405649E-01   0.354233E-10  -0.131774E+00   0.212894E-12
   19.592  -0.147489E+00  -0.163185E-12  -0.412888E-01  -0.360776E-10   0.173624E+00  -0.805086E-12   0.281147E-02   0.734930E-10   0.316976E+00  -0.265759E-13   0.419434E-02  -0.729183E-10   0.175652E+00   0.845660E-12  -0.405143E-01   0.357288E-10  -0.146941E+00   0.111127E-12
   20.000  -0.163218E+00  -0.138826E-13  -0.411939E-01  -0.362145E-10   0.162650E+00  -0.151154E-13  -0.727050E-03   0.739729E-10   0.316770E+00  -0.243922E-13   0.600156E-03  -0.739728E-10   0.162607E+00   0.761775E-13  -0.404487E-01   0.358491E-10  -0.163175E+00  -0.496365E-13
