    0.000  -0.149736E-16  -0.527163E-18   0.458592E-09   0.111976E-05   0.134351E-16   0.507025E-18  -0.100085E-08   0.497122E-06  -0.763472E-18  -0.346904E-19   0.101645E-10   0.241283E-08   0.396374E-17  -0.233437E-17  -0.277087E-11  -0.119795E-08  -0.194403E-17  -0.196681E-18
    0.202   0.190621E-02   0.135516E-14   0.430144E-09   0.105704E-05   0.123900E-01   0.117725E-13  -0.986964E-09   0.483752E-06   0.548063E-01  -0.744240E-14  -0.788277E-11   0.811847E-08   0.308481E-01  -0.170383E-13   0.111680E-10  -0.245630E-07   0.817814E-03   0.114316E-14
    0.404   0.454261E-02   0.207673E-14   0.359000E-09   0.908340E-06   0.245097E-01   0.236679E-13  -0.932227E-09   0.447292E-06   0.115480E+00  -0.150507E-13  -0.271639E-10   0.228652E-07   0.624549E-01  -0.350509E-13   0.376587E-10  -0.616064E-07   0.470817E-02   0.152056E-14
    0.606   0.791188E-02   0.414371E-14   0.289977E-09   0.765145E-06   0.368094E-01   0.349145E-13  -0.859225E-09   0.399508E-06   0.159190E+00  -0.190772E-13  -0.491844E-10   0.381230E-07   0.897735E-01  -0.528143E-13   0.561925E-10  -0.798042E-07   0.845043E-02   0.299409E-14
    0.808   0.109333E-01   0.619625E-14   0.232642E-09   0.643426E-06   0.495980E-01   0.461139E-13  -0.777517E-09   0.349124E-06   0.191619E+00  -0.222919E-13  -0.703617E-10   0.505553E-07   0.113803E+00  -0.687735E-13   0.663050E-10  -0.843570E-07   0.117201E-01   0.456086E-14
    1.010   0.133029E-01   0.811635E-14   0.186739E-09   0.541626E-06   0.627645E-01   0.575726E-13  -0.693305E-09   0.300899E-06   0.216129E+00  -0.242416E-13  -0.888073E-10   0.592235E-07   0.135059E+00  -0.839860E-13   0.704349E-10  -0.817834E-07   0.143888E-01   0.591400E-14
    1.212   0.149128E-01   0.958357E-14   0.150438E-09   0.456503E-06   0.761614E-01   0.683770E-13  -0.610844E-09   0.256944E-06   0.234833E+00  -0.237842E-13  -0.103633E-09   0.643354E-07   0.153893E+00  -0.974441E-13   0.706938E-10  -0.759670E-07   0.163708E-01   0.690126E-14
    1.414   0.157557E-01   0.110679E-13   0.121893E-09   0.385196E-06   0.896109E-01   0.789553E-13  -0.532859E-09   0.217960E-06   0.249138E+00  -0.222445E-13  -0.114456E-09   0.665121E-07   0.170612E+00  -0.109996E-12   0.685446E-10  -0.689128E-07   0.176716E-01   0.797745E-14
    1.616   0.158732E-01   0.118945E-13   0.995010E-10   0.325353E-06   0.102944E+00   0.896293E-13  -0.461177E-09   0.184020E-06   0.260069E+00  -0.201394E-13  -0.121354E-09   0.664571E-07   0.185467E+00  -0.120892E-12   0.649523E-10  -0.616098E-07   0.183183E-01   0.850292E-14
    1.818   0.153546E-01   0.109423E-13   0.818563E-10   0.274883E-06   0.115993E+00   0.101899E-12  -0.396678E-09   0.154787E-06   0.268406E+00  -0.170972E-13  -0.124578E-09   0.647422E-07   0.198685E+00  -0.129447E-12   0.605084E-10  -0.544909E-07   0.183897E-01   0.748619E-14
    2.020   0.143130E-01   0.887043E-14   0.678575E-10   0.232192E-06   0.128606E+00   0.115737E-12  -0.339620E-09   0.129795E-06   0.274743E+00  -0.137084E-13  -0.124544E-09   0.618298E-07   0.210450E+00  -0.137899E-12   0.556135E-10  -0.477994E-07   0.179805E-01   0.561469E-14
    2.222   0.128662E-01   0.638683E-14   0.567815E-10   0.196237E-06   0.140662E+00   0.129998E-12  -0.289952E-09   0.108626E-06   0.279487E+00  -0.102973E-13  -0.121900E-09   0.581757E-07   0.220909E+00  -0.147441E-12   0.506559E-10  -0.417370E-07   0.171799E-01   0.410161E-14
    2.424   0.111390E-01   0.411445E-14   0.478998E-10   0.165864E-06   0.152061E+00   0.144596E-12  -0.247168E-09   0.907660E-07   0.282999E+00  -0.723427E-14  -0.117187E-09   0.540509E-07   0.230195E+00  -0.156740E-12   0.457726E-10  -0.362848E-07   0.160928E-01   0.244786E-14
    2.626   0.924842E-02  -0.135849E-15   0.407223E-10   0.140217E-06   0.162732E+00   0.160157E-12  -0.210635E-09   0.757716E-07   0.285538E+00  -0.413117E-14  -0.110982E-09   0.496971E-07   0.238419E+00  -0.165484E-12   0.411060E-10  -0.314384E-07   0.148143E-01   0.197413E-16
    2.828   0.729613E-02  -0.334763E-14   0.348750E-10   0.118594E-06   0.172632E+00   0.172357E-12  -0.179635E-09   0.632400E-07   0.287309E+00  -0.891066E-15  -0.103810E-09   0.453033E-07   0.245678E+00  -0.171975E-12   0.367439E-10  -0.271698E-07   0.134275E-01  -0.281592E-14
    3.030   0.536689E-02  -0.662880E-14   0.300603E-10   0.100375E-06   0.181746E+00   0.182600E-12  -0.153426E-09   0.527947E-07   0.288488E+00   0.205310E-14  -0.960992E-10   0.409959E-07   0.252060E+00  -0.175967E-12   0.327247E-10  -0.234333E-07   0.120030E-01  -0.568877E-14
    3.232   0.352555E-02  -0.106590E-13   0.260480E-10   0.850122E-07   0.190083E+00   0.193290E-12  -0.131301E-09   0.441021E-07   0.289211E+00   0.478315E-14  -0.881962E-10   0.368617E-07   0.257649E+00  -0.179214E-12   0.290600E-10  -0.201767E-07   0.105965E-01  -0.923485E-14
    3.434   0.181766E-02  -0.138734E-13   0.226743E-10   0.720671E-07   0.197670E+00   0.201727E-12  -0.112628E-09   0.368797E-07   0.289588E+00   0.748000E-14  -0.803705E-10   0.329656E-07   0.262519E+00  -0.182158E-12   0.257499E-10  -0.173505E-07   0.924853E-02  -0.118204E-13
    3.636   0.272455E-03  -0.166093E-13   0.198059E-10   0.611428E-07   0.204547E+00   0.208773E-12  -0.968465E-10   0.308765E-07   0.289708E+00   0.970251E-14  -0.728081E-10   0.293392E-07   0.266742E+00  -0.183631E-12   0.227772E-10  -0.149059E-07   0.798739E-02  -0.147201E-13
    3.838  -0.109598E-02  -0.195152E-13   0.173587E-10   0.519411E-07   0.210764E+00   0.216697E-12  -0.834906E-10   0.258959E-07   0.289636E+00   0.112312E-13  -0.656491E-10   0.260124E-07   0.270387E+00  -0.186128E-12   0.201286E-10  -0.127985E-07   0.682921E-02  -0.167415E-13
    4.040  -0.228366E-02  -0.209837E-13   0.152522E-10   0.441696E-07   0.216375E+00   0.220438E-12  -0.721560E-10   0.217568E-07   0.289426E+00   0.124427E-13  -0.589676E-10   0.229842E-07   0.273517E+00  -0.186509E-12   0.177750E-10  -0.109832E-07   0.578261E-02  -0.185118E-13
    4.242  -0.329465E-02  -0.219998E-13   0.134303E-10   0.376048E-07   0.221436E+00   0.223095E-12  -0.625041E-10   0.183144E-07   0.289122E+00   0.137616E-13  -0.527982E-10   0.202497E-07   0.276191E+00  -0.187044E-12   0.156909E-10  -0.942356E-08   0.484971E-02  -0.193319E-13
    4.444  -0.413948E-02  -0.230819E-13   0.118447E-10   0.320478E-07   0.226000E+00   0.226913E-12  -0.542669E-10   0.154479E-07   0.288756E+00   0.150488E-13  -0.471596E-10   0.177966E-07   0.278463E+00  -0.188584E-12   0.138471E-10  -0.808163E-08   0.402662E-02  -0.199746E-13
    4.646  -0.483091E-02  -0.233212E-13   0.104601E-10   0.273396E-07   0.230119E+00   0.228576E-12  -0.472104E-10   0.130565E-07   0.288354E+00   0.159393E-13  -0.420378E-10   0.156067E-07   0.280382E+00  -0.188482E-12   0.122192E-10  -0.692981E-08   0.330793E-02  -0.208953E-13
    4.848  -0.538395E-02  -0.239076E-13   0.924829E-11   0.233464E-07   0.233841E+00   0.230467E-12  -0.411503E-10   0.110595E-07   0.287933E+00   0.164841E-13  -0.374143E-10   0.136620E-07   0.281993E+00  -0.189283E-12   0.107836E-10  -0.594033E-08   0.268563E-02  -0.209047E-13
    5.051  -0.581417E-02  -0.245772E-13   0.818579E-11   0.199565E-07   0.237208E+00   0.233744E-12  -0.359305E-10   0.938928E-08   0.287507E+00   0.171741E-13  -0.332584E-10   0.119417E-07   0.283335E+00  -0.190978E-12   0.951935E-11  -0.509119E-08   0.215098E-02  -0.213604E-13
    5.253  -0.613693E-02  -0.247730E-13   0.724989E-11   0.170713E-07   0.240259E+00   0.235455E-12  -0.314212E-10   0.798846E-08   0.287088E+00   0.178858E-13  -0.295346E-10   0.104230E-07   0.284445E+00  -0.191628E-12   0.840426E-11  -0.436102E-08   0.169481E-02  -0.216590E-13
    5.455  -0.636695E-02  -0.250790E-13   0.642564E-11   0.146134E-07   0.243029E+00   0.236194E-12  -0.275157E-10   0.681163E-08   0.286682E+00   0.181814E-13  -0.262071E-10   0.908586E-08   0.285354E+00  -0.191625E-12   0.742226E-11  -0.373422E-08   0.130814E-02  -0.214291E-13
    5.657  -0.651802E-02  -0.253015E-13   0.569835E-11   0.125166E-07   0.245547E+00   0.238050E-12  -0.241268E-10   0.582178E-08   0.286294E+00   0.185497E-13  -0.232412E-10   0.791150E-08   0.286089E+00  -0.192341E-12   0.655703E-11  -0.319508E-08   0.982164E-03  -0.216827E-13
    5.859  -0.660268E-02  -0.253123E-13   0.505638E-11   0.107270E-07   0.247842E+00   0.238025E-12  -0.211799E-10   0.498785E-08   0.285927E+00   0.191232E-13  -0.206022E-10   0.688196E-08   0.286676E+00  -0.191375E-12   0.579498E-11  -0.273166E-08   0.708740E-03  -0.219913E-13
    6.061  -0.663225E-02  -0.254185E-13   0.448866E-11   0.919665E-08   0.249935E+00   0.239760E-12  -0.186118E-10   0.428367E-08   0.285585E+00   0.193404E-13  -0.182565E-10   0.598014E-08   0.287134E+00  -0.192618E-12   0.512330E-11  -0.233284E-08   0.480336E-03  -0.217931E-13
    6.263  -0.661686E-02  -0.256851E-13   0.398541E-11   0.788475E-08   0.251848E+00   0.241469E-12  -0.163680E-10   0.368737E-08   0.285267E+00   0.193621E-13  -0.161717E-10   0.519034E-08   0.287482E+00  -0.194458E-12   0.453040E-11  -0.198898E-08   0.290118E-03  -0.208669E-13
    6.465  -0.656575E-02  -0.252501E-13   0.354047E-11   0.676285E-08   0.253598E+00   0.241301E-12  -0.144089E-10   0.318329E-08   0.284975E+00   0.191713E-13  -0.143249E-10   0.450092E-08   0.287737E+00  -0.195424E-12   0.400804E-11  -0.169330E-08   0.131611E-03  -0.195917E-13
    6.667  -0.648675E-02  -0.237366E-13   0.314637E-11   0.580111E-08   0.255201E+00   0.236323E-12  -0.126943E-10   0.275595E-08   0.284708E+00   0.187831E-13  -0.126879E-10   0.389893E-08   0.287911E+00  -0.191990E-12   0.354736E-11  -0.143859E-08  -0.710705E-06  -0.193998E-13
    6.869  -0.638685E-02  -0.230968E-13   0.279701E-11   0.497569E-08   0.256670E+00   0.231890E-12  -0.111918E-10   0.239313E-08   0.284467E+00   0.181010E-13  -0.112378E-10   0.337349E-08   0.288018E+00  -0.189637E-12   0.314082E-11  -0.121896E-08  -0.111918E-03  -0.180329E-13
    7.071  -0.627219E-02  -0.216654E-13   0.248721E-11   0.426662E-08   0.258019E+00   0.224917E-12  -0.987355E-11   0.208470E-08   0.284250E+00   0.170214E-13  -0.995342E-11   0.291504E-08   0.288067E+00  -0.185563E-12   0.278195E-11  -0.102945E-08  -0.206557E-03  -0.166354E-13
    7.273  -0.614811E-02  -0.193837E-13   0.221243E-11   0.365703E-08   0.259257E+00   0.213608E-12  -0.871577E-11   0.182222E-08   0.284057E+00   0.156137E-13  -0.881626E-11   0.251517E-08   0.288067E+00  -0.177216E-12   0.246506E-11  -0.865831E-09  -0.288714E-03  -0.160322E-13
    7.475  -0.601924E-02  -0.179463E-13   0.196830E-11   0.313255E-08   0.260393E+00   0.202458E-12  -0.769804E-11   0.159857E-08   0.283888E+00   0.141373E-13  -0.780965E-11   0.216646E-08   0.288025E+00  -0.168829E-12   0.218483E-11  -0.724466E-09  -0.362009E-03  -0.150223E-13
    7.677  -0.588969E-02  -0.155769E-13   0.175136E-11   0.268093E-08   0.261437E+00   0.188477E-12  -0.680267E-11   0.140783E-08   0.283741E+00   0.124895E-13  -0.691870E-11   0.186238E-08   0.287948E+00  -0.158619E-12   0.193700E-11  -0.602251E-09  -0.429744E-03  -0.139365E-13
    7.879  -0.576316E-02  -0.131555E-13   0.155870E-11   0.229179E-08   0.262395E+00   0.174639E-12  -0.601420E-11   0.124500E-08   0.283617E+00   0.106599E-13  -0.613003E-11   0.159723E-08   0.287841E+00  -0.148892E-12   0.171793E-11  -0.496525E-09  -0.494986E-03  -0.126514E-13
    8.081  -0.564281E-02  -0.111401E-13   0.138761E-11   0.195626E-08   0.263274E+00   0.159776E-12  -0.531946E-11   0.110586E-08   0.283513E+00   0.888204E-14  -0.543197E-11   0.136602E-08   0.287708E+00  -0.137812E-12   0.152421E-11  -0.405003E-09  -0.560459E-03  -0.114137E-13
    8.283  -0.553141E-02  -0.950440E-14   0.123559E-11   0.166678E-08   0.264079E+00   0.146452E-12  -0.470690E-11   0.986893E-09   0.283431E+00   0.722388E-14  -0.481409E-11   0.116440E-08   0.287554E+00  -0.128264E-12   0.135278E-11  -0.325725E-09  -0.628629E-03  -0.978344E-14
    8.485  -0.543168E-02  -0.731942E-14   0.110030E-11   0.141688E-08   0.264815E+00   0.133351E-12  -0.416648E-11   0.885092E-09   0.283369E+00   0.561165E-14  -0.426716E-11   0.988551E-09   0.287381E+00  -0.118832E-12   0.120086E-11  -0.257005E-09  -0.701970E-03  -0.886031E-14
    8.687  -0.534596E-02  -0.583537E-14   0.980051E-12   0.120101E-08   0.265488E+00   0.120811E-12  -0.368950E-11   0.797918E-09   0.283327E+00   0.420179E-14  -0.378302E-11   0.835145E-09   0.287191E+00  -0.109430E-12   0.106638E-11  -0.197393E-09  -0.782716E-03  -0.770611E-14
    8.889  -0.527642E-02  -0.487800E-14   0.873077E-12   0.101442E-08   0.266100E+00   0.109523E-12  -0.326829E-11   0.723225E-09   0.283306E+00   0.284594E-14  -0.335444E-11   0.701284E-09   0.286988E+00  -0.100994E-12   0.947243E-12  -0.145646E-09  -0.872991E-03  -0.627618E-14
    9.091  -0.522527E-02  -0.330977E-14   0.777816E-12   0.853057E-09   0.266655E+00   0.980455E-13  -0.289622E-11   0.659192E-09   0.283304E+00   0.151032E-14  -0.297504E-11   0.584443E-09   0.286772E+00  -0.921729E-13   0.841559E-12  -0.100687E-09  -0.975013E-03  -0.564787E-14
    9.293  -0.519471E-02  -0.241831E-14   0.693097E-12   0.713426E-09   0.267156E+00   0.886637E-13  -0.256727E-11   0.604281E-09   0.283323E+00   0.314838E-15  -0.263900E-11   0.482427E-09   0.286544E+00  -0.853800E-13   0.747906E-12  -0.615956E-10  -0.109100E-02  -0.442667E-14
    9.495  -0.518670E-02  -0.173467E-14   0.617786E-12   0.592521E-09   0.267606E+00   0.804232E-13  -0.227633E-11   0.557170E-09   0.283362E+00  -0.735530E-15  -0.234134E-11   0.393315E-09   0.286305E+00  -0.795420E-13   0.664932E-12  -0.275715E-10  -0.122304E-02  -0.311307E-14
    9.697  -0.520330E-02  -0.914420E-15   0.550740E-12   0.487770E-09   0.268006E+00   0.707270E-13  -0.201899E-11   0.516744E-09   0.283421E+00  -0.158786E-14  -0.207770E-11   0.315440E-09   0.286056E+00  -0.713977E-13   0.591317E-12   0.207295E-11  -0.137333E-02  -0.277916E-14
    9.899  -0.524681E-02  -0.844881E-15   0.491012E-12   0.396954E-09   0.268359E+00   0.626456E-13  -0.179119E-11   0.482047E-09   0.283502E+00  -0.221521E-14  -0.184406E-11   0.247347E-09   0.285796E+00  -0.645900E-13   0.525980E-12   0.279309E-10  -0.154428E-02  -0.195517E-14
   10.101  -0.531950E-02   0.108944E-15   0.437950E-12   0.318169E-09   0.268665E+00   0.507208E-13  -0.158956E-11   0.452269E-09   0.283604E+00  -0.272612E-14  -0.163707E-11   0.187775E-09   0.285526E+00  -0.539081E-13   0.468118E-12   0.505146E-10  -0.173833E-02  -0.204893E-14
   10.303  -0.542377E-02   0.737965E-15   0.390697E-12   0.249774E-09   0.268925E+00   0.413034E-13  -0.141107E-11   0.426719E-09   0.283730E+00  -0.318420E-14  -0.145370E-11   0.135623E-09   0.285245E+00  -0.456021E-13   0.416726E-12   0.702671E-10  -0.195807E-02  -0.179721E-14
   10.505  -0.556231E-02   0.138284E-14   0.348626E-12   0.190353E-09   0.269141E+00   0.328865E-13  -0.125295E-11   0.404802E-09   0.283878E+00  -0.357216E-14  -0.129115E-11   0.899313E-10   0.284952E+00  -0.385067E-13   0.371090E-12   0.875716E-10  -0.220635E-02  -0.134997E-14
   10.707  -0.573766E-02   0.211639E-14   0.311256E-12   0.138686E-09   0.269313E+00   0.230749E-13  -0.111294E-11   0.386013E-09   0.284051E+00  -0.385636E-14  -0.114714E-11   0.498649E-10   0.284646E+00  -0.295176E-13   0.330669E-12   0.102760E-09  -0.248593E-02  -0.136093E-14
   10.909  -0.595319E-02   0.198587E-14   0.278019E-12   0.937224E-10   0.269440E+00   0.167665E-13  -0.988815E-12   0.369921E-09   0.284250E+00  -0.407992E-14  -0.101942E-11   0.146986E-10   0.284326E+00  -0.237067E-13   0.294819E-12   0.116117E-09  -0.280033E-02  -0.854586E-15
   11.111  -0.621204E-02   0.237144E-14   0.248572E-12   0.545532E-10   0.269523E+00   0.950395E-14  -0.878777E-12   0.356155E-09   0.284477E+00  -0.417965E-14  -0.906148E-12  -0.162008E-10   0.283990E+00  -0.168353E-13   0.263119E-12   0.127893E-09  -0.315290E-02  -0.964562E-15
   11.313  -0.651812E-02   0.247192E-14   0.222368E-12   0.203914E-10   0.269560E+00   0.338503E-14  -0.781257E-12   0.344398E-09   0.284732E+00  -0.422057E-14  -0.805730E-12  -0.433856E-10   0.283637E+00  -0.109725E-13   0.234989E-12   0.138303E-09  -0.354770E-02  -0.765514E-15
   11.515  -0.687522E-02   0.238116E-14   0.198959E-12  -0.944100E-11   0.269552E+00  -0.968803E-15  -0.694686E-12   0.334378E-09   0.285017E+00  -0.428337E-14  -0.716570E-12  -0.673367E-10   0.283265E+00  -0.672712E-14   0.209919E-12   0.147534E-09  -0.398873E-02  -0.696878E-15
   11.717  -0.728774E-02   0.232094E-14   0.178174E-12  -0.355297E-10   0.269495E+00  -0.424600E-14  -0.617939E-12   0.325862E-09   0.285335E+00  -0.443150E-14  -0.637513E-12  -0.884728E-10   0.282871E+00  -0.370014E-14   0.187685E-12   0.155747E-09  -0.448056E-02  -0.459401E-15
   11.919  -0.776043E-02   0.218646E-14   0.159730E-12  -0.583803E-10   0.269390E+00  -0.466743E-14  -0.549890E-12   0.318653E-09   0.285687E+00  -0.459305E-14  -0.567401E-12  -0.107159E-09   0.282453E+00  -0.381346E-14   0.168015E-12   0.163084E-09  -0.502813E-02   0.113089E-15
   12.121  -0.829868E-02   0.205156E-14   0.143408E-12  -0.784329E-10   0.269234E+00  -0.660700E-14  -0.489411E-12   0.312578E-09   0.286076E+00  -0.471907E-14  -0.505089E-12  -0.123713E-09   0.282008E+00  -0.265750E-14   0.150643E-12   0.169667E-09  -0.563698E-02   0.900607E-15
   12.323  -0.890840E-02   0.253032E-14   0.128947E-12  -0.960671E-10   0.269024E+00  -0.114636E-13  -0.435816E-12   0.307492E-09   0.286503E+00  -0.481948E-14  -0.449875E-12  -0.138414E-09   0.281532E+00   0.163578E-14   0.135251E-12   0.175602E-09  -0.631318E-02   0.103596E-14
   12.525  -0.959571E-02   0.274661E-14   0.116041E-12  -0.111612E-09   0.268758E+00  -0.167878E-13  -0.388387E-12   0.303268E-09   0.286971E+00  -0.483644E-14  -0.401009E-12  -0.151504E-09   0.281021E+00   0.717004E-14   0.121547E-12   0.180981E-09  -0.706305E-02   0.654558E-15
   12.727  -0.103672E-01   0.294663E-14   0.104216E-12  -0.125352E-09   0.268432E+00  -0.219332E-13  -0.346199E-12   0.299799E-09   0.287483E+00  -0.481667E-14  -0.357536E-12  -0.163195E-09   0.280473E+00   0.125488E-13   0.109042E-12   0.185886E-09  -0.789335E-02   0.367928E-15
   12.929  -0.112305E-01   0.348361E-14   0.935579E-13  -0.137536E-09   0.268043E+00  -0.287771E-13  -0.308780E-12   0.296992E-09   0.288040E+00  -0.479909E-14  -0.318979E-12  -0.173672E-09   0.279881E+00   0.191788E-13   0.977792E-13   0.190385E-09  -0.881186E-02   0.206317E-15
   13.131  -0.121929E-01   0.389061E-14   0.843010E-13  -0.148376E-09   0.267588E+00  -0.338279E-13  -0.275572E-12   0.294766E-09   0.288646E+00  -0.474464E-14  -0.284759E-12  -0.183097E-09   0.279242E+00   0.241863E-13   0.879966E-13   0.194540E-09  -0.982607E-02  -0.699078E-16
   13.333  -0.132640E-01   0.379327E-14   0.760845E-13  -0.158061E-09   0.267060E+00  -0.368383E-13  -0.245998E-12   0.293054E-09   0.289304E+00  -0.466654E-14  -0.254284E-12  -0.191612E-09   0.278550E+00   0.274558E-13   0.793408E-13   0.198404E-09  -0.109457E-01  -0.118860E-15
   13.535  -0.144520E-01   0.398467E-14   0.685317E-13  -0.166750E-09   0.266456E+00  -0.395733E-13  -0.219667E-12   0.291796E-09   0.290016E+00  -0.452770E-14  -0.227153E-12  -0.199340E-09   0.277798E+00   0.304704E-13   0.714120E-13   0.202023E-09  -0.121792E-01  -0.500135E-15
   13.737  -0.157670E-01   0.411906E-14   0.615500E-13  -0.174583E-09   0.265769E+00  -0.398709E-13  -0.196347E-12   0.290941E-09   0.290784E+00  -0.444349E-14  -0.203123E-12  -0.206390E-09   0.276980E+00   0.306645E-13   0.640927E-13   0.205437E-09  -0.135368E-01  -0.507652E-15
   13.939  -0.172188E-01   0.356335E-14   0.552487E-13  -0.181681E-09   0.264994E+00  -0.365313E-13  -0.175599E-12   0.290446E-09   0.291611E+00  -0.436986E-14  -0.181744E-12  -0.212858E-09   0.276089E+00   0.271503E-13   0.575028E-13   0.208681E-09  -0.150286E-01   0.264389E-15
   14.141  -0.188192E-01   0.304989E-14   0.497593E-13  -0.188150E-09   0.264124E+00  -0.320137E-13  -0.157011E-12   0.290272E-09   0.292499E+00  -0.422078E-14  -0.162595E-12  -0.218825E-09   0.275117E+00   0.231071E-13   0.517679E-13   0.211784E-09  -0.166666E-01   0.393982E-15
   14.343  -0.205782E-01   0.227213E-14   0.448654E-13  -0.194080E-09   0.263152E+00  -0.259652E-13  -0.140550E-12   0.290384E-09   0.293450E+00  -0.401624E-14  -0.145634E-12  -0.224365E-09   0.274055E+00   0.176831E-13   0.466625E-13   0.214772E-09  -0.184613E-01   0.616225E-15
   14.545  -0.225085E-01   0.189697E-14   0.403407E-13  -0.199550E-09   0.262070E+00  -0.219844E-13  -0.125874E-12   0.290755E-09   0.294466E+00  -0.382829E-14  -0.130508E-12  -0.229542E-09   0.272893E+00   0.139860E-13   0.419695E-13   0.217667E-09  -0.204252E-01   0.808746E-15
   14.747  -0.246228E-01   0.174364E-14   0.363863E-13  -0.204627E-09   0.260869E+00  -0.195356E-13  -0.112830E-12   0.291357E-09   0.295547E+00  -0.359881E-14  -0.117062E-12  -0.234411E-09   0.271622E+00   0.120225E-13   0.378538E-13   0.220487E-09  -0.225717E-01   0.591177E-15
   14.949  -0.269343E-01   0.147078E-14   0.330475E-13  -0.209369E-09   0.259541E+00  -0.160118E-13  -0.101263E-12   0.292168E-09   0.296695E+00  -0.337370E-14  -0.105137E-12  -0.239020E-09   0.270230E+00   0.887992E-14   0.343505E-13   0.223248E-09  -0.249141E-01   0.484206E-15
   15.152  -0.294551E-01   0.150635E-14   0.301340E-13  -0.213827E-09   0.258075E+00  -0.147731E-13  -0.909405E-13   0.293165E-09   0.297909E+00  -0.319119E-14  -0.944954E-13  -0.243413E-09   0.268705E+00   0.801397E-14   0.313069E-13   0.225963E-09  -0.274651E-01   0.124890E-15
   15.354  -0.321977E-01   0.139012E-14   0.274563E-13  -0.218040E-09   0.256463E+00  -0.134467E-13  -0.816376E-13   0.294327E-09   0.299189E+00  -0.302490E-14  -0.849032E-13  -0.247625E-09   0.267035E+00   0.720157E-14   0.285153E-13   0.228639E-09  -0.302375E-01  -0.229540E-15
   15.556  -0.351742E-01   0.979959E-15   0.250048E-13  -0.222043E-09   0.254693E+00  -0.839739E-14  -0.733445E-13   0.295636E-09   0.300532E+00  -0.290491E-14  -0.763513E-13  -0.251687E-09   0.265207E+00   0.246791E-14   0.259658E-13   0.231285E-09  -0.332439E-01  -0.125979E-15
   15.758  -0.383974E-01   0.940063E-15   0.228858E-13  -0.225866E-09   0.252754E+00  -0.463777E-14  -0.659417E-13   0.297073E-09   0.301935E+00  -0.286522E-14  -0.687206E-13  -0.255625E-09   0.263205E+00  -0.122556E-14   0.237565E-13   0.233904E-09  -0.364976E-01  -0.152293E-15
   15.960  -0.418784E-01   0.268157E-15   0.212554E-13  -0.229531E-09   0.250637E+00   0.185879E-14  -0.593508E-13   0.298618E-09   0.303394E+00  -0.287621E-14  -0.619242E-13  -0.259463E-09   0.261016E+00  -0.758763E-14   0.220387E-13   0.236499E-09  -0.400103E-01   0.376268E-15
   16.162  -0.456283E-01  -0.117854E-15   0.199044E-13  -0.233056E-09   0.248329E+00   0.715261E-14  -0.534859E-13   0.300255E-09   0.304903E+00  -0.290085E-14  -0.558713E-13  -0.263218E-09   0.258625E+00  -0.127189E-13   0.206190E-13   0.239069E-09  -0.437938E-01   0.504246E-15
   16.364  -0.496584E-01  -0.368124E-16   0.186137E-13  -0.236453E-09   0.245819E+00   0.113367E-13  -0.482664E-13   0.301965E-09   0.306455E+00  -0.302320E-14  -0.504845E-13  -0.266905E-09   0.256015E+00  -0.171561E-13   0.192639E-13   0.241611E-09  -0.478599E-01   0.584556E-15
   16.566  -0.539732E-01  -0.526509E-15   0.174515E-13  -0.239731E-09   0.243097E+00   0.159619E-13  -0.435283E-13   0.303726E-09   0.308041E+00  -0.318023E-14  -0.455965E-13  -0.270535E-09   0.253172E+00  -0.219163E-13   0.180259E-13   0.244121E-09  -0.522138E-01   0.115082E-14
   16.768  -0.585790E-01  -0.567015E-15   0.164503E-13  -0.242892E-09   0.240152E+00   0.203859E-13  -0.391770E-13   0.305519E-09   0.309649E+00  -0.337909E-14  -0.411083E-13  -0.274114E-09   0.250081E+00  -0.267136E-13   0.169604E-13   0.246590E-09  -0.568627E-01   0.148090E-14
   16.970  -0.634782E-01  -0.102737E-15   0.156179E-13  -0.245936E-09   0.236978E+00   0.221351E-13  -0.352442E-13   0.307322E-09   0.311268E+00  -0.364153E-14  -0.370519E-13  -0.277646E-09   0.246728E+00  -0.292835E-13   0.160752E-13   0.249008E-09  -0.618095E-01   0.184468E-14
   17.172  -0.686743E-01  -0.225177E-15   0.150522E-13  -0.248861E-09   0.233564E+00   0.254225E-13  -0.316229E-13   0.309115E-09   0.312883E+00  -0.388665E-14  -0.333170E-13  -0.281135E-09   0.243098E+00  -0.329166E-13   0.154492E-13   0.251365E-09  -0.670586E-01   0.241006E-14
   17.374  -0.741613E-01  -0.399713E-15   0.145103E-13  -0.251658E-09   0.229905E+00   0.284498E-13  -0.283302E-13   0.310872E-09   0.314477E+00  -0.409440E-14  -0.299172E-13  -0.284575E-09   0.239182E+00  -0.360047E-13   0.148539E-13   0.253646E-09  -0.726045E-01   0.276423E-14
   17.576  -0.799341E-01  -0.323343E-15   0.139488E-13  -0.254317E-09   0.225999E+00   0.288800E-13  -0.254194E-13   0.312573E-09   0.316033E+00  -0.426021E-14  -0.269030E-13  -0.287965E-09   0.234970E+00  -0.365648E-13   0.142603E-13   0.255837E-09  -0.784431E-01   0.299207E-14
   17.778  -0.859828E-01  -0.622645E-15   0.135014E-13  -0.256825E-09   0.221844E+00   0.304746E-13  -0.226440E-13   0.314194E-09   0.317531E+00  -0.437010E-14  -0.240290E-13  -0.291298E-09   0.230455E+00  -0.380882E-13   0.137905E-13   0.257921E-09  -0.845650E-01   0.345165E-14
   17.980  -0.922915E-01  -0.288235E-15   0.130507E-13  -0.259167E-09   0.217445E+00   0.299571E-13  -0.200997E-13   0.315713E-09   0.318951E+00  -0.443337E-14  -0.213999E-13  -0.294565E-09   0.225636E+00  -0.373191E-13   0.133046E-13   0.259878E-09  -0.909548E-01   0.318843E-14
   18.182  -0.988449E-01  -0.318612E-16   0.125861E-13  -0.261327E-09   0.212806E+00   0.264968E-13  -0.177170E-13   0.317108E-09   0.320271E+00  -0.445635E-14  -0.189357E-13  -0.297760E-09   0.220514E+00  -0.337554E-13   0.128035E-13   0.261692E-09  -0.975977E-01   0.313119E-14
   18.384  -0.105619E+00   0.207299E-15   0.122277E-13  -0.263288E-09   0.207940E+00   0.236582E-13  -0.153956E-13   0.318363E-09   0.321471E+00  -0.445413E-14  -0.165364E-13  -0.300872E-09   0.215097E+00  -0.308330E-13   0.124215E-13   0.263343E-09  -0.104470E+00   0.317745E-14
   18.586  -0.112592E+00   0.639816E-15   0.118959E-13  -0.265030E-09   0.202864E+00   0.197951E-13  -0.131672E-13   0.319462E-09   0.322528E+00  -0.442359E-14  -0.142379E-13  -0.303897E-09   0.209396E+00  -0.268031E-13   0.120693E-13   0.264812E-09  -0.111550E+00   0.300000E-14
   18.788  -0.119733E+00   0.803590E-15   0.116044E-13  -0.266537E-09   0.197602E+00   0.169121E-13  -0.110398E-13   0.320395E-09   0.323421E+00  -0.436745E-14  -0.120428E-13  -0.306829E-09   0.203435E+00  -0.236768E-13   0.117624E-13   0.266081E-09  -0.118808E+00   0.300108E-14
   18.990  -0.127014E+00   0.755058E-15   0.113342E-13  -0.267792E-09   0.192184E+00   0.140873E-13  -0.894565E-14   0.321162E-09   0.324133E+00  -0.430401E-14  -0.988465E-14  -0.309670E-09   0.197240E+00  -0.205098E-13   0.114836E-13   0.267134E-09  -0.126216E+00   0.316038E-14
   19.192  -0.134405E+00   0.113139E-14   0.110880E-13  -0.268781E-09   0.186650E+00   0.912827E-14  -0.692817E-14   0.321770E-09   0.324648E+00  -0.424515E-14  -0.781325E-14  -0.312431E-09   0.190851E+00  -0.151986E-13   0.112282E-13   0.267957E-09  -0.133745E+00   0.293104E-14
   19.394  -0.141879E+00   0.130557E-14   0.108826E-13  -0.269492E-09   0.181051E+00   0.654421E-14  -0.502669E-14   0.322249E-09   0.324953E+00  -0.417906E-14  -0.586881E-14  -0.315137E-09   0.184320E+00  -0.122778E-13   0.110126E-13   0.268538E-09  -0.141370E+00   0.292405E-14
   19.596  -0.149418E+00   0.172836E-14   0.107280E-13  -0.269920E-09   0.175455E+00   0.181233E-14  -0.319097E-14   0.322652E-09   0.325046E+00  -0.413190E-14  -0.399622E-14  -0.317842E-09   0.177719E+00  -0.728395E-14   0.108479E-13   0.268873E-09  -0.149075E+00   0.275856E-14
   19.798  -0.157017E+00   0.166339E-14   0.106168E-13  -0.270070E-09   0.169958E+00  -0.451293E-15  -0.138967E-14   0.323095E-09   0.324938E+00  -0.411179E-14  -0.216499E-14  -0.320658E-09   0.171159E+00  -0.478669E-14   0.107292E-13   0.268968E-09  -0.156870E+00   0.310089E-14
   20.000  -0.164729E+00   0.135875E-14   0.105556E-13  -0.269989E-09   0.164729E+00  -0.115645E-14   0.374427E-15   0.323898E-09   0.324704E+00  -0.410563E-14  -0.385519E-15  -0.323898E-09   0.164888E+00  -0.387225E-14   0.106652E-13   0.268870E-09  -0.164888E+00   0.366911E-14
