    0.000   0.350779E-04   0.165653E-04  -0.952353E-01  -0.527090E-06   0.309176E-03  -0.141442E-04   0.446894E+00   0.225352E-05   0.259937E-03  -0.224545E-04   0.422908E-04   0.646825E-07   0.814478E-04  -0.571731E-05  -0.107173E-03  -0.127790E-06   0.326347E-04   0.542231E-06
    0.152   0.721716E-04  -0.218408E-06  -0.952340E-01  -0.518818E-06   0.770256E-03   0.153810E-06   0.446879E+00   0.225394E-05   0.555327E-03   0.895709E-06   0.473756E-04  -0.505191E-09   0.210099E-03   0.384255E-06  -0.147767E-03   0.244615E-08   0.743633E-04  -0.239266E-06
    0.303   0.211347E-03  -0.342434E-06  -0.953351E-01  -0.517144E-06   0.149550E-02   0.865255E-07   0.446831E+00   0.225502E-05   0.106830E-02   0.841960E-06   0.163707E-03  -0.835876E-09   0.380516E-03   0.304131E-06  -0.561434E-03   0.191281E-08   0.174073E-03  -0.214444E-06
    0.455   0.368998E-03  -0.107235E-06  -0.955096E-01  -0.517407E-06   0.223018E-02  -0.181483E-07   0.446751E+00   0.225419E-05   0.161428E-02   0.308511E-06   0.338028E-03   0.885028E-09   0.546283E-03   0.112686E-06  -0.125723E-02  -0.364848E-08   0.291403E-03  -0.421705E-07
    0.606   0.546738E-03  -0.386828E-07  -0.957562E-01  -0.518506E-06   0.296722E-02  -0.121232E-07   0.446639E+00   0.225344E-05   0.217268E-02   0.158345E-06   0.573614E-03   0.242287E-08   0.709161E-03   0.559258E-07  -0.222834E-02  -0.896213E-08   0.423394E-03  -0.479831E-08
    0.758   0.741157E-03  -0.166499E-07  -0.960771E-01  -0.520090E-06   0.371125E-02   0.319343E-08   0.446493E+00   0.225264E-05   0.274687E-02   0.113446E-06   0.873948E-03   0.409380E-08   0.872024E-03   0.338507E-07  -0.347769E-02  -0.150645E-07   0.567137E-03   0.293441E-08
    0.909   0.949269E-03  -0.596757E-08  -0.964750E-01  -0.522138E-06   0.446573E-02   0.156552E-07   0.446311E+00   0.225172E-05   0.333923E-02   0.924057E-07   0.124062E-02   0.603853E-08   0.103787E-02   0.211026E-07  -0.500593E-02  -0.223617E-07   0.720242E-03   0.594253E-08
    1.061   0.116909E-02   0.893945E-09  -0.969534E-01  -0.524621E-06   0.523473E-02   0.259525E-07   0.446087E+00   0.225063E-05   0.395280E-02   0.830809E-07   0.167550E-02   0.830484E-08   0.120917E-02   0.119212E-07  -0.681421E-02  -0.308866E-07   0.881107E-03   0.794432E-08
    1.212   0.139879E-02   0.569853E-08  -0.975163E-01  -0.527560E-06   0.602233E-02   0.353998E-07   0.445817E+00   0.224935E-05   0.459028E-02   0.795361E-07   0.218012E-02   0.109036E-07   0.138800E-02   0.464386E-08  -0.890322E-02  -0.406790E-07   0.104811E-02   0.977186E-08
    1.364   0.163691E-02   0.974833E-08  -0.981686E-01  -0.530972E-06   0.683297E-02   0.441118E-07   0.445495E+00   0.224784E-05   0.525463E-02   0.797958E-07   0.275670E-02   0.138628E-07   0.157623E-02  -0.150634E-08  -0.112735E-01  -0.517444E-07   0.121977E-02   0.115277E-07
    1.515   0.188172E-02   0.135207E-07  -0.989154E-01  -0.534899E-06   0.767127E-02   0.526626E-07   0.445115E+00   0.224606E-05   0.594878E-02   0.814839E-07   0.340770E-02   0.171961E-07   0.177547E-02  -0.703800E-08  -0.139248E-01  -0.641150E-07   0.139450E-02   0.133732E-07
    1.667   0.213177E-02   0.169122E-07  -0.997627E-01  -0.539354E-06   0.854224E-02   0.609029E-07   0.444669E+00   0.224399E-05   0.667585E-02   0.848655E-07   0.413579E-02   0.209188E-07   0.198745E-02  -0.120299E-07  -0.168564E-01  -0.777740E-07   0.157058E-02   0.153171E-07
    1.818   0.238510E-02   0.203257E-07  -0.100717E+00  -0.544388E-06   0.945112E-02   0.692036E-07   0.444149E+00   0.224157E-05   0.743894E-02   0.888608E-07   0.494426E-02   0.250496E-07   0.221369E-02  -0.167266E-07  -0.200665E-01  -0.927306E-07   0.174607E-02   0.174008E-07
    1.970   0.263979E-02   0.236404E-07  -0.101785E+00  -0.550023E-06   0.104037E-01   0.775605E-07   0.443546E+00   0.223877E-05   0.824128E-02   0.938131E-07   0.583692E-02   0.296039E-07   0.245592E-02  -0.211813E-07  -0.235521E-01  -0.108960E-06   0.191884E-02   0.196294E-07
    2.121   0.289330E-02   0.269415E-07  -0.102974E+00  -0.556295E-06   0.114062E-01   0.860497E-07   0.442849E+00   0.223553E-05   0.908620E-02   0.996859E-07   0.681799E-02   0.346105E-07   0.271570E-02  -0.255638E-07  -0.273091E-01  -0.126435E-06   0.208628E-02   0.219241E-07
    2.273   0.314302E-02   0.302465E-07  -0.104293E+00  -0.563245E-06   0.124652E-01   0.947428E-07   0.442048E+00   0.223179E-05   0.997708E-02   0.106325E-06   0.789254E-02   0.400992E-07   0.299506E-02  -0.299357E-07  -0.313318E-01  -0.145132E-06   0.224543E-02   0.242636E-07
    2.424   0.338568E-02   0.335603E-07  -0.105748E+00  -0.570920E-06   0.135884E-01   0.103711E-06   0.441130E+00   0.222749E-05   0.109173E-01   0.113537E-06   0.906632E-02   0.461030E-07   0.329613E-02  -0.343113E-07  -0.356132E-01  -0.165024E-06   0.239293E-02   0.266425E-07
    2.576   0.361724E-02   0.368689E-07  -0.107348E+00  -0.579364E-06   0.147836E-01   0.113040E-06   0.440082E+00   0.222256E-05   0.119104E-01   0.121181E-06   0.103458E-01   0.526580E-07   0.362126E-02  -0.387039E-07  -0.401453E-01  -0.186079E-06   0.252454E-02   0.290483E-07
    2.727   0.383321E-02   0.401487E-07  -0.109102E+00  -0.588617E-06   0.160599E-01   0.122796E-06   0.438889E+00   0.221694E-05   0.129600E-01   0.129350E-06   0.117387E-01   0.598078E-07   0.397350E-02  -0.431476E-07  -0.449189E-01  -0.208249E-06   0.263544E-02   0.314257E-07
    2.879   0.402799E-02   0.433348E-07  -0.111015E+00  -0.598718E-06   0.174272E-01   0.133025E-06   0.437535E+00   0.221054E-05   0.140694E-01   0.138068E-06   0.132534E-01   0.675992E-07   0.435636E-02  -0.476071E-07  -0.499236E-01  -0.231486E-06   0.271985E-02   0.337567E-07
    3.030   0.419491E-02   0.463980E-07  -0.113095E+00  -0.609709E-06   0.188964E-01   0.143791E-06   0.436005E+00   0.220327E-05   0.152422E-01   0.147307E-06   0.148993E-01   0.760889E-07   0.477413E-02  -0.520640E-07  -0.551486E-01  -0.255739E-06   0.277093E-02   0.359911E-07
    3.182   0.432579E-02   0.492834E-07  -0.115348E+00  -0.621625E-06   0.204796E-01   0.155182E-06   0.434279E+00   0.219505E-05   0.164813E-01   0.157006E-06   0.166869E-01   0.853399E-07   0.523189E-02  -0.565040E-07  -0.605810E-01  -0.280957E-06   0.278045E-02   0.380750E-07
    3.333   0.441134E-02   0.519401E-07  -0.117777E+00  -0.634502E-06   0.221903E-01   0.167279E-06   0.432340E+00   0.218576E-05   0.177892E-01   0.167094E-06   0.186275E-01   0.954247E-07   0.573650E-02  -0.608757E-07  -0.662064E-01  -0.307078E-06   0.273859E-02   0.399508E-07
    3.485   0.444009E-02   0.543004E-07  -0.120385E+00  -0.648360E-06   0.240433E-01   0.180182E-06   0.430168E+00   0.217530E-05   0.191675E-01   0.177500E-06   0.207330E-01   0.106422E-06   0.629604E-02  -0.651348E-07  -0.720077E-01  -0.334031E-06   0.263369E-02   0.415371E-07
    3.636   0.439852E-02   0.562742E-07  -0.123169E+00  -0.663211E-06   0.260552E-01   0.193986E-06   0.427744E+00   0.216357E-05   0.206168E-01   0.188173E-06   0.230161E-01   0.118418E-06   0.692078E-02  -0.692079E-07  -0.779652E-01  -0.361733E-06   0.245186E-02   0.427440E-07
    3.788   0.427007E-02   0.577584E-07  -0.126126E+00  -0.679052E-06   0.282447E-01   0.208803E-06   0.425046E+00   0.215042E-05   0.221364E-01   0.199038E-06   0.254905E-01   0.131506E-06   0.762311E-02  -0.730084E-07  -0.840572E-01  -0.390088E-06   0.217640E-02   0.434677E-07
    3.939   0.403561E-02   0.586439E-07  -0.129249E+00  -0.695867E-06   0.306322E-01   0.224765E-06   0.422052E+00   0.213574E-05   0.237254E-01   0.210002E-06   0.281716E-01   0.145793E-06   0.841908E-02  -0.764313E-07  -0.902615E-01  -0.418999E-06   0.178764E-02   0.435911E-07
    4.091   0.367203E-02   0.587881E-07  -0.132529E+00  -0.713624E-06   0.332410E-01   0.242009E-06   0.418737E+00   0.211938E-05   0.253819E-01   0.221016E-06   0.310773E-01   0.161402E-06   0.932834E-02  -0.793465E-07  -0.965568E-01  -0.448369E-06   0.126234E-02   0.429765E-07
    4.242   0.315164E-02   0.580260E-07  -0.135954E+00  -0.732287E-06   0.360966E-01   0.260692E-06   0.415073E+00   0.210115E-05   0.271041E-01   0.232011E-06   0.342284E-01   0.178482E-06   0.103749E-01  -0.815900E-07  -0.102924E+00  -0.478106E-06   0.572814E-03   0.414634E-07
    4.394   0.244193E-02   0.561631E-07  -0.139512E+00  -0.751815E-06   0.392275E-01   0.280987E-06   0.411028E+00   0.208085E-05   0.288893E-01   0.242915E-06   0.376485E-01   0.197208E-06   0.115887E-01  -0.829606E-07  -0.109345E+00  -0.508123E-06  -0.313578E-03   0.388502E-07
    4.545   0.150457E-02   0.529751E-07  -0.143183E+00  -0.772160E-06   0.426651E-01   0.303091E-06   0.406568E+00   0.205825E-05   0.307337E-01   0.253603E-06   0.413640E-01   0.217782E-06   0.130059E-01  -0.832033E-07  -0.115801E+00  -0.538327E-06  -0.143487E-02   0.349019E-07
    4.697   0.294873E-03   0.481942E-07  -0.146947E+00  -0.793264E-06   0.464432E-01   0.327204E-06   0.401655E+00   0.203309E-05   0.326308E-01   0.263960E-06   0.454039E-01   0.240434E-06   0.146708E-01  -0.820188E-07  -0.122271E+00  -0.568605E-06  -0.283610E-02   0.293258E-07
    4.848  -0.123982E-02   0.415094E-07  -0.150778E+00  -0.815049E-06   0.505990E-01   0.353557E-06   0.396247E+00   0.200506E-05   0.345717E-01   0.273831E-06   0.497998E-01   0.265409E-06   0.166359E-01  -0.790481E-07  -0.128729E+00  -0.598815E-06  -0.456899E-02   0.218103E-07
    5.000  -0.315893E-02   0.325749E-07  -0.154646E+00  -0.837405E-06   0.551722E-01   0.382388E-06   0.390296E+00   0.197385E-05   0.365443E-01   0.283081E-06   0.545879E-01   0.292980E-06   0.189651E-01  -0.738894E-07  -0.135143E+00  -0.628778E-06  -0.669307E-02   0.119982E-07
    5.152  -0.553154E-02   0.209850E-07  -0.158517E+00  -0.860195E-06   0.602052E-01   0.413958E-06   0.383746E+00   0.193908E-05   0.385345E-01   0.291606E-06   0.598124E-01   0.323457E-06   0.217336E-01  -0.660906E-07  -0.141478E+00  -0.658289E-06  -0.927581E-02  -0.500343E-09
    5.303  -0.843429E-02   0.628603E-08  -0.162354E+00  -0.883262E-06   0.657406E-01   0.448529E-06   0.376528E+00   0.190030E-05   0.405267E-01   0.299324E-06   0.655259E-01   0.357199E-06   0.250286E-01  -0.551404E-07  -0.147698E+00  -0.687112E-06  -0.123925E-01  -0.161196E-07
    5.455  -0.119500E-01  -0.120177E-07  -0.166120E+00  -0.906435E-06   0.718193E-01   0.486355E-06   0.368567E+00   0.185703E-05   0.425034E-01   0.306152E-06   0.717883E-01   0.394611E-06   0.289457E-01  -0.404739E-07  -0.153758E+00  -0.714978E-06  -0.161199E-01  -0.353168E-07
    5.606  -0.161574E-01  -0.344048E-07  -0.169772E+00  -0.929530E-06   0.784686E-01   0.527619E-06   0.359787E+00   0.180875E-05   0.444442E-01   0.311976E-06   0.786587E-01   0.436089E-06   0.335843E-01  -0.215009E-07  -0.159609E+00  -0.741578E-06  -0.205305E-01  -0.585413E-07
    5.758  -0.211165E-01  -0.612556E-07  -0.173265E+00  -0.952331E-06   0.856878E-01   0.572341E-06   0.350131E+00   0.175509E-05   0.463250E-01   0.316690E-06   0.861770E-01   0.481903E-06   0.390300E-01   0.228255E-08  -0.165187E+00  -0.766561E-06  -0.256752E-01  -0.861299E-07
    5.909  -0.268436E-01  -0.926969E-07  -0.176553E+00  -0.974565E-06   0.934254E-01   0.620244E-06   0.339595E+00   0.169596E-05   0.481174E-01   0.320219E-06   0.943326E-01   0.531997E-06   0.453280E-01   0.311371E-07  -0.170420E+00  -0.789554E-06  -0.315551E-01  -0.118129E-06
    6.061  -0.332729E-01  -0.128381E-06  -0.179593E+00  -0.995902E-06   0.101547E+00   0.670555E-06   0.328267E+00   0.163187E-05   0.497931E-01   0.322581E-06   0.103025E+00   0.585746E-06   0.524491E-01   0.648767E-07  -0.175230E+00  -0.810229E-06  -0.380920E-01  -0.154126E-06
    6.212  -0.402327E-01  -0.167339E-06  -0.182352E+00  -0.101599E-05   0.109821E+00   0.721919E-06   0.316364E+00   0.156408E-05   0.513271E-01   0.323898E-06   0.112030E+00   0.641771E-06   0.602579E-01   0.102714E-06  -0.179548E+00  -0.828362E-06  -0.451036E-01  -0.193111E-06
    6.364  -0.474604E-01  -0.208064E-06  -0.184812E+00  -0.103450E-05   0.117946E+00   0.772547E-06   0.304214E+00   0.149450E-05   0.527038E-01   0.324389E-06   0.121019E+00   0.698059E-06   0.685188E-01   0.143301E-06  -0.183328E+00  -0.843903E-06  -0.523220E-01  -0.233568E-06
    6.515  -0.546603E-01  -0.248846E-06  -0.186975E+00  -0.105122E-05   0.125617E+00   0.820619E-06   0.292186E+00   0.142530E-05   0.539202E-01   0.324325E-06   0.129632E+00   0.752423E-06   0.769479E-01   0.185040E-06  -0.186558E+00  -0.856974E-06  -0.594525E-01  -0.273820E-06
    6.667  -0.615758E-01  -0.288198E-06  -0.188862E+00  -0.106607E-05   0.132597E+00   0.864721E-06   0.280598E+00   0.135833E-05   0.549849E-01   0.323958E-06   0.137571E+00   0.803045E-06   0.852803E-01   0.226454E-06  -0.189262E+00  -0.867834E-06  -0.662439E-01  -0.312427E-06
    6.818  -0.680339E-01  -0.325112E-06  -0.190502E+00  -0.107914E-05   0.138759E+00   0.904056E-06   0.269663E+00   0.129486E-05   0.559143E-01   0.323490E-06   0.144651E+00   0.848785E-06   0.933145E-01   0.266441E-06  -0.191489E+00  -0.876816E-06  -0.725297E-01  -0.348417E-06
    6.970  -0.739443E-01  -0.359054E-06  -0.191933E+00  -0.109058E-05   0.144066E+00   0.938386E-06   0.259494E+00   0.123554E-05   0.567283E-01   0.323055E-06   0.150795E+00   0.889158E-06   0.100921E+00   0.304298E-06  -0.193304E+00  -0.884266E-06  -0.782269E-01  -0.381285E-06
    7.121  -0.792788E-01  -0.389842E-06  -0.193191E+00  -0.110058E-05   0.148549E+00   0.967864E-06   0.250122E+00   0.118057E-05   0.574460E-01   0.322734E-06   0.156007E+00   0.924160E-06   0.108032E+00   0.339667E-06  -0.194775E+00  -0.890515E-06  -0.833165E-01  -0.410889E-06
    7.273  -0.840512E-01  -0.417536E-06  -0.194310E+00  -0.110936E-05   0.152279E+00   0.992868E-06   0.241528E+00   0.112988E-05   0.580841E-01   0.322564E-06   0.160341E+00   0.954076E-06   0.114620E+00   0.372418E-06  -0.195967E+00  -0.895851E-06  -0.878201E-01  -0.437319E-06
    7.424  -0.882989E-01  -0.442328E-06  -0.195320E+00  -0.111711E-05   0.155340E+00   0.101387E-05   0.233663E+00   0.108320E-05   0.586555E-01   0.322551E-06   0.163870E+00   0.979335E-06   0.120687E+00   0.402561E-06  -0.196938E+00  -0.900514E-06  -0.917820E-01  -0.460789E-06
    7.576  -0.920704E-01  -0.464471E-06  -0.196245E+00  -0.112401E-05   0.157822E+00   0.103138E-05   0.226466E+00   0.104020E-05   0.591709E-01   0.322685E-06   0.166679E+00   0.100042E-05   0.126251E+00   0.430202E-06  -0.197737E+00  -0.904706E-06  -0.952582E-01  -0.481584E-06
    7.727  -0.954182E-01  -0.484245E-06  -0.197106E+00  -0.113021E-05   0.159811E+00   0.104586E-05   0.219869E+00   0.100050E-05   0.596375E-01   0.322944E-06   0.168850E+00   0.101779E-05   0.131339E+00   0.455497E-06  -0.198405E+00  -0.908584E-06  -0.983072E-01  -0.500006E-06
    7.879  -0.983951E-01  -0.501930E-06  -0.197919E+00  -0.113582E-05   0.161385E+00   0.105776E-05   0.213804E+00   0.963740E-06   0.600609E-01   0.323302E-06   0.170458E+00   0.103191E-05   0.135982E+00   0.478617E-06  -0.198978E+00  -0.912274E-06  -0.100986E+00  -0.516353E-06
    8.030  -0.101049E+00  -0.517784E-06  -0.198697E+00  -0.114096E-05   0.162614E+00   0.106745E-05   0.208207E+00   0.929561E-06   0.604446E-01   0.323728E-06   0.171572E+00   0.104316E-05   0.140216E+00   0.499755E-06  -0.199481E+00  -0.915873E-06  -0.103348E+00  -0.530902E-06
    8.182  -0.103428E+00  -0.532055E-06  -0.199451E+00  -0.114569E-05   0.163558E+00   0.107528E-05   0.203018E+00   0.897633E-06   0.607914E-01   0.324194E-06   0.172250E+00   0.105189E-05   0.144072E+00   0.519087E-06  -0.199939E+00  -0.919459E-06  -0.105443E+00  -0.543913E-06
    8.333  -0.105571E+00  -0.544961E-06  -0.200190E+00  -0.115009E-05   0.164267E+00   0.108152E-05   0.198182E+00   0.867654E-06   0.611035E-01   0.324674E-06   0.172542E+00   0.105841E-05   0.147585E+00   0.536794E-06  -0.200367E+00  -0.923088E-06  -0.107313E+00  -0.555613E-06
    8.485  -0.107517E+00  -0.556702E-06  -0.200918E+00  -0.115421E-05   0.164785E+00   0.108640E-05   0.193648E+00   0.839348E-06   0.613820E-01   0.325144E-06   0.172492E+00   0.106294E-05   0.150783E+00   0.553040E-06  -0.200780E+00  -0.926805E-06  -0.108998E+00  -0.566209E-06
    8.636  -0.109296E+00  -0.567449E-06  -0.201643E+00  -0.115809E-05   0.165149E+00   0.109013E-05   0.189372E+00   0.812467E-06   0.616280E-01   0.325582E-06   0.172134E+00   0.106572E-05   0.153696E+00   0.567986E-06  -0.201189E+00  -0.930642E-06  -0.110530E+00  -0.575878E-06
    8.788  -0.110938E+00  -0.577356E-06  -0.202367E+00  -0.116176E-05   0.165389E+00   0.109288E-05   0.185311E+00   0.786787E-06   0.618421E-01   0.325969E-06   0.171498E+00   0.106691E-05   0.156349E+00   0.581771E-06  -0.201602E+00  -0.934626E-06  -0.111939E+00  -0.584773E-06
    8.939  -0.112466E+00  -0.586557E-06  -0.203093E+00  -0.116526E-05   0.165530E+00   0.109476E-05   0.181430E+00   0.762109E-06   0.620253E-01   0.326292E-06   0.170608E+00   0.106665E-05   0.158766E+00   0.594532E-06  -0.202025E+00  -0.938774E-06  -0.113248E+00  -0.593029E-06
    9.091  -0.113904E+00  -0.595171E-06  -0.203825E+00  -0.116859E-05   0.165592E+00   0.109590E-05   0.177695E+00   0.738253E-06   0.621784E-01   0.326538E-06   0.169484E+00   0.106506E-05   0.160968E+00   0.606386E-06  -0.202465E+00  -0.943100E-06  -0.114481E+00  -0.600764E-06
    9.242  -0.115269E+00  -0.603302E-06  -0.204563E+00  -0.117178E-05   0.165593E+00   0.109637E-05   0.174075E+00   0.715057E-06   0.623020E-01   0.326700E-06   0.168140E+00   0.106223E-05   0.162974E+00   0.617443E-06  -0.202923E+00  -0.947612E-06  -0.115656E+00  -0.608081E-06
    9.394  -0.116578E+00  -0.611039E-06  -0.205309E+00  -0.117484E-05   0.165546E+00   0.109624E-05   0.170545E+00   0.692377E-06   0.623971E-01   0.326769E-06   0.166589E+00   0.105824E-05   0.164802E+00   0.627803E-06  -0.203402E+00  -0.952317E-06  -0.116788E+00  -0.615064E-06
    9.545  -0.117845E+00  -0.618457E-06  -0.206064E+00  -0.117777E-05   0.165463E+00   0.109557E-05   0.167080E+00   0.670085E-06   0.624644E-01   0.326742E-06   0.164842E+00   0.105313E-05   0.166466E+00   0.637558E-06  -0.203906E+00  -0.957218E-06  -0.117890E+00  -0.621784E-06
    9.697  -0.119082E+00  -0.625626E-06  -0.206827E+00  -0.118059E-05   0.165352E+00   0.109441E-05   0.163656E+00   0.648062E-06   0.625051E-01   0.326616E-06   0.162905E+00   0.104696E-05   0.167980E+00   0.646786E-06  -0.204434E+00  -0.962317E-06  -0.118975E+00  -0.628311E-06
    9.848  -0.120297E+00  -0.632595E-06  -0.207600E+00  -0.118329E-05   0.165223E+00   0.109278E-05   0.160254E+00   0.626205E-06   0.625199E-01   0.326389E-06   0.160784E+00   0.103976E-05   0.169358E+00   0.655568E-06  -0.204986E+00  -0.967609E-06  -0.120050E+00  -0.634687E-06
   10.000  -0.121501E+00  -0.639427E-06  -0.208381E+00  -0.118588E-05   0.165079E+00   0.109072E-05   0.156855E+00   0.604417E-06   0.625104E-01   0.326066E-06   0.158483E+00   0.103154E-05   0.170607E+00   0.663961E-06  -0.205564E+00  -0.973094E-06  -0.121126E+00  -0.640971E-06
   10.152  -0.122701E+00  -0.646155E-06  -0.209170E+00  -0.118836E-05   0.164926E+00   0.108824E-05   0.153442E+00   0.582616E-06   0.624777E-01   0.325647E-06   0.156005E+00   0.102233E-05   0.171739E+00   0.672028E-06  -0.206167E+00  -0.978769E-06  -0.122208E+00  -0.647193E-06
   10.303  -0.123902E+00  -0.652818E-06  -0.209966E+00  -0.119072E-05   0.164768E+00   0.108536E-05   0.150000E+00   0.560725E-06   0.624230E-01   0.325135E-06   0.153352E+00   0.101213E-05   0.172761E+00   0.679819E-06  -0.206793E+00  -0.984625E-06  -0.123302E+00  -0.653389E-06
   10.455  -0.125109E+00  -0.659444E-06  -0.210769E+00  -0.119297E-05   0.164608E+00   0.108208E-05   0.146514E+00   0.538675E-06   0.623475E-01   0.324534E-06   0.150525E+00   0.100094E-05   0.173680E+00   0.687382E-06  -0.207443E+00  -0.990657E-06  -0.124411E+00  -0.659579E-06
   10.606  -0.126328E+00  -0.666064E-06  -0.211576E+00  -0.119510E-05   0.164449E+00   0.107842E-05   0.142972E+00   0.516403E-06   0.622530E-01   0.323851E-06   0.147524E+00   0.988777E-06   0.174502E+00   0.694752E-06  -0.208113E+00  -0.996855E-06  -0.125541E+00  -0.665793E-06
   10.758  -0.127559E+00  -0.672688E-06  -0.212386E+00  -0.119711E-05   0.164293E+00   0.107440E-05   0.139363E+00   0.493859E-06   0.621407E-01   0.323092E-06   0.144351E+00   0.975629E-06   0.175232E+00   0.701972E-06  -0.208803E+00  -0.100321E-05  -0.126693E+00  -0.672039E-06
   10.909  -0.128806E+00  -0.679340E-06  -0.213196E+00  -0.119898E-05   0.164141E+00   0.107000E-05   0.135675E+00   0.470992E-06   0.620119E-01   0.322262E-06   0.141004E+00   0.961496E-06   0.175875E+00   0.709065E-06  -0.209510E+00  -0.100970E-05  -0.127868E+00  -0.678334E-06
   11.061  -0.130072E+00  -0.686035E-06  -0.214006E+00  -0.120071E-05   0.163993E+00   0.106524E-05   0.131899E+00   0.447762E-06   0.618685E-01   0.321369E-06   0.137485E+00   0.946375E-06   0.176433E+00   0.716051E-06  -0.210232E+00  -0.101633E-05  -0.129071E+00  -0.684693E-06
   11.212  -0.131357E+00  -0.692789E-06  -0.214811E+00  -0.120230E-05   0.163851E+00   0.106011E-05   0.128027E+00   0.424133E-06   0.617119E-01   0.320422E-06   0.133793E+00   0.930265E-06   0.176907E+00   0.722946E-06  -0.210966E+00  -0.102307E-05  -0.130301E+00  -0.691124E-06
   11.364  -0.132663E+00  -0.699601E-06  -0.215609E+00  -0.120373E-05   0.163716E+00   0.105462E-05   0.124051E+00   0.400077E-06   0.615439E-01   0.319427E-06   0.129928E+00   0.913164E-06   0.177302E+00   0.729769E-06  -0.211710E+00  -0.102990E-05  -0.131559E+00  -0.697630E-06
   11.515  -0.133987E+00  -0.706474E-06  -0.216397E+00  -0.120500E-05   0.163589E+00   0.104879E-05   0.119966E+00   0.375568E-06   0.613660E-01   0.318395E-06   0.125893E+00   0.895075E-06   0.177618E+00   0.736531E-06  -0.212460E+00  -0.103681E-05  -0.132843E+00  -0.704209E-06
   11.667  -0.135330E+00  -0.713405E-06  -0.217172E+00  -0.120609E-05   0.163471E+00   0.104263E-05   0.115767E+00   0.350590E-06   0.611795E-01   0.317330E-06   0.121688E+00   0.876002E-06   0.177858E+00   0.743240E-06  -0.213214E+00  -0.104378E-05  -0.134153E+00  -0.710853E-06
   11.818  -0.136690E+00  -0.720397E-06  -0.217930E+00  -0.120699E-05   0.163362E+00   0.103613E-05   0.111449E+00   0.325130E-06   0.609864E-01   0.316245E-06   0.117314E+00   0.855953E-06   0.178022E+00   0.749895E-06  -0.213966E+00  -0.105079E-05  -0.135487E+00  -0.717569E-06
   11.970  -0.138067E+00  -0.727447E-06  -0.218667E+00  -0.120770E-05   0.163263E+00   0.102932E-05   0.107011E+00   0.299182E-06   0.607880E-01   0.315145E-06   0.112776E+00   0.834943E-06   0.178110E+00   0.756498E-06  -0.214713E+00  -0.105780E-05  -0.136845E+00  -0.724348E-06
   12.121  -0.139458E+00  -0.734553E-06  -0.219380E+00  -0.120820E-05   0.163174E+00   0.102221E-05   0.102449E+00   0.272743E-06   0.605858E-01   0.314038E-06   0.108076E+00   0.812986E-06   0.178122E+00   0.763039E-06  -0.215452E+00  -0.106480E-05  -0.138226E+00  -0.731187E-06
   12.273  -0.140865E+00  -0.741719E-06  -0.220064E+00  -0.120848E-05   0.163093E+00   0.101480E-05   0.977647E-01   0.245817E-06   0.603817E-01   0.312936E-06   0.103220E+00   0.790108E-06   0.178058E+00   0.769504E-06  -0.216178E+00  -0.107176E-05  -0.139629E+00  -0.738090E-06
   12.424  -0.142281E+00  -0.748922E-06  -0.220714E+00  -0.120853E-05   0.163025E+00   0.100712E-05   0.929582E-01   0.218417E-06   0.601768E-01   0.311843E-06   0.982118E-01   0.766336E-06   0.177919E+00   0.775898E-06  -0.216886E+00  -0.107863E-05  -0.141049E+00  -0.745033E-06
   12.576  -0.143705E+00  -0.756158E-06  -0.221328E+00  -0.120834E-05   0.162970E+00   0.999205E-06   0.880318E-01   0.190557E-06   0.599727E-01   0.310768E-06   0.930591E-01   0.741706E-06   0.177706E+00   0.782206E-06  -0.217572E+00  -0.108540E-05  -0.142484E+00  -0.752011E-06
   12.727  -0.145134E+00  -0.763414E-06  -0.221900E+00  -0.120791E-05   0.162930E+00   0.991073E-06   0.829888E-01   0.162258E-06   0.597707E-01   0.309718E-06   0.877693E-01   0.716260E-06   0.177419E+00   0.788418E-06  -0.218232E+00  -0.109204E-05  -0.143931E+00  -0.759011E-06
   12.879  -0.146568E+00  -0.770700E-06  -0.222427E+00  -0.120724E-05   0.162901E+00   0.982735E-06   0.778337E-01   0.133544E-06   0.595721E-01   0.308700E-06   0.823515E-01   0.690046E-06   0.177057E+00   0.794505E-06  -0.218860E+00  -0.109850E-05  -0.145392E+00  -0.766040E-06
   13.030  -0.148002E+00  -0.777990E-06  -0.222905E+00  -0.120630E-05   0.162892E+00   0.974248E-06   0.725728E-01   0.104449E-06   0.593782E-01   0.307719E-06   0.768156E-01   0.663123E-06   0.176623E+00   0.800472E-06  -0.219451E+00  -0.110474E-05  -0.146861E+00  -0.773074E-06
   13.182  -0.149435E+00  -0.785288E-06  -0.223328E+00  -0.120511E-05   0.162900E+00   0.965638E-06   0.672129E-01   0.750065E-07   0.591899E-01   0.306782E-06   0.711730E-01   0.635552E-06   0.176118E+00   0.806296E-06  -0.220002E+00  -0.111074E-05  -0.148337E+00  -0.780113E-06
   13.333  -0.150864E+00  -0.792587E-06  -0.223695E+00  -0.120367E-05   0.162929E+00   0.956945E-06   0.617624E-01   0.452578E-07   0.590084E-01   0.305892E-06   0.654360E-01   0.607407E-06   0.175545E+00   0.811965E-06  -0.220507E+00  -0.111645E-05  -0.149819E+00  -0.787151E-06
   13.485  -0.152288E+00  -0.799875E-06  -0.224001E+00  -0.120197E-05   0.162984E+00   0.948231E-06   0.562309E-01   0.152459E-07   0.588345E-01   0.305054E-06   0.596183E-01   0.578766E-06   0.174907E+00   0.817483E-06  -0.220961E+00  -0.112182E-05  -0.151303E+00  -0.794175E-06
   13.636  -0.153705E+00  -0.807167E-06  -0.224244E+00  -0.120004E-05   0.163067E+00   0.939536E-06   0.506289E-01  -0.149826E-07   0.586692E-01   0.304271E-06   0.537346E-01   0.549716E-06   0.174209E+00   0.822829E-06  -0.221360E+00  -0.112683E-05  -0.152791E+00  -0.801194E-06
   13.788  -0.155115E+00  -0.814457E-06  -0.224420E+00  -0.119787E-05   0.163186E+00   0.930931E-06   0.449682E-01  -0.453777E-07   0.585128E-01   0.303545E-06   0.478008E-01   0.520353E-06   0.173456E+00   0.828015E-06  -0.221699E+00  -0.113141E-05  -0.154281E+00  -0.808202E-06
   13.939  -0.156520E+00  -0.821770E-06  -0.224528E+00  -0.119550E-05   0.163342E+00   0.922475E-06   0.392613E-01  -0.758885E-07   0.583661E-01   0.302877E-06   0.418335E-01   0.490780E-06   0.172655E+00   0.833032E-06  -0.221975E+00  -0.113553E-05  -0.155778E+00  -0.815215E-06
   14.091  -0.157920E+00  -0.829115E-06  -0.224568E+00  -0.119295E-05   0.163549E+00   0.914263E-06   0.335218E-01  -0.106463E-06   0.582294E-01   0.302267E-06   0.358505E-01   0.461108E-06   0.171817E+00   0.837909E-06  -0.222184E+00  -0.113913E-05  -0.157281E+00  -0.822237E-06
   14.242  -0.159320E+00  -0.836534E-06  -0.224539E+00  -0.119026E-05   0.163814E+00   0.906387E-06   0.277640E-01  -0.137051E-06   0.581031E-01   0.301714E-06   0.298706E-01   0.431458E-06   0.170953E+00   0.842664E-06  -0.222321E+00  -0.114218E-05  -0.158798E+00  -0.829294E-06
   14.394  -0.160724E+00  -0.844077E-06  -0.224443E+00  -0.118748E-05   0.164151E+00   0.898975E-06   0.220031E-01  -0.167605E-06   0.579874E-01   0.301216E-06   0.239133E-01   0.401963E-06   0.170083E+00   0.847345E-06  -0.222385E+00  -0.114460E-05  -0.160337E+00  -0.836419E-06
   14.545  -0.162145E+00  -0.851833E-06  -0.224285E+00  -0.118468E-05   0.164580E+00   0.892186E-06   0.162548E-01  -0.198084E-06   0.578827E-01   0.300770E-06   0.179992E-01   0.372771E-06   0.169229E+00   0.852017E-06  -0.222374E+00  -0.114636E-05  -0.161914E+00  -0.843669E-06
   14.697  -0.163601E+00  -0.859957E-06  -0.224073E+00  -0.118198E-05   0.165127E+00   0.886247E-06   0.105356E-01  -0.228463E-06   0.577896E-01   0.300375E-06   0.121502E-01   0.344056E-06   0.168429E+00   0.856788E-06  -0.222291E+00  -0.114740E-05  -0.163557E+00  -0.851140E-06
   14.848  -0.165125E+00  -0.868747E-06  -0.223829E+00  -0.117956E-05   0.165835E+00   0.881555E-06   0.486304E-02  -0.258754E-06   0.577106E-01   0.300033E-06   0.638992E-02   0.316041E-06   0.167748E+00   0.861854E-06  -0.222143E+00  -0.114769E-05  -0.165319E+00  -0.858998E-06
   15.000  -0.166788E+00  -0.879187E-06  -0.223611E+00  -0.117788E-05   0.166788E+00   0.879187E-06  -0.745880E-03  -0.289115E-06   0.576551E-01   0.299778E-06   0.745881E-03   0.289115E-06   0.167383E+00   0.867592E-06  -0.221972E+00  -0.114731E-05  -0.167383E+00  -0.867592E-06
