    0.000  -0.137746E-08  -0.893620E-10  -0.218277E-04   0.222981E-05  -0.489746E-08  -0.160351E-10   0.527938E-04   0.898625E-06  -0.266298E-07   0.213023E-08   0.521002E-07   0.443223E-08  -0.102675E-07   0.676202E-09   0.137796E-06  -0.181673E-08  -0.153835E-08  -0.990251E-10
    0.152   0.132300E-02   0.789063E-07  -0.209767E-04   0.214914E-05   0.894510E-02   0.245613E-07   0.522319E-04   0.884541E-06   0.432989E-01   0.141665E-05   0.225412E-06   0.106124E-07   0.235774E-01  -0.548485E-07  -0.272371E-06  -0.340522E-07   0.578999E-03   0.574906E-07
    0.303   0.313956E-02   0.184221E-06  -0.186730E-04   0.194297E-05   0.177364E-01   0.608217E-07   0.506203E-04   0.845841E-06   0.923840E-01   0.301694E-05   0.810927E-06   0.276700E-07   0.479388E-01  -0.118981E-06  -0.120343E-05  -0.976204E-07   0.338472E-02   0.129850E-06
    0.455   0.565729E-02   0.260411E-06  -0.161124E-04   0.171947E-05   0.265587E-01   0.132107E-06   0.483112E-04   0.790269E-06   0.130707E+00   0.419184E-05   0.155126E-05   0.483507E-07   0.697419E-01  -0.144514E-06  -0.206003E-05  -0.144904E-06   0.615974E-02   0.181911E-06
    0.606   0.816417E-02   0.299063E-06  -0.137378E-04   0.151270E-05   0.356624E-01   0.234851E-06   0.455579E-04   0.725508E-06   0.161410E+00   0.504633E-05   0.234248E-05   0.688000E-07   0.895625E-01  -0.123112E-06  -0.269072E-05  -0.170912E-06   0.879324E-02   0.207555E-06
    0.758   0.104333E-01   0.304994E-06  -0.116627E-04   0.132932E-05   0.450418E-01   0.359040E-06   0.425416E-04   0.657696E-06   0.186250E+00   0.563837E-05   0.311982E-05   0.866346E-07   0.107639E+00  -0.570660E-07  -0.310452E-05  -0.181145E-06   0.112035E-01   0.209240E-06
    0.909   0.123555E-01   0.284687E-06  -0.989187E-05   0.116864E-05   0.546595E-01   0.494996E-06   0.393962E-04   0.590801E-06   0.206457E+00   0.602033E-05   0.384256E-05   0.100838E-06   0.124135E+00   0.438302E-07  -0.334759E-05  -0.181466E-06   0.133010E-01   0.191560E-06
    1.061   0.138749E-01   0.245977E-06  -0.839834E-05   0.102828E-05   0.644541E-01   0.633946E-06   0.362198E-04   0.527126E-06   0.222933E+00   0.623050E-05   0.448621E-05   0.111286E-06   0.139203E+00   0.168913E-06  -0.346451E-05  -0.175963E-06   0.150470E-01   0.160149E-06
    1.212   0.149649E-01   0.196146E-06  -0.714718E-05   0.905712E-06   0.743590E-01   0.769317E-06   0.330902E-04   0.467930E-06   0.236389E+00   0.630116E-05   0.503735E-05   0.118302E-06   0.152973E+00   0.308814E-06  -0.349022E-05  -0.167207E-06   0.164104E-01   0.120800E-06
    1.364   0.156276E-01   0.141124E-06  -0.610037E-05   0.798278E-06   0.842990E-01   0.896458E-06   0.300629E-04   0.413701E-06   0.247405E+00   0.626299E-05   0.548774E-05   0.122318E-06   0.165573E+00   0.455093E-06  -0.344877E-05  -0.156658E-06   0.173957E-01   0.781892E-07
    1.515   0.158810E-01   0.854488E-07  -0.522436E-05   0.703840E-06   0.941998E-01   0.101235E-05   0.271786E-04   0.364513E-06   0.256446E+00   0.614306E-05   0.583376E-05   0.123786E-06   0.177111E+00   0.600761E-06  -0.335802E-05  -0.145282E-06   0.180202E-01   0.358748E-07
    1.667   0.157535E-01   0.322193E-07  -0.449534E-05   0.620951E-06   0.103992E+00   0.111506E-05   0.244695E-04   0.320318E-06   0.263839E+00   0.596207E-05   0.607997E-05   0.123248E-06   0.187678E+00   0.740494E-06  -0.323571E-05  -0.133859E-06   0.182994E-01  -0.361962E-08
    1.818   0.152850E-01  -0.163285E-07  -0.388650E-05   0.547965E-06   0.113608E+00   0.120390E-05   0.219529E-04   0.280820E-06   0.269888E+00   0.573899E-05   0.622972E-05   0.121079E-06   0.197361E+00   0.870328E-06  -0.309038E-05  -0.122679E-06   0.182691E-01  -0.387048E-07
    1.970   0.145217E-01  -0.589389E-07  -0.337778E-05   0.483630E-06   0.122988E+00   0.127877E-05   0.196389E-04   0.245703E-06   0.274816E+00   0.548822E-05   0.629079E-05   0.117653E-06   0.206235E+00   0.987610E-06  -0.293064E-05  -0.111967E-06   0.179671E-01  -0.685248E-07
    2.121   0.135123E-01  -0.950201E-07  -0.295252E-05   0.426935E-06   0.132077E+00   0.134012E-05   0.175302E-04   0.214634E-06   0.278805E+00   0.522105E-05   0.627291E-05   0.113300E-06   0.214363E+00   0.109077E-05  -0.276329E-05  -0.101868E-06   0.174323E-01  -0.927683E-07
    2.273   0.123090E-01  -0.124369E-06  -0.259593E-05   0.376961E-06   0.140828E+00   0.138884E-05   0.156230E-04   0.187245E-06   0.282014E+00   0.494672E-05   0.618623E-05   0.108275E-06   0.221805E+00   0.117912E-05  -0.259294E-05  -0.924414E-07   0.167070E-01  -0.111456E-06
    2.424   0.109615E-01  -0.147167E-06  -0.229551E-05   0.332880E-06   0.149206E+00   0.142597E-05   0.139087E-04   0.163172E-06   0.284573E+00   0.467213E-05   0.604154E-05   0.102787E-06   0.228610E+00   0.125266E-05  -0.242306E-05  -0.837083E-07   0.158323E-01  -0.124882E-06
    2.576   0.951671E-02  -0.163829E-06  -0.204135E-05   0.294018E-06   0.157181E+00   0.145264E-05   0.123761E-04   0.142077E-06   0.286592E+00   0.440237E-05   0.584983E-05   0.970175E-07   0.234824E+00   0.131186E-05  -0.225654E-05  -0.756677E-07   0.148460E-01  -0.133510E-06
    2.727   0.801868E-02  -0.174921E-06  -0.182490E-05   0.259749E-06   0.164732E+00   0.147002E-05   0.110114E-04   0.123630E-06   0.288162E+00   0.414107E-05   0.562131E-05   0.911056E-07   0.240489E+00   0.135752E-05  -0.209534E-05  -0.683067E-07   0.137843E-01  -0.137912E-06
    2.879   0.650428E-02  -0.181133E-06  -0.163996E-05   0.229578E-06   0.171850E+00   0.147913E-05   0.980068E-05   0.107548E-06   0.289358E+00   0.389053E-05   0.536628E-05   0.851845E-07   0.245641E+00   0.139071E-05  -0.194131E-05  -0.615996E-07   0.126773E-01  -0.138699E-06
    3.030   0.500581E-02  -0.183154E-06  -0.148066E-05   0.202989E-06   0.178531E+00   0.148103E-05   0.872890E-05   0.935438E-07   0.290247E+00   0.365240E-05   0.509327E-05   0.793377E-07   0.250317E+00   0.141259E-05  -0.179521E-05  -0.555028E-07   0.115522E-01  -0.136490E-06
    3.182   0.354828E-02  -0.181674E-06  -0.134268E-05   0.179577E-06   0.184779E+00   0.147666E-05   0.778139E-05   0.813701E-07   0.290883E+00   0.342745E-05   0.480962E-05   0.736406E-07   0.254550E+00   0.142438E-05  -0.165779E-05  -0.499825E-07   0.104312E-01  -0.131876E-06
    3.333   0.215189E-02  -0.177340E-06  -0.122214E-05   0.158945E-06   0.190601E+00   0.146688E-05   0.694472E-05   0.707978E-07   0.291315E+00   0.321612E-05   0.452205E-05   0.681457E-07   0.258370E+00   0.142732E-05  -0.152909E-05  -0.449859E-07   0.933111E-02  -0.125376E-06
    3.485   0.831687E-03  -0.170758E-06  -0.111625E-05   0.140773E-06   0.196013E+00   0.145247E-05   0.620584E-05   0.616238E-07   0.291583E+00   0.301828E-05   0.423555E-05   0.628926E-07   0.261809E+00   0.142258E-05  -0.140928E-05  -0.404800E-07   0.826601E-02  -0.117487E-06
    3.636  -0.402939E-03  -0.162476E-06  -0.102266E-05   0.124761E-06   0.201032E+00   0.143413E-05   0.555328E-05   0.536689E-07   0.291719E+00   0.283365E-05   0.395438E-05   0.579105E-07   0.264894E+00   0.141127E-05  -0.129817E-05  -0.364183E-07   0.724546E-02  -0.108632E-06
    3.788  -0.154709E-02  -0.152978E-06  -0.939531E-06   0.110653E-06   0.205677E+00   0.141247E-05   0.497649E-05   0.467753E-07   0.291752E+00   0.266164E-05   0.368167E-05   0.532171E-07   0.267654E+00   0.139441E-05  -0.119556E-05  -0.327645E-07   0.627547E-02  -0.991810E-07
    3.939  -0.259813E-02  -0.142652E-06  -0.865104E-06   0.982057E-07   0.209971E+00   0.138808E-05   0.446604E-05   0.407975E-07   0.291707E+00   0.250170E-05   0.341960E-05   0.488157E-07   0.270115E+00   0.137291E-05  -0.110088E-05  -0.294754E-07   0.535998E-02  -0.894264E-07
    4.091  -0.355696E-02  -0.131860E-06  -0.798295E-06   0.872231E-07   0.213935E+00   0.136140E-05   0.401374E-05   0.356145E-07   0.291602E+00   0.235309E-05   0.316981E-05   0.447096E-07   0.272302E+00   0.134762E-05  -0.101385E-05  -0.265217E-07   0.450062E-02  -0.796241E-07
    4.242  -0.442663E-02  -0.120885E-06  -0.738015E-06   0.775235E-07   0.217592E+00   0.133288E-05   0.361245E-05   0.311204E-07   0.291455E+00   0.221507E-05   0.293336E-05   0.408954E-07   0.274238E+00   0.131926E-05  -0.933915E-06  -0.238667E-07   0.369679E-02  -0.699700E-07
    4.394  -0.521146E-02  -0.109952E-06  -0.683464E-06   0.689547E-07   0.220963E+00   0.130289E-05   0.325584E-05   0.272223E-07   0.291279E+00   0.208691E-05   0.271077E-05   0.373653E-07   0.275944E+00   0.128848E-05  -0.860642E-06  -0.214827E-07   0.294680E-02  -0.606157E-07
    4.545  -0.591708E-02  -0.992363E-07  -0.633880E-06   0.613760E-07   0.224070E+00   0.127178E-05   0.293838E-05   0.238381E-07   0.291085E+00   0.196789E-05   0.250215E-05   0.341067E-07   0.277442E+00   0.125584E-05  -0.793492E-06  -0.193416E-07   0.224795E-02  -0.516732E-07
    4.697  -0.655007E-02  -0.888813E-07  -0.588640E-06   0.546628E-07   0.226932E+00   0.123981E-05   0.265522E-05   0.208968E-07   0.290884E+00   0.185732E-05   0.230730E-05   0.311054E-07   0.278751E+00   0.122182E-05  -0.731967E-06  -0.174166E-07   0.159669E-02  -0.432301E-07
    4.848  -0.711842E-02  -0.789903E-07  -0.547377E-06   0.487219E-07   0.229568E+00   0.120725E-05   0.240246E-05   0.183428E-07   0.290681E+00   0.175452E-05   0.212612E-05   0.283511E-07   0.279887E+00   0.118683E-05  -0.675711E-06  -0.156895E-07   0.988197E-03  -0.353363E-07
    5.000  -0.762861E-02  -0.696354E-07  -0.509611E-06   0.434559E-07   0.231995E+00   0.117431E-05   0.217638E-05   0.161219E-07   0.290484E+00   0.165887E-05   0.195802E-05   0.258269E-07   0.280867E+00   0.115122E-05  -0.624249E-06  -0.141382E-07   0.418470E-03  -0.280272E-07
    5.152  -0.808809E-02  -0.608644E-07  -0.474976E-06   0.387836E-07   0.234230E+00   0.114117E-05   0.197386E-05   0.141893E-07   0.290298E+00   0.156981E-05   0.180240E-05   0.235171E-07   0.281706E+00   0.111530E-05  -0.577171E-06  -0.127439E-07  -0.117223E-03  -0.213187E-07
    5.303  -0.850386E-02  -0.527078E-07  -0.443158E-06   0.346343E-07   0.236285E+00   0.110799E-05   0.179217E-05   0.125065E-07   0.290126E+00   0.148679E-05   0.165861E-05   0.214065E-07   0.282416E+00   0.107930E-05  -0.534101E-06  -0.114902E-07  -0.623622E-03  -0.152136E-07
    5.455  -0.888335E-02  -0.451770E-07  -0.413886E-06   0.309464E-07   0.238175E+00   0.107490E-05   0.162894E-05   0.110402E-07   0.289973E+00   0.140932E-05   0.152598E-05   0.194802E-07   0.283009E+00   0.104344E-05  -0.494692E-06  -0.103623E-07  -0.110566E-02  -0.970347E-08
    5.606  -0.923279E-02  -0.382709E-07  -0.386922E-06   0.276659E-07   0.239912E+00   0.104203E-05   0.148209E-05   0.976165E-08   0.289839E+00   0.133696E-05   0.140380E-05   0.177238E-07   0.283497E+00   0.100789E-05  -0.458621E-06  -0.934702E-08  -0.156772E-02  -0.477057E-08
    5.758  -0.955866E-02  -0.319805E-07  -0.362054E-06   0.247453E-07   0.241506E+00   0.100947E-05   0.134983E-05   0.864621E-08   0.289729E+00   0.126929E-05   0.129137E-05   0.161235E-07   0.283889E+00   0.972784E-06  -0.425595E-06  -0.843257E-08  -0.201440E-02  -0.392769E-09
    5.909  -0.986803E-02  -0.262887E-07  -0.339096E-06   0.221431E-07   0.242966E+00   0.977303E-06   0.123054E-05   0.767241E-08   0.289642E+00   0.120593E-05   0.118800E-05   0.146663E-07   0.284195E+00   0.938243E-06  -0.395343E-06  -0.760844E-08  -0.245081E-02   0.345560E-08
    6.061  -0.101664E-01  -0.211730E-07  -0.317882E-06   0.198226E-07   0.244303E+00   0.945595E-06   0.112283E-05   0.682184E-08   0.289582E+00   0.114655E-05   0.109304E-05   0.133402E-07   0.284420E+00   0.904357E-06  -0.367620E-06  -0.686525E-08  -0.288116E-02   0.680394E-08
    6.212  -0.104590E-01  -0.166061E-07  -0.298264E-06   0.177520E-07   0.245522E+00   0.914406E-06   0.102548E-05   0.607854E-08   0.289548E+00   0.109082E-05   0.100585E-05   0.121339E-07   0.284574E+00   0.871196E-06  -0.342202E-06  -0.619459E-08  -0.330932E-02   0.968353E-08
    6.364  -0.107519E-01  -0.125610E-07  -0.280107E-06   0.159029E-07   0.246631E+00   0.883781E-06   0.937404E-06   0.542869E-08   0.289542E+00   0.103846E-05   0.925842E-06   0.110369E-07   0.284661E+00   0.838818E-06  -0.318883E-06  -0.558899E-08  -0.374009E-02   0.121244E-07
    6.515  -0.110500E-01  -0.900671E-08  -0.263289E-06   0.142503E-07   0.247637E+00   0.853760E-06   0.857630E-06   0.486028E-08   0.289565E+00   0.989219E-06   0.852442E-06   0.100393E-07   0.284686E+00   0.807265E-06  -0.297477E-06  -0.504174E-08  -0.417748E-02   0.141580E-07
    6.667  -0.113581E-01  -0.591214E-08  -0.247700E-06   0.127724E-07   0.248543E+00   0.824372E-06   0.785313E-06   0.436291E-08   0.289617E+00   0.942860E-06   0.785126E-06   0.913230E-08   0.284655E+00   0.776568E-06  -0.277815E-06  -0.454690E-08  -0.462531E-02   0.158148E-07
    6.818  -0.116815E-01  -0.324802E-08  -0.233242E-06   0.114498E-07   0.249356E+00   0.795641E-06   0.719698E-06   0.392755E-08   0.289699E+00   0.899170E-06   0.723400E-06   0.830765E-08   0.284571E+00   0.746747E-06  -0.259743E-06  -0.409913E-08  -0.508809E-02   0.171236E-07
    6.970  -0.120255E-01  -0.985206E-09  -0.219824E-06   0.102653E-07   0.250079E+00   0.767585E-06   0.660112E-06   0.354641E-08   0.289812E+00   0.857955E-06   0.666807E-06   0.755786E-08   0.284438E+00   0.717816E-06  -0.243121E-06  -0.369367E-08  -0.557016E-02   0.181118E-07
    7.121  -0.123941E-01   0.906637E-09  -0.207363E-06   0.920381E-08   0.250715E+00   0.740215E-06   0.605955E-06   0.321262E-08   0.289956E+00   0.819038E-06   0.614921E-06   0.687602E-08   0.284258E+00   0.689781E-06  -0.227821E-06  -0.332626E-08  -0.607512E-02   0.188070E-07
    7.273  -0.127913E-01   0.245591E-08  -0.195783E-06   0.825196E-08   0.251268E+00   0.713542E-06   0.556696E-06   0.292026E-08   0.290131E+00   0.782259E-06   0.567348E-06   0.625588E-08   0.284033E+00   0.662642E-06  -0.213729E-06  -0.299309E-08  -0.660672E-02   0.192347E-07
    7.424  -0.132225E-01   0.368832E-08  -0.185017E-06   0.739784E-08   0.251740E+00   0.687569E-06   0.511856E-06   0.266413E-08   0.290339E+00   0.747472E-06   0.523729E-06   0.569170E-08   0.283765E+00   0.636395E-06  -0.200740E-06  -0.269075E-08  -0.716963E-02   0.194172E-07
    7.576  -0.136918E-01   0.462873E-08  -0.175001E-06   0.663094E-08   0.252133E+00   0.662299E-06   0.471007E-06   0.243972E-08   0.290580E+00   0.714545E-06   0.483727E-06   0.517831E-08   0.283456E+00   0.611031E-06  -0.188758E-06  -0.241620E-08  -0.776773E-02   0.193769E-07
    7.727  -0.142036E-01   0.530199E-08  -0.165678E-06   0.594192E-08   0.252449E+00   0.637729E-06   0.433769E-06   0.224311E-08   0.290855E+00   0.683354E-06   0.447038E-06   0.471097E-08   0.283106E+00   0.586540E-06  -0.177697E-06  -0.216672E-08  -0.840509E-02   0.191344E-07
    7.879  -0.147625E-01   0.572936E-08  -0.156993E-06   0.532250E-08   0.252689E+00   0.613857E-06   0.399795E-06   0.207082E-08   0.291163E+00   0.653788E-06   0.413378E-06   0.428537E-08   0.282715E+00   0.562908E-06  -0.167478E-06  -0.193985E-08  -0.908617E-02   0.187081E-07
    8.030  -0.153719E-01   0.593444E-08  -0.148900E-06   0.476529E-08   0.252855E+00   0.590679E-06   0.368779E-06   0.191982E-08   0.291506E+00   0.625746E-06   0.382489E-06   0.389759E-08   0.282283E+00   0.540119E-06  -0.158029E-06  -0.173339E-08  -0.981434E-02   0.181170E-07
    8.182  -0.160377E-01   0.593348E-08  -0.141353E-06   0.426374E-08   0.252947E+00   0.568185E-06   0.340441E-06   0.178749E-08   0.291884E+00   0.599133E-06   0.354134E-06   0.354413E-08   0.281811E+00   0.518155E-06  -0.149286E-06  -0.154540E-08  -0.105951E-01   0.173751E-07
    8.333  -0.167634E-01   0.574625E-08  -0.134312E-06   0.381201E-08   0.252965E+00   0.546369E-06   0.314532E-06   0.167151E-08   0.292298E+00   0.573865E-06   0.328094E-06   0.322178E-08   0.281297E+00   0.496998E-06  -0.141189E-06  -0.137410E-08  -0.114322E-01   0.164982E-07
    8.485  -0.175546E-01   0.538748E-08  -0.127738E-06   0.340488E-08   0.252910E+00   0.525219E-06   0.290825E-06   0.156988E-08   0.292748E+00   0.549863E-06   0.304171E-06   0.292765E-08   0.280739E+00   0.476627E-06  -0.133684E-06  -0.121791E-08  -0.123309E-01   0.154982E-07
    8.636  -0.184151E-01   0.487415E-08  -0.121598E-06   0.303774E-08   0.252781E+00   0.504726E-06   0.269117E-06   0.148077E-08   0.293236E+00   0.527053E-06   0.282183E-06   0.265905E-08   0.280137E+00   0.457023E-06  -0.126723E-06  -0.107540E-08  -0.132953E-01   0.143887E-07
    8.788  -0.193501E-01   0.421997E-08  -0.115859E-06   0.270643E-08   0.252577E+00   0.484878E-06   0.249224E-06   0.140265E-08   0.293760E+00   0.505367E-06   0.261962E-06   0.241364E-08   0.279489E+00   0.438164E-06  -0.120260E-06  -0.945290E-09  -0.143304E-01   0.131805E-07
    8.939  -0.203642E-01   0.343785E-08  -0.110492E-06   0.240729E-08   0.252299E+00   0.465664E-06   0.230980E-06   0.133415E-08   0.294323E+00   0.484745E-06   0.243356E-06   0.218923E-08   0.278792E+00   0.420030E-06  -0.114255E-06  -0.826431E-09  -0.154412E-01   0.118832E-07
    9.091  -0.214630E-01   0.253863E-08  -0.105470E-06   0.213701E-08   0.251944E+00   0.447069E-06   0.214233E-06   0.127405E-08   0.294924E+00   0.465130E-06   0.226225E-06   0.198388E-08   0.278044E+00   0.402598E-06  -0.108672E-06  -0.717784E-09  -0.166331E-01   0.105054E-07
    9.242  -0.226520E-01   0.153229E-08  -0.100768E-06   0.189264E-08   0.251512E+00   0.429081E-06   0.198848E-06   0.122130E-08   0.295565E+00   0.446468E-06   0.210442E-06   0.179582E-08   0.277242E+00   0.385847E-06  -0.103476E-06  -0.618417E-09  -0.179120E-01   0.905465E-08
    9.394  -0.239363E-01   0.429090E-09  -0.963633E-07   0.167157E-08   0.251001E+00   0.411686E-06   0.184702E-06   0.117497E-08   0.296244E+00   0.428709E-06   0.195890E-06   0.162342E-08   0.276383E+00   0.369757E-06  -0.986374E-07  -0.527488E-09  -0.192830E-01   0.753836E-08
    9.545  -0.253205E-01  -0.761420E-09  -0.922353E-07   0.147142E-08   0.250409E+00   0.394872E-06   0.171682E-06   0.113423E-08   0.296963E+00   0.411808E-06   0.182461E-06   0.146525E-08   0.275462E+00   0.354304E-06  -0.941273E-07  -0.444240E-09  -0.207510E-01   0.596372E-08
    9.697  -0.268111E-01  -0.203244E-08  -0.883641E-07   0.129010E-08   0.249733E+00   0.378624E-06   0.159686E-06   0.109837E-08   0.297721E+00   0.395723E-06   0.170060E-06   0.131996E-08   0.274476E+00   0.339470E-06  -0.899203E-07  -0.367985E-09  -0.223227E-01   0.433566E-08
    9.848  -0.284114E-01  -0.337437E-08  -0.847320E-07   0.112573E-08   0.248974E+00   0.362931E-06   0.148623E-06   0.106672E-08   0.298517E+00   0.380413E-06   0.158594E-06   0.118636E-08   0.273421E+00   0.325231E-06  -0.859932E-07  -0.298107E-09  -0.240019E-01   0.266094E-08
   10.000  -0.301299E-01  -0.478483E-08  -0.813225E-07   0.976603E-09   0.248127E+00   0.347775E-06   0.138408E-06   0.103873E-08   0.299353E+00   0.365842E-06   0.147984E-06   0.106335E-08   0.272292E+00   0.311568E-06  -0.823248E-07  -0.234048E-09  -0.257970E-01   0.941042E-09
   10.152  -0.319698E-01  -0.625509E-08  -0.781204E-07   0.841220E-09   0.247190E+00   0.333146E-06   0.128964E-06   0.101390E-08   0.300227E+00   0.351975E-06   0.138154E-06   0.949962E-09   0.271084E+00   0.298461E-06  -0.788957E-07  -0.175302E-09  -0.277118E-01  -0.817806E-09
   10.303  -0.339372E-01  -0.778088E-08  -0.751118E-07   0.718225E-09   0.246160E+00   0.319031E-06   0.120223E-06   0.991790E-09   0.301137E+00   0.338779E-06   0.129036E-06   0.845289E-09   0.269792E+00   0.285889E-06  -0.756883E-07  -0.121415E-09  -0.297528E-01  -0.261294E-08
   10.455  -0.360363E-01  -0.935625E-08  -0.722839E-07   0.606405E-09   0.245035E+00   0.305415E-06   0.112121E-06   0.972002E-09   0.302084E+00   0.326225E-06   0.120568E-06   0.748514E-09   0.268410E+00   0.273833E-06  -0.726863E-07  -0.719723E-10  -0.319245E-01  -0.444025E-08
   10.606  -0.382744E-01  -0.109799E-07  -0.696249E-07   0.504670E-09   0.243812E+00   0.292287E-06   0.104600E-06   0.954196E-09   0.303065E+00   0.314285E-06   0.112691E-06   0.658899E-09   0.266933E+00   0.262275E-06  -0.698753E-07  -0.266020E-10  -0.342345E-01  -0.629966E-08
   10.758  -0.406531E-01  -0.126451E-07  -0.671239E-07   0.412045E-09   0.242489E+00   0.279633E-06   0.976088E-07   0.938057E-09   0.304078E+00   0.302932E-06   0.105354E-06   0.575775E-09   0.265354E+00   0.251194E-06  -0.672417E-07   0.150349E-10  -0.366853E-01  -0.818625E-08
   10.909  -0.431786E-01  -0.143502E-07  -0.647709E-07   0.327657E-09   0.241061E+00   0.267443E-06   0.910983E-07   0.923311E-09   0.305121E+00   0.292141E-06   0.985078E-07   0.498522E-09   0.263667E+00   0.240574E-06  -0.647732E-07   0.532473E-10  -0.392830E-01  -0.100994E-07
   11.061  -0.458564E-01  -0.160943E-07  -0.625569E-07   0.250719E-09   0.239527E+00   0.255702E-06   0.850248E-07   0.909717E-09   0.306191E+00   0.281890E-06   0.921092E-07   0.426586E-09   0.261866E+00   0.230397E-06  -0.624590E-07   0.883137E-10  -0.420341E-01  -0.120396E-07
   11.212  -0.486909E-01  -0.178758E-07  -0.604733E-07   0.180531E-09   0.237882E+00   0.244400E-06   0.793487E-07   0.897057E-09   0.307286E+00   0.272157E-06   0.861179E-07   0.359462E-09   0.259943E+00   0.220645E-06  -0.602888E-07   0.120487E-09  -0.449430E-01  -0.140060E-07
   11.364  -0.516840E-01  -0.196919E-07  -0.585126E-07   0.116462E-09   0.236124E+00   0.233524E-06   0.740333E-07   0.885134E-09   0.308401E+00   0.262923E-06   0.804968E-07   0.296689E-09   0.257893E+00   0.211302E-06  -0.582536E-07   0.149998E-09  -0.480126E-01  -0.159974E-07
   11.515  -0.548381E-01  -0.215410E-07  -0.566676E-07   0.579499E-10   0.234251E+00   0.223066E-06   0.690454E-07   0.873775E-09   0.309532E+00   0.254168E-06   0.752122E-07   0.237850E-09   0.255708E+00   0.202351E-06  -0.563448E-07   0.177057E-09  -0.512457E-01  -0.180130E-07
   11.667  -0.581545E-01  -0.234217E-07  -0.549320E-07   0.449314E-11   0.232261E+00   0.213014E-06   0.643545E-07   0.862822E-09   0.310673E+00   0.245875E-06   0.702331E-07   0.182561E-09   0.253383E+00   0.193778E-06  -0.545550E-07   0.201855E-09  -0.546442E-01  -0.200527E-07
   11.818  -0.616354E-01  -0.253351E-07  -0.533000E-07  -0.443636E-10   0.230151E+00   0.203358E-06   0.599327E-07   0.852138E-09   0.311821E+00   0.238029E-06   0.655312E-07   0.130482E-09   0.250910E+00   0.185566E-06  -0.528775E-07   0.224566E-09  -0.582110E-01  -0.221181E-07
   11.970  -0.652803E-01  -0.272803E-07  -0.517662E-07  -0.890176E-10   0.227921E+00   0.194089E-06   0.557549E-07   0.841599E-09   0.312969E+00   0.230614E-06   0.610810E-07   0.812978E-10   0.248285E+00   0.177702E-06  -0.513059E-07   0.245351E-09  -0.619460E-01  -0.242091E-07
   12.121  -0.690899E-01  -0.292588E-07  -0.503257E-07  -0.129828E-09   0.225569E+00   0.185196E-06   0.517978E-07   0.831094E-09   0.314110E+00   0.223616E-06   0.568589E-07   0.347222E-10   0.245501E+00   0.170172E-06  -0.498347E-07   0.264356E-09  -0.658506E-01  -0.263281E-07
   12.273  -0.730651E-01  -0.312738E-07  -0.489742E-07  -0.167117E-09   0.223092E+00   0.176669E-06   0.480401E-07   0.820528E-09   0.315237E+00   0.217024E-06   0.528435E-07  -0.949544E-11   0.242552E+00   0.162961E-06  -0.484590E-07   0.281713E-09  -0.699260E-01  -0.284785E-07
   12.424  -0.771990E-01  -0.333232E-07  -0.477077E-07  -0.201164E-09   0.220494E+00   0.168501E-06   0.444626E-07   0.809813E-09   0.316344E+00   0.210826E-06   0.490152E-07  -0.515850E-10   0.239436E+00   0.156058E-06  -0.471741E-07   0.297544E-09  -0.741662E-01  -0.306593E-07
   12.576  -0.814888E-01  -0.354098E-07  -0.465227E-07  -0.232220E-09   0.217776E+00   0.160683E-06   0.410478E-07   0.798873E-09   0.317421E+00   0.205010E-06   0.453564E-07  -0.917491E-10   0.236149E+00   0.149450E-06  -0.459761E-07   0.311961E-09  -0.785688E-01  -0.328736E-07
   12.727  -0.859289E-01  -0.375355E-07  -0.454161E-07  -0.260509E-09   0.214938E+00   0.153206E-06   0.377794E-07   0.787642E-09   0.318461E+00   0.199568E-06   0.418508E-07  -0.130172E-09   0.232690E+00   0.143125E-06  -0.448615E-07   0.325066E-09  -0.831286E-01  -0.351239E-07
   12.879  -0.905173E-01  -0.397056E-07  -0.443850E-07  -0.286226E-09   0.211984E+00   0.146061E-06   0.346432E-07   0.776070E-09   0.319456E+00   0.194490E-06   0.384843E-07  -0.167016E-09   0.229054E+00   0.137071E-06  -0.438269E-07   0.336953E-09  -0.878440E-01  -0.374155E-07
   13.030  -0.952417E-01  -0.419204E-07  -0.434267E-07  -0.309541E-09   0.208918E+00   0.139242E-06   0.316260E-07   0.764109E-09   0.320396E+00   0.189768E-06   0.352439E-07  -0.202419E-09   0.225246E+00   0.131280E-06  -0.428694E-07   0.347707E-09  -0.927032E-01  -0.397492E-07
   13.182  -0.100096E+00  -0.441850E-07  -0.425391E-07  -0.330606E-09   0.205747E+00   0.132740E-06   0.287158E-07   0.751725E-09   0.321272E+00   0.185396E-06   0.321181E-07  -0.236506E-09   0.221267E+00   0.125740E-06  -0.419866E-07   0.357404E-09  -0.977004E-01  -0.421302E-07
   13.333  -0.105071E+00  -0.465035E-07  -0.417203E-07  -0.349554E-09   0.202477E+00   0.126547E-06   0.259018E-07   0.738892E-09   0.322076E+00   0.181366E-06   0.290963E-07  -0.269384E-09   0.217119E+00   0.120442E-06  -0.411760E-07   0.366115E-09  -0.102827E+00  -0.445627E-07
   13.485  -0.110153E+00  -0.488790E-07  -0.409683E-07  -0.366497E-09   0.199119E+00   0.120658E-06   0.231745E-07   0.725592E-09   0.322798E+00   0.177672E-06   0.261697E-07  -0.301145E-09   0.212812E+00   0.115378E-06  -0.404357E-07   0.373903E-09  -0.108069E+00  -0.470501E-07
   13.636  -0.115335E+00  -0.513186E-07  -0.402818E-07  -0.381539E-09   0.195681E+00   0.115064E-06   0.205248E-07   0.711820E-09   0.323431E+00   0.174310E-06   0.233301E-07  -0.331867E-09   0.208352E+00   0.110540E-06  -0.397636E-07   0.380823E-09  -0.113419E+00  -0.495990E-07
   13.788  -0.120601E+00  -0.538262E-07  -0.396592E-07  -0.394763E-09   0.192180E+00   0.109760E-06   0.179453E-07   0.697579E-09   0.323965E+00   0.171274E-06   0.205708E-07  -0.361617E-09   0.203752E+00   0.105920E-06  -0.391582E-07   0.386926E-09  -0.118863E+00  -0.522135E-07
   13.939  -0.125943E+00  -0.564102E-07  -0.390997E-07  -0.406246E-09   0.188628E+00   0.104739E-06   0.154287E-07   0.682884E-09   0.324395E+00   0.168561E-06   0.178859E-07  -0.390455E-09   0.199026E+00   0.101512E-06  -0.386178E-07   0.392255E-09  -0.124391E+00  -0.549014E-07
   14.091  -0.131345E+00  -0.590762E-07  -0.386023E-07  -0.416053E-09   0.185047E+00   0.999966E-07   0.129689E-07   0.667758E-09   0.324713E+00   0.166167E-06   0.152703E-07  -0.418430E-09   0.194194E+00   0.973118E-07  -0.381410E-07   0.396845E-09  -0.129991E+00  -0.576680E-07
   14.242  -0.136798E+00  -0.618334E-07  -0.381665E-07  -0.424240E-09   0.181458E+00   0.955301E-07   0.105603E-07   0.652240E-09   0.324915E+00   0.164090E-06   0.127200E-07  -0.445593E-09   0.189277E+00   0.933154E-07  -0.377266E-07   0.400726E-09  -0.135652E+00  -0.605217E-07
   14.394  -0.142292E+00  -0.646915E-07  -0.377921E-07  -0.430855E-09   0.177888E+00   0.913381E-07   0.819784E-08   0.636384E-09   0.324998E+00   0.162327E-06   0.102318E-07  -0.471994E-09   0.184306E+00   0.895222E-07  -0.373735E-07   0.403921E-09  -0.141367E+00  -0.634714E-07
   14.545  -0.147820E+00  -0.676634E-07  -0.374794E-07  -0.435940E-09   0.174372E+00   0.874230E-07   0.587712E-08   0.620266E-09   0.324962E+00   0.160881E-06   0.780362E-08  -0.497697E-09   0.179319E+00   0.859345E-07  -0.370812E-07   0.406448E-09  -0.147133E+00  -0.665287E-07
   14.697  -0.153383E+00  -0.707679E-07  -0.372302E-07  -0.439533E-09   0.170951E+00   0.837937E-07   0.359400E-08   0.603996E-09   0.324814E+00   0.159754E-06   0.543417E-08  -0.522789E-09   0.174367E+00   0.825607E-07  -0.368496E-07   0.408313E-09  -0.152959E+00  -0.697098E-07
   14.848  -0.158992E+00  -0.740350E-07  -0.370486E-07  -0.441667E-09   0.167691E+00   0.804752E-07   0.134459E-08   0.587759E-09   0.324574E+00   0.158962E-06   0.312387E-08  -0.547421E-09   0.169537E+00   0.794240E-07  -0.366811E-07   0.409518E-09  -0.158876E+00  -0.730415E-07
   15.000  -0.164685E+00  -0.775456E-07  -0.369488E-07  -0.442380E-09   0.164685E+00   0.775456E-07  -0.876275E-09   0.571980E-09   0.324312E+00   0.158554E-06   0.876276E-09  -0.571980E-09   0.165046E+00   0.765960E-07  -0.365869E-07   0.410039E-09  -0.165046E+00  -0.765960E-07
