    0.000   0.159737E-04   0.478483E-11   0.990074E-10  -0.576720E-09   0.280268E+00  -0.131012E-10   0.128753E-11  -0.106940E-08   0.281279E+00   0.495693E-20   0.128753E-11   0.106940E-08   0.280268E+00   0.131012E-10   0.990074E-10   0.576720E-09   0.159737E-04  -0.478483E-11
    0.152   0.220910E-04   0.636516E-12   0.252537E-11   0.144315E-11   0.280261E+00   0.214044E-12  -0.212207E-13   0.618370E-10   0.281280E+00   0.874133E-20  -0.212207E-13  -0.618370E-10   0.280261E+00  -0.214044E-12   0.252537E-11  -0.144315E-11   0.220910E-04  -0.636516E-12
    0.303   0.266302E-04  -0.368900E-12   0.211137E-11  -0.545445E-11   0.280259E+00   0.107270E-11  -0.146704E-13   0.696717E-10   0.281283E+00   0.838073E-20  -0.146704E-13  -0.696717E-10   0.280259E+00  -0.107270E-11   0.211137E-11   0.545445E-11   0.266302E-04   0.368900E-12
    0.455   0.391998E-04  -0.272599E-12   0.796898E-13  -0.166349E-10   0.280256E+00   0.817231E-12  -0.160957E-13   0.537461E-10   0.281289E+00   0.870541E-20  -0.160957E-13  -0.537461E-10   0.280256E+00  -0.817231E-12   0.796898E-13   0.166349E-10   0.391998E-04   0.272599E-12
    0.606   0.493085E-04  -0.120470E-12   0.100505E-12  -0.252063E-10   0.280250E+00   0.615937E-12  -0.666996E-14   0.554336E-10   0.281298E+00   0.906409E-20  -0.666996E-14  -0.554336E-10   0.280250E+00  -0.615937E-12   0.100505E-12   0.252063E-10   0.493085E-04   0.120470E-12
    0.758   0.573152E-04  -0.584429E-13   0.314127E-13  -0.318309E-10   0.280241E+00   0.521858E-12  -0.609449E-14   0.614614E-10   0.281308E+00   0.904730E-20  -0.609449E-14  -0.614614E-10   0.280241E+00  -0.521858E-12   0.314127E-13   0.318309E-10   0.573152E-04   0.584429E-13
    0.909   0.635725E-04  -0.396089E-13   0.173881E-13  -0.380813E-10   0.280230E+00   0.475151E-12  -0.280626E-14   0.682678E-10   0.281322E+00   0.963448E-20  -0.280627E-14  -0.682678E-10   0.280230E+00  -0.475151E-12   0.173881E-13   0.380813E-10   0.635725E-04   0.396089E-13
    1.061   0.680052E-04  -0.831156E-15   0.110336E-13  -0.440420E-10   0.280218E+00   0.414551E-12  -0.252705E-14   0.751170E-10   0.281337E+00   0.978686E-20  -0.252705E-14  -0.751170E-10   0.280218E+00  -0.414551E-12   0.110336E-13   0.440420E-10   0.680052E-04   0.831156E-15
    1.212   0.705929E-04   0.188862E-14   0.766179E-14  -0.497882E-10   0.280203E+00   0.392238E-12  -0.159433E-14   0.818782E-10   0.281355E+00   0.989835E-20  -0.159433E-14  -0.818782E-10   0.280203E+00  -0.392238E-12   0.766179E-14   0.497882E-10   0.705929E-04  -0.188862E-14
    1.364   0.712884E-04   0.232047E-14   0.713154E-14  -0.553458E-10   0.280188E+00   0.373501E-12  -0.240734E-14   0.884474E-10   0.281375E+00   0.101640E-19  -0.240734E-14  -0.884474E-10   0.280188E+00  -0.373501E-12   0.713154E-14   0.553458E-10   0.712884E-04  -0.232047E-14
    1.515   0.699563E-04   0.114277E-13   0.497584E-14  -0.607410E-10   0.280170E+00   0.349428E-12  -0.168268E-14   0.948015E-10   0.281398E+00   0.976407E-20  -0.168269E-14  -0.948015E-10   0.280170E+00  -0.349428E-12   0.497584E-14   0.607410E-10   0.699563E-04  -0.114277E-13
    1.667   0.663722E-04   0.454442E-14   0.483450E-14  -0.659817E-10   0.280151E+00   0.340952E-12  -0.203521E-14   0.100945E-09   0.281423E+00   0.963462E-20  -0.203522E-14  -0.100945E-09   0.280151E+00  -0.340952E-12   0.483450E-14   0.659817E-10   0.663722E-04  -0.454442E-14
    1.818   0.604764E-04   0.429371E-14   0.333162E-14  -0.710749E-10   0.280130E+00   0.328261E-12  -0.127026E-14   0.106875E-09   0.281451E+00   0.100151E-19  -0.127027E-14  -0.106875E-09   0.280130E+00  -0.328261E-12   0.333162E-14   0.710749E-10   0.604764E-04  -0.429371E-14
    1.970   0.521600E-04   0.362972E-14   0.272704E-14  -0.760238E-10   0.280107E+00   0.316573E-12  -0.111454E-14   0.112602E-09   0.281482E+00   0.117395E-19  -0.111455E-14  -0.112602E-09   0.280107E+00  -0.316573E-12   0.272704E-14   0.760238E-10   0.521600E-04  -0.362972E-14
    2.121   0.410059E-04   0.320968E-14   0.233906E-14  -0.808301E-10   0.280082E+00   0.305569E-12  -0.103974E-14   0.118127E-09   0.281516E+00   0.132807E-19  -0.103976E-14  -0.118127E-09   0.280082E+00  -0.305569E-12   0.233906E-14   0.808301E-10   0.410059E-04  -0.320968E-14
    2.273   0.270467E-04   0.208469E-14   0.220073E-14  -0.854984E-10   0.280054E+00   0.295560E-12  -0.104767E-14   0.123455E-09   0.281552E+00   0.164399E-19  -0.104770E-14  -0.123455E-09   0.280054E+00  -0.295560E-12   0.220073E-14   0.854984E-10   0.270467E-04  -0.208469E-14
    2.424   0.100400E-04   0.146328E-14   0.203241E-14  -0.900333E-10   0.280024E+00   0.285281E-12  -0.110130E-14   0.128596E-09   0.281592E+00   0.183801E-19  -0.110134E-14  -0.128596E-09   0.280024E+00  -0.285281E-12   0.203241E-14   0.900333E-10   0.100400E-04  -0.146328E-14
    2.576  -0.104570E-04   0.227825E-14   0.172859E-14  -0.944395E-10   0.279992E+00   0.274713E-12  -0.992650E-15   0.133556E-09   0.281636E+00   0.192804E-19  -0.992711E-15  -0.133556E-09   0.279992E+00  -0.274713E-12   0.172859E-14   0.944395E-10  -0.104570E-04  -0.227825E-14
    2.727  -0.343726E-04   0.359914E-14   0.146802E-14  -0.987198E-10   0.279957E+00   0.263636E-12  -0.846506E-15   0.138345E-09   0.281683E+00   0.179439E-19  -0.846551E-15  -0.138345E-09   0.279957E+00  -0.263636E-12   0.146802E-14   0.987198E-10  -0.343726E-04  -0.359914E-14
    2.879  -0.621812E-04   0.316134E-14   0.129488E-14  -0.102878E-09   0.279919E+00   0.255139E-12  -0.721133E-15   0.142971E-09   0.281733E+00   0.154619E-19  -0.721157E-15  -0.142971E-09   0.279919E+00  -0.255139E-12   0.129488E-14   0.102878E-09  -0.621812E-04  -0.316134E-14
    3.030  -0.941652E-04   0.415852E-14   0.119822E-14  -0.106916E-09   0.279878E+00   0.245809E-12  -0.739438E-15   0.147441E-09   0.281788E+00   0.149358E-19  -0.739449E-15  -0.147441E-09   0.279878E+00  -0.245809E-12   0.119822E-14   0.106916E-09  -0.941652E-04  -0.415852E-14
    3.182  -0.130807E-03   0.486258E-14   0.112219E-14  -0.110840E-09   0.279834E+00   0.236710E-12  -0.708804E-15   0.151763E-09   0.281847E+00   0.152396E-19  -0.708804E-15  -0.151763E-09   0.279834E+00  -0.236710E-12   0.112220E-14   0.110840E-09  -0.130807E-03  -0.486258E-14
    3.333  -0.172295E-03   0.449236E-14   0.104474E-14  -0.114652E-09   0.279787E+00   0.229264E-12  -0.716898E-15   0.155943E-09   0.281911E+00   0.144714E-19  -0.716891E-15  -0.155943E-09   0.279787E+00  -0.229264E-12   0.104474E-14   0.114652E-09  -0.172295E-03  -0.449236E-14
    3.485  -0.219021E-03   0.528584E-14   0.938385E-15  -0.118356E-09   0.279736E+00   0.221257E-12  -0.629760E-15   0.159986E-09   0.281979E+00   0.145080E-19  -0.629754E-15  -0.159986E-09   0.279736E+00  -0.221257E-12   0.938385E-15   0.118356E-09  -0.219021E-03  -0.528584E-14
    3.636  -0.271298E-03   0.471697E-14   0.876763E-15  -0.121957E-09   0.279680E+00   0.214617E-12  -0.598531E-15   0.163898E-09   0.282053E+00   0.141460E-19  -0.598528E-15  -0.163898E-09   0.279680E+00  -0.214617E-12   0.876763E-15   0.121957E-09  -0.271298E-03  -0.471697E-14
    3.788  -0.330108E-03   0.438689E-14   0.841838E-15  -0.125456E-09   0.279621E+00   0.208003E-12  -0.601908E-15   0.167687E-09   0.282131E+00   0.155044E-19  -0.601906E-15  -0.167687E-09   0.279621E+00  -0.208003E-12   0.841838E-15   0.125456E-09  -0.330108E-03  -0.438689E-14
    3.939  -0.395656E-03   0.495670E-14   0.789996E-15  -0.128859E-09   0.279557E+00   0.201451E-12  -0.566693E-15   0.171356E-09   0.282216E+00   0.140863E-19  -0.566690E-15  -0.171356E-09   0.279557E+00  -0.201451E-12   0.789996E-15   0.128859E-09  -0.395656E-03  -0.495670E-14
    4.091  -0.468386E-03   0.523365E-14   0.748316E-15  -0.132169E-09   0.279488E+00   0.194810E-12  -0.552041E-15   0.174913E-09   0.282307E+00   0.121155E-19  -0.552037E-15  -0.174913E-09   0.279488E+00  -0.194810E-12   0.748316E-15   0.132169E-09  -0.468386E-03  -0.523365E-14
    4.242  -0.549049E-03   0.466180E-14   0.706796E-15  -0.135390E-09   0.279415E+00   0.188476E-12  -0.539912E-15   0.178361E-09   0.282404E+00   0.107289E-19  -0.539906E-15  -0.178361E-09   0.279415E+00  -0.188476E-12   0.706795E-15   0.135390E-09  -0.549049E-03  -0.466180E-14
    4.394  -0.638199E-03   0.486452E-14   0.679214E-15  -0.138524E-09   0.279335E+00   0.182347E-12  -0.539592E-15   0.181707E-09   0.282508E+00   0.120676E-19  -0.539587E-15  -0.181707E-09   0.279335E+00  -0.182347E-12   0.679214E-15   0.138524E-09  -0.638199E-03  -0.486451E-14
    4.545  -0.736448E-03   0.464551E-14   0.627736E-15  -0.141577E-09   0.279250E+00   0.176915E-12  -0.500155E-15   0.184955E-09   0.282620E+00   0.127654E-19  -0.500148E-15  -0.184955E-09   0.279250E+00  -0.176915E-12   0.627738E-15   0.141577E-09  -0.736448E-03  -0.464551E-14
    4.697  -0.844578E-03   0.475973E-14   0.605159E-15  -0.144552E-09   0.279158E+00   0.171461E-12  -0.488299E-15   0.188110E-09   0.282739E+00   0.129627E-19  -0.488291E-15  -0.188110E-09   0.279158E+00  -0.171461E-12   0.605161E-15   0.144552E-09  -0.844578E-03  -0.475973E-14
    4.848  -0.963890E-03   0.447334E-14   0.570799E-15  -0.147452E-09   0.279060E+00   0.166055E-12  -0.460011E-15   0.191177E-09   0.282867E+00   0.130619E-19  -0.460002E-15  -0.191177E-09   0.279060E+00  -0.166055E-12   0.570800E-15   0.147452E-09  -0.963890E-03  -0.447333E-14
    5.000  -0.109496E-02   0.414040E-14   0.553383E-15  -0.150281E-09   0.278954E+00   0.161158E-12  -0.454847E-15   0.194162E-09   0.283003E+00   0.124145E-19  -0.454838E-15  -0.194162E-09   0.278954E+00  -0.161158E-12   0.553383E-15   0.150281E-09  -0.109496E-02  -0.414040E-14
    5.152  -0.123879E-02   0.407149E-14   0.524830E-15  -0.153043E-09   0.278841E+00   0.156370E-12  -0.438985E-15   0.197068E-09   0.283149E+00   0.147413E-19  -0.438976E-15  -0.197068E-09   0.278841E+00  -0.156370E-12   0.524856E-15   0.153043E-09  -0.123879E-02  -0.407151E-14
    5.303  -0.139652E-02   0.340885E-14   0.510794E-15  -0.155741E-09   0.278719E+00   0.151559E-12  -0.410017E-15   0.199900E-09   0.283305E+00   0.314588E-19  -0.409985E-15  -0.199900E-09   0.278719E+00  -0.151559E-12   0.510769E-15   0.155741E-09  -0.139652E-02  -0.340884E-14
    5.455  -0.156942E-02   0.302117E-14   0.487836E-15  -0.158379E-09   0.278588E+00   0.146923E-12  -0.412754E-15   0.202662E-09   0.283472E+00   0.498090E-19  -0.412704E-15  -0.202662E-09   0.278588E+00  -0.146923E-12   0.487836E-15   0.158379E-09  -0.156942E-02  -0.302117E-14
    5.606  -0.175840E-02   0.312511E-14   0.469222E-15  -0.160960E-09   0.278448E+00   0.142399E-12  -0.393013E-15   0.205359E-09   0.283649E+00   0.628706E-19  -0.392949E-15  -0.205359E-09   0.278448E+00  -0.142399E-12   0.469226E-15   0.160960E-09  -0.175840E-02  -0.312512E-14
    5.758  -0.196471E-02   0.275068E-14   0.443957E-15  -0.163489E-09   0.278297E+00   0.138313E-12  -0.380908E-15   0.207994E-09   0.283839E+00   0.654702E-19  -0.380839E-15  -0.207994E-09   0.278297E+00  -0.138313E-12   0.443972E-15   0.163489E-09  -0.196471E-02  -0.275071E-14
    5.909  -0.219035E-02   0.209850E-14   0.430047E-15  -0.165967E-09   0.278135E+00   0.134368E-12  -0.370771E-15   0.210573E-09   0.284041E+00   0.490369E-19  -0.370721E-15  -0.210573E-09   0.278135E+00  -0.134368E-12   0.430072E-15   0.165967E-09  -0.219035E-02  -0.209852E-14
    6.061  -0.243661E-02   0.180202E-14   0.410227E-15  -0.168400E-09   0.277962E+00   0.130487E-12  -0.352077E-15   0.213098E-09   0.284257E+00   0.296372E-19  -0.352043E-15  -0.213098E-09   0.277962E+00  -0.130487E-12   0.410226E-15   0.168400E-09  -0.243661E-02  -0.180201E-14
    6.212  -0.270461E-02   0.124889E-14   0.391697E-15  -0.170790E-09   0.277775E+00   0.126512E-12  -0.335290E-15   0.215574E-09   0.284488E+00   0.193297E-19  -0.335269E-15  -0.215574E-09   0.277775E+00  -0.126512E-12   0.391664E-15   0.170790E-09  -0.270461E-02  -0.124888E-14
    6.364  -0.299674E-02   0.872934E-15   0.377262E-15  -0.173140E-09   0.277575E+00   0.122488E-12  -0.336046E-15   0.218004E-09   0.284733E+00   0.154277E-19  -0.336030E-15  -0.218004E-09   0.277575E+00  -0.122488E-12   0.377262E-15   0.173140E-09  -0.299674E-02  -0.872922E-15
    6.515  -0.331462E-02   0.698952E-15   0.369658E-15  -0.175454E-09   0.277360E+00   0.119009E-12  -0.319484E-15   0.220393E-09   0.284994E+00   0.170747E-19  -0.319465E-15  -0.220393E-09   0.277360E+00  -0.119009E-12   0.369660E-15   0.175454E-09  -0.331462E-02  -0.698955E-15
    6.667  -0.365995E-02   0.529948E-15   0.352780E-15  -0.177736E-09   0.277129E+00   0.114938E-12  -0.309739E-15   0.222743E-09   0.285272E+00   0.225632E-19  -0.309719E-15  -0.222743E-09   0.277129E+00  -0.114938E-12   0.352783E-15   0.177736E-09  -0.365995E-02  -0.529943E-15
    6.818  -0.403549E-02   0.434845E-15   0.341841E-15  -0.179987E-09   0.276882E+00   0.111214E-12  -0.295360E-15   0.225059E-09   0.285568E+00   0.295363E-19  -0.295342E-15  -0.225059E-09   0.276882E+00  -0.111214E-12   0.341841E-15   0.179987E-09  -0.403549E-02  -0.434846E-15
    6.970  -0.444383E-02   0.501623E-15   0.335411E-15  -0.182213E-09   0.276616E+00   0.107468E-12  -0.288594E-15   0.227345E-09   0.285883E+00   0.243284E-19  -0.288573E-15  -0.227345E-09   0.276616E+00  -0.107468E-12   0.335410E-15   0.182213E-09  -0.444383E-02  -0.501629E-15
    7.121  -0.488698E-02   0.633902E-15   0.317834E-15  -0.184414E-09   0.276331E+00   0.103579E-12  -0.285713E-15   0.229603E-09   0.286218E+00   0.194241E-19  -0.285692E-15  -0.229603E-09   0.276331E+00  -0.103579E-12   0.317834E-15   0.184414E-09  -0.488698E-02  -0.633913E-15
    7.273  -0.536735E-02   0.702245E-15   0.305856E-15  -0.186595E-09   0.276025E+00   0.996041E-13  -0.267299E-15   0.231837E-09   0.286574E+00   0.937311E-20  -0.267281E-15  -0.231837E-09   0.276025E+00  -0.996041E-13   0.305859E-15   0.186595E-09  -0.536735E-02  -0.702248E-15
    7.424  -0.588833E-02   0.240456E-15   0.290617E-15  -0.188759E-09   0.275696E+00   0.970454E-13  -0.257162E-15   0.234051E-09   0.286951E+00   0.467111E-20  -0.257128E-15  -0.234051E-09   0.275696E+00  -0.970454E-13   0.290618E-15   0.188759E-09  -0.588833E-02  -0.240453E-15
    7.576  -0.645277E-02   0.641937E-15   0.278759E-15  -0.190908E-09   0.275344E+00   0.934916E-13  -0.251403E-15   0.236247E-09   0.287352E+00   0.262636E-20  -0.251339E-15  -0.236247E-09   0.275344E+00  -0.934916E-13   0.278792E-15   0.190908E-09  -0.645277E-02  -0.641931E-15
    7.727  -0.706377E-02   0.412965E-15   0.272538E-15  -0.193044E-09   0.274965E+00   0.898821E-13  -0.240134E-15   0.238428E-09   0.287777E+00   0.331358E-20  -0.240048E-15  -0.238428E-09   0.274965E+00  -0.898821E-13   0.272597E-15   0.193044E-09  -0.706377E-02  -0.412948E-15
    7.879  -0.772497E-02   0.225490E-15   0.262626E-15  -0.195172E-09   0.274559E+00   0.868085E-13  -0.234203E-15   0.240598E-09   0.288228E+00   0.554941E-20  -0.234133E-15  -0.240598E-09   0.274559E+00  -0.868085E-13   0.262648E-15   0.195172E-09  -0.772497E-02  -0.225484E-15
    8.030  -0.843893E-02   0.574147E-15   0.260773E-15  -0.197292E-09   0.274122E+00   0.836377E-13  -0.227891E-15   0.242760E-09   0.288705E+00   0.551050E-20  -0.227847E-15  -0.242760E-09   0.274122E+00  -0.836377E-13   0.260770E-15   0.197292E-09  -0.843893E-02  -0.574142E-15
    8.182  -0.921064E-02   0.614290E-15   0.248604E-15  -0.199408E-09   0.273654E+00   0.806078E-13  -0.218996E-15   0.244916E-09   0.289210E+00   0.321545E-21  -0.218974E-15  -0.244916E-09   0.273654E+00  -0.806079E-13   0.248603E-15   0.199408E-09  -0.921064E-02  -0.614295E-15
    8.333  -0.100432E-01   0.711530E-15   0.236698E-15  -0.201522E-09   0.273152E+00   0.776545E-13  -0.215425E-15   0.247069E-09   0.289743E+00  -0.130249E-19  -0.215425E-15  -0.247069E-09   0.273152E+00  -0.776545E-13   0.236693E-15   0.201522E-09  -0.100432E-01  -0.711526E-15
    8.485  -0.109415E-01   0.771158E-15   0.222843E-15  -0.203637E-09   0.272613E+00   0.750251E-13  -0.203687E-15   0.249222E-09   0.290307E+00  -0.243868E-19  -0.203702E-15  -0.249222E-09   0.272613E+00  -0.750251E-13   0.222848E-15   0.203637E-09  -0.109415E-01  -0.771152E-15
    8.636  -0.119092E-01   0.527001E-15   0.215583E-15  -0.205753E-09   0.272034E+00   0.723151E-13  -0.197740E-15   0.251377E-09   0.290902E+00  -0.253181E-19  -0.197746E-15  -0.251377E-09   0.272034E+00  -0.723151E-13   0.215586E-15   0.205753E-09  -0.119092E-01  -0.526985E-15
    8.788  -0.129511E-01   0.803068E-15   0.204659E-15  -0.207873E-09   0.271413E+00   0.693988E-13  -0.190434E-15   0.253537E-09   0.291529E+00  -0.288921E-19  -0.190434E-15  -0.253537E-09   0.271413E+00  -0.693988E-13   0.204658E-15   0.207873E-09  -0.129511E-01  -0.803035E-15
    8.939  -0.140717E-01   0.614302E-15   0.200030E-15  -0.209999E-09   0.270747E+00   0.666918E-13  -0.181784E-15   0.255703E-09   0.292189E+00  -0.225226E-19  -0.181784E-15  -0.255703E-09   0.270747E+00  -0.666917E-13   0.200038E-15   0.209999E-09  -0.140717E-01  -0.614283E-15
    9.091  -0.152765E-01   0.575131E-15   0.192111E-15  -0.212133E-09   0.270032E+00   0.641160E-13  -0.171718E-15   0.257879E-09   0.292883E+00  -0.178861E-19  -0.171721E-15  -0.257879E-09   0.270032E+00  -0.641160E-13   0.192118E-15   0.212133E-09  -0.152765E-01  -0.575133E-15
    9.242  -0.165711E-01   0.516780E-15   0.177330E-15  -0.214275E-09   0.269266E+00   0.618391E-13  -0.159125E-15   0.260065E-09   0.293613E+00  -0.153298E-19  -0.159128E-15  -0.260065E-09   0.269266E+00  -0.618391E-13   0.177320E-15   0.214275E-09  -0.165711E-01  -0.516777E-15
    9.394  -0.179605E-01   0.556316E-15   0.175314E-15  -0.216427E-09   0.268444E+00   0.596408E-13  -0.163043E-15   0.262264E-09   0.294378E+00  -0.147455E-19  -0.163039E-15  -0.262264E-09   0.268444E+00  -0.596408E-13   0.175330E-15   0.216427E-09  -0.179605E-01  -0.556310E-15
    9.545  -0.194496E-01   0.543771E-15   0.169397E-15  -0.218589E-09   0.267562E+00   0.569202E-13  -0.154383E-15   0.264476E-09   0.295179E+00  -0.130189E-19  -0.154376E-15  -0.264476E-09   0.267562E+00  -0.569202E-13   0.169403E-15   0.218589E-09  -0.194496E-01  -0.543785E-15
    9.697  -0.210451E-01   0.319556E-15   0.158797E-15  -0.220763E-09   0.266617E+00   0.543118E-13  -0.150260E-15   0.266704E-09   0.296017E+00  -0.172162E-20  -0.150249E-15  -0.266704E-09   0.266617E+00  -0.543117E-13   0.158835E-15   0.220763E-09  -0.210451E-01  -0.319540E-15
    9.848  -0.227507E-01   0.382291E-15   0.153619E-15  -0.222947E-09   0.265604E+00   0.521012E-13  -0.140176E-15   0.268947E-09   0.296891E+00  -0.135534E-20  -0.140168E-15  -0.268947E-09   0.265604E+00  -0.521010E-13   0.153628E-15   0.222947E-09  -0.227507E-01  -0.382092E-15
   10.000  -0.245749E-01   0.577430E-15   0.149934E-15  -0.225143E-09   0.264519E+00   0.496994E-13  -0.136322E-15   0.271208E-09   0.297802E+00   0.245122E-21  -0.136320E-15  -0.271208E-09   0.264519E+00  -0.496994E-13   0.149924E-15   0.225143E-09  -0.245749E-01  -0.577452E-15
   10.152  -0.265216E-01   0.175226E-15   0.137265E-15  -0.227350E-09   0.263357E+00   0.477248E-13  -0.127671E-15   0.273485E-09   0.298750E+00   0.143093E-19  -0.127694E-15  -0.273485E-09   0.263357E+00  -0.477248E-13   0.137265E-15   0.227350E-09  -0.265216E-01  -0.175177E-15
   10.303  -0.285972E-01   0.278971E-15   0.137786E-15  -0.229567E-09   0.262113E+00   0.457793E-13  -0.128084E-15   0.275780E-09   0.299734E+00   0.350623E-19  -0.128114E-15  -0.275780E-09   0.262113E+00  -0.457793E-13   0.137783E-15   0.229567E-09  -0.285972E-01  -0.278921E-15
   10.455  -0.308065E-01   0.225270E-15   0.129334E-15  -0.231792E-09   0.260782E+00   0.433026E-13  -0.108436E-15   0.278090E-09   0.300753E+00   0.488070E-19  -0.108472E-15  -0.278090E-09   0.260782E+00  -0.433025E-13   0.129261E-15   0.231792E-09  -0.308065E-01  -0.225255E-15
   10.606  -0.331570E-01   0.197934E-15   0.128377E-15  -0.234025E-09   0.259359E+00   0.416367E-13  -0.107989E-15   0.280417E-09   0.301806E+00   0.439685E-19  -0.108029E-15  -0.280417E-09   0.259359E+00  -0.416358E-13   0.128278E-15   0.234025E-09  -0.331570E-01  -0.197091E-15
   10.758  -0.356512E-01   0.115636E-15   0.118097E-15  -0.236263E-09   0.257838E+00   0.395459E-13  -0.105622E-15   0.282758E-09   0.302890E+00   0.386518E-19  -0.105661E-15  -0.282758E-09   0.257838E+00  -0.395455E-13   0.118011E-15   0.236263E-09  -0.356512E-01  -0.115290E-15
   10.909  -0.382955E-01   0.215978E-15   0.111170E-15  -0.238502E-09   0.256215E+00   0.376618E-13  -0.101538E-15   0.285111E-09   0.304004E+00   0.395547E-19  -0.101563E-15  -0.285111E-09   0.256215E+00  -0.376608E-13   0.111113E-15   0.238502E-09  -0.382955E-01  -0.214938E-15
   11.061  -0.410962E-01   0.175378E-15   0.110061E-15  -0.240740E-09   0.254483E+00   0.359891E-13  -0.839292E-16   0.287475E-09   0.305145E+00   0.282960E-19  -0.839443E-16  -0.287475E-09   0.254483E+00  -0.359891E-13   0.110037E-15   0.240740E-09  -0.410962E-01  -0.175290E-15
   11.212  -0.440580E-01   0.195941E-15   0.102693E-15  -0.242974E-09   0.252637E+00   0.337999E-13  -0.819584E-16   0.289847E-09   0.306311E+00   0.354492E-19  -0.819554E-16  -0.289847E-09   0.252637E+00  -0.337994E-13   0.102678E-15   0.242974E-09  -0.440580E-01  -0.195820E-15
   11.364  -0.471837E-01   0.573192E-17   0.989840E-16  -0.245199E-09   0.250670E+00   0.319633E-13  -0.856756E-16   0.292224E-09   0.307497E+00   0.279698E-19  -0.856671E-16  -0.292224E-09   0.250670E+00  -0.319634E-13   0.989986E-16   0.245199E-09  -0.471837E-01  -0.570225E-17
   11.515  -0.504760E-01  -0.855443E-16   0.948165E-16  -0.247410E-09   0.248578E+00   0.301106E-13  -0.762568E-16   0.294601E-09   0.308699E+00   0.375512E-19  -0.762341E-16  -0.294601E-09   0.248578E+00  -0.301106E-13   0.949042E-16   0.247410E-09  -0.504760E-01   0.855425E-16
   11.667  -0.539367E-01   0.206282E-15   0.939867E-16  -0.249601E-09   0.246357E+00   0.282764E-13  -0.666700E-16   0.296974E-09   0.309912E+00   0.262728E-19  -0.666270E-16  -0.296974E-09   0.246357E+00  -0.282765E-13   0.941364E-16   0.249601E-09  -0.539367E-01  -0.206190E-15
   11.818  -0.575687E-01  -0.346412E-16   0.842058E-16  -0.251767E-09   0.243999E+00   0.265948E-13  -0.663624E-16   0.299337E-09   0.311132E+00   0.945895E-20  -0.663183E-16  -0.299337E-09   0.243999E+00  -0.265947E-13   0.842554E-16   0.251767E-09  -0.575687E-01   0.345948E-16
   11.970  -0.613716E-01   0.645079E-16   0.841309E-16  -0.253900E-09   0.241502E+00   0.251319E-13  -0.635634E-16   0.301686E-09   0.312351E+00   0.147741E-19  -0.635257E-16  -0.301686E-09   0.241502E+00  -0.251319E-13   0.841649E-16   0.253900E-09  -0.613716E-01  -0.645559E-16
   12.121  -0.653469E-01   0.138418E-15   0.838670E-16  -0.255993E-09   0.238861E+00   0.234135E-13  -0.642643E-16   0.304014E-09   0.313563E+00   0.234201E-19  -0.642398E-16  -0.304014E-09   0.238861E+00  -0.234132E-13   0.839495E-16   0.255993E-09  -0.653469E-01  -0.138077E-15
   12.273  -0.694954E-01  -0.164952E-17   0.798543E-16  -0.258039E-09   0.236071E+00   0.216594E-13  -0.548166E-16   0.306317E-09   0.314761E+00   0.393569E-19  -0.547788E-16  -0.306317E-09   0.236071E+00  -0.216594E-13   0.799742E-16   0.258039E-09  -0.694954E-01   0.179674E-17
   12.424  -0.738108E-01   0.868643E-16   0.789879E-16  -0.260028E-09   0.233132E+00   0.201851E-13  -0.551419E-16   0.308585E-09   0.315938E+00   0.455961E-19  -0.550925E-16  -0.308585E-09   0.233132E+00  -0.201845E-13   0.791688E-16   0.260028E-09  -0.738108E-01  -0.867229E-16
   12.576  -0.782902E-01  -0.644595E-16   0.743780E-16  -0.261953E-09   0.230041E+00   0.185682E-13  -0.525297E-16   0.310812E-09   0.317084E+00   0.315496E-19  -0.525125E-16  -0.310812E-09   0.230041E+00  -0.185674E-13   0.745070E-16   0.261953E-09  -0.782902E-01   0.651253E-16
   12.727  -0.829282E-01   0.162791E-15   0.688562E-16  -0.263804E-09   0.226798E+00   0.172343E-13  -0.529894E-16   0.312989E-09   0.318192E+00   0.520200E-19  -0.529771E-16  -0.312989E-09   0.226798E+00  -0.172331E-13   0.688912E-16   0.263804E-09  -0.829282E-01  -0.161770E-15
   12.879  -0.877229E-01  -0.561125E-16   0.701786E-16  -0.265571E-09   0.223402E+00   0.158325E-13  -0.435666E-16   0.315114E-09   0.319253E+00   0.562472E-19  -0.435483E-16  -0.315114E-09   0.223402E+00  -0.158319E-13   0.701763E-16   0.265571E-09  -0.877229E-01   0.567369E-16
   13.030  -0.926616E-01   0.205959E-15   0.693237E-16  -0.267245E-09   0.219857E+00   0.143435E-13  -0.353049E-16   0.317175E-09   0.320256E+00   0.632216E-19  -0.353090E-16  -0.317175E-09   0.219857E+00  -0.143428E-13   0.694250E-16   0.267245E-09  -0.926616E-01  -0.205745E-15
   13.182  -0.977383E-01   0.142558E-15   0.635495E-16  -0.268815E-09   0.216166E+00   0.132038E-13  -0.353422E-16   0.319169E-09   0.321193E+00   0.569649E-19  -0.353402E-16  -0.319169E-09   0.216166E+00  -0.132037E-13   0.637564E-16   0.268815E-09  -0.977383E-01  -0.142754E-15
   13.333  -0.102943E+00   0.192181E-15   0.625570E-16  -0.270274E-09   0.212334E+00   0.119043E-13  -0.242443E-16   0.321089E-09   0.322054E+00   0.477214E-19  -0.242429E-16  -0.321089E-09   0.212334E+00  -0.119039E-13   0.626635E-16   0.270274E-09  -0.102943E+00  -0.192058E-15
   13.485  -0.108263E+00   0.148156E-15   0.570669E-16  -0.271609E-09   0.208371E+00   0.105941E-13  -0.296462E-16   0.322931E-09   0.322830E+00   0.373261E-19  -0.296475E-16  -0.322931E-09   0.208371E+00  -0.105944E-13   0.571501E-16   0.271609E-09  -0.108263E+00  -0.148524E-15
   13.636  -0.113688E+00   0.208408E-15   0.520613E-16  -0.272814E-09   0.204283E+00   0.963013E-14  -0.208640E-16   0.324693E-09   0.323512E+00   0.480440E-19  -0.208333E-16  -0.324693E-09   0.204283E+00  -0.963037E-14   0.522250E-16   0.272814E-09  -0.113688E+00  -0.208502E-15
   13.788  -0.119205E+00   0.144949E-15   0.522625E-16  -0.273879E-09   0.200087E+00   0.844366E-14  -0.240180E-16   0.326374E-09   0.324092E+00   0.340024E-19  -0.239899E-16  -0.326374E-09   0.200087E+00  -0.844444E-14   0.523290E-16   0.273879E-09  -0.119205E+00  -0.145840E-15
   13.939  -0.124803E+00   0.278712E-15   0.509758E-16  -0.274796E-09   0.195796E+00   0.707346E-14  -0.185049E-16   0.327979E-09   0.324561E+00   0.241901E-19  -0.184796E-16  -0.327979E-09   0.195796E+00  -0.707391E-14   0.509910E-16   0.274796E-09  -0.124803E+00  -0.279428E-15
   14.091  -0.130468E+00   0.263407E-15   0.498418E-16  -0.275558E-09   0.191430E+00   0.595155E-14  -0.198314E-16   0.329515E-09   0.324914E+00   0.271662E-19  -0.198233E-16  -0.329515E-09   0.191430E+00  -0.595210E-14   0.499326E-16   0.275558E-09  -0.130468E+00  -0.264245E-15
   14.242  -0.136189E+00   0.380724E-15   0.491446E-16  -0.276161E-09   0.187012E+00   0.456969E-14  -0.716869E-17   0.330994E-09   0.325144E+00   0.816105E-20  -0.716407E-17  -0.330994E-09   0.187012E+00  -0.456956E-14   0.492362E-16   0.276161E-09  -0.136189E+00  -0.380789E-15
   14.394  -0.141958E+00   0.326984E-15   0.477678E-16  -0.276600E-09   0.182572E+00   0.368884E-14  -0.593494E-17   0.332440E-09   0.325249E+00   0.205387E-20  -0.592153E-17  -0.332440E-09   0.182572E+00  -0.368887E-14   0.478614E-16   0.276600E-09  -0.141958E+00  -0.327124E-15
   14.545  -0.147768E+00   0.533400E-15   0.471015E-16  -0.276874E-09   0.178147E+00   0.250518E-14  -0.132905E-17   0.333887E-09   0.325230E+00  -0.137381E-20  -0.132982E-17  -0.333887E-09   0.178147E+00  -0.250511E-14   0.471676E-16   0.276874E-09  -0.147768E+00  -0.533357E-15
   14.697  -0.153625E+00   0.673091E-15   0.461682E-16  -0.276986E-09   0.173786E+00   0.132733E-14   0.244279E-17   0.335397E-09   0.325092E+00   0.198074E-20   0.242990E-17  -0.335397E-09   0.173786E+00  -0.132730E-14   0.462294E-16   0.276986E-09  -0.153625E+00  -0.673171E-15
   14.848  -0.159551E+00   0.816716E-15   0.455222E-16  -0.276950E-09   0.169566E+00   0.624190E-16   0.136623E-17   0.337079E-09   0.324856E+00  -0.129965E-19   0.134969E-17  -0.337079E-09   0.169566E+00  -0.624956E-16   0.455856E-16   0.276950E-09  -0.159551E+00  -0.816881E-15
   15.000  -0.165647E+00   0.875666E-15   0.454370E-16  -0.276813E-09   0.165647E+00  -0.967660E-15  -0.145472E-17   0.339226E-09   0.324594E+00  -0.160133E-19  -0.145519E-17  -0.339226E-09   0.165647E+00   0.967650E-15   0.455249E-16   0.276813E-09  -0.165647E+00  -0.875675E-15
