    0.000   0.996640E-20   0.741895E-18  -0.107058E+00  -0.243371E-08   0.395506E-18  -0.101427E-17   0.443246E+00   0.814832E-07   0.885987E-17   0.351712E-17   0.844556E-05   0.142486E-06   0.408677E-18  -0.421250E-18   0.845474E-05  -0.136129E-09   0.372009E-18   0.868797E-18
    0.202   0.482548E-03   0.199821E-10  -0.107152E+00  -0.105956E-08   0.288099E-02   0.345763E-10   0.443186E+00  -0.297450E-08   0.207625E-02   0.668362E-11   0.149287E-03  -0.122231E-08   0.884847E-03   0.312047E-10  -0.314232E-03  -0.232897E-09   0.332493E-03   0.196836E-10
    0.404   0.961455E-03   0.127496E-10  -0.107386E+00  -0.669447E-09   0.582218E-02   0.326453E-10   0.442976E+00   0.133340E-08   0.473445E-02   0.151394E-10   0.345616E-03  -0.102785E-08   0.178616E-02   0.271594E-10  -0.132307E-02  -0.134733E-09   0.818868E-03   0.192538E-10
    0.606   0.167462E-02   0.157328E-10  -0.107753E+00  -0.551283E-09   0.868614E-02   0.379742E-10   0.442650E+00   0.171655E-08   0.731995E-02   0.205603E-10   0.709905E-03   0.198088E-10   0.261908E-02   0.269023E-10  -0.299758E-02  -0.114348E-09   0.139290E-02   0.184135E-10
    0.808   0.250708E-02   0.182011E-10  -0.108268E+00  -0.485396E-09   0.115630E-01   0.441617E-10   0.442184E+00   0.157977E-08   0.999724E-02   0.251754E-10   0.123694E-02   0.184977E-09   0.345323E-02   0.279066E-10  -0.535196E-02  -0.105999E-09   0.204769E-02   0.186567E-10
    1.010   0.342348E-02   0.215149E-10  -0.108937E+00  -0.440844E-09   0.144767E-01   0.510174E-10   0.441562E+00   0.147858E-08   0.128323E-01   0.300487E-10   0.192108E-02   0.228285E-09   0.432468E-02   0.310770E-10  -0.839250E-02  -0.103981E-09   0.276452E-02   0.212136E-10
    1.212   0.440988E-02   0.220290E-10  -0.109769E+00  -0.406123E-09   0.174506E-01   0.547854E-10   0.440760E+00   0.132533E-08   0.158678E-01   0.350512E-10   0.276691E-02   0.175408E-09   0.525707E-02   0.312778E-10  -0.121253E-01  -0.100308E-09   0.353380E-02   0.210696E-10
    1.414   0.545400E-02   0.241276E-10  -0.110773E+00  -0.380886E-09   0.205089E-01   0.599529E-10   0.439752E+00   0.123893E-08   0.191404E-01   0.405282E-10   0.378038E-02   0.160932E-09   0.627041E-02   0.335199E-10  -0.165526E-01  -0.103667E-09   0.434642E-02   0.225012E-10
    1.616   0.654419E-02   0.267126E-10  -0.111959E+00  -0.362151E-09   0.236768E-01   0.655369E-10   0.438502E+00   0.117349E-08   0.226862E-01   0.466151E-10   0.497313E-02   0.157492E-09   0.738341E-02   0.365030E-10  -0.216712E-01  -0.111693E-09   0.519302E-02   0.246237E-10
    1.818   0.766717E-02   0.286805E-10  -0.113340E+00  -0.346582E-09   0.269825E-01   0.706620E-10   0.436970E+00   0.110828E-08   0.265408E-01   0.531145E-10   0.635894E-02   0.146602E-09   0.861461E-02   0.389017E-10  -0.274678E-01  -0.117840E-09   0.606254E-02   0.260737E-10
    2.020   0.880725E-02   0.310162E-10  -0.114928E+00  -0.333586E-09   0.304569E-01   0.762751E-10   0.435108E+00   0.105670E-08   0.307354E-01   0.602294E-10   0.795620E-02   0.142031E-09   0.998358E-02   0.421181E-10  -0.339171E-01  -0.129101E-09   0.694172E-02   0.279089E-10
    2.222   0.994418E-02   0.327083E-10  -0.116736E+00  -0.322721E-09   0.341327E-01   0.815990E-10   0.432864E+00   0.100381E-08   0.352941E-01   0.677030E-10   0.978852E-02   0.134763E-09   0.115114E-01   0.448949E-10  -0.409788E-01  -0.136699E-09   0.781323E-02   0.291440E-10
    2.424   0.110535E-01   0.344985E-10  -0.118774E+00  -0.313472E-09   0.380476E-01   0.873232E-10   0.430180E+00   0.957580E-09   0.402317E-01   0.755562E-10   0.118839E-01   0.131842E-09   0.132227E-01   0.483380E-10  -0.485965E-01  -0.145622E-09   0.865555E-02   0.306057E-10
    2.626   0.121046E-01   0.349827E-10  -0.121048E+00  -0.305047E-09   0.422431E-01   0.923930E-10   0.426994E+00   0.904682E-09   0.455482E-01   0.837726E-10   0.142739E-01   0.120422E-09   0.151463E-01   0.505822E-10  -0.566943E-01  -0.153821E-09   0.944056E-02   0.306122E-10
    2.828   0.130592E-01   0.354773E-10  -0.123558E+00  -0.297723E-09   0.467650E-01   0.979829E-10   0.423243E+00   0.859333E-09   0.512249E-01   0.922456E-10   0.169932E-01   0.114952E-09   0.173182E-01   0.535143E-10  -0.651771E-01  -0.161353E-09   0.101320E-01   0.307241E-10
    3.030   0.138707E-01   0.359145E-10  -0.126292E+00  -0.291663E-09   0.516656E-01   0.104050E-09   0.418864E+00   0.818553E-09   0.572255E-01   0.101045E-09   0.200796E-01   0.112758E-09   0.197837E-01   0.572206E-10  -0.739354E-01  -0.171462E-09   0.106836E-01   0.309288E-10
    3.232   0.144806E-01   0.354977E-10  -0.129230E+00  -0.285798E-09   0.570038E-01   0.110176E-09   0.413789E+00   0.777415E-09   0.635015E-01   0.109834E-09   0.235776E-01   0.108919E-09   0.226010E-01   0.605072E-10  -0.828596E-01  -0.178334E-09   0.110365E-01   0.301742E-10
    3.434   0.148156E-01   0.348154E-10  -0.132340E+00  -0.280689E-09   0.628467E-01   0.116900E-09   0.407938E+00   0.739942E-09   0.699994E-01   0.118634E-09   0.275427E-01   0.107604E-09   0.258448E-01   0.646379E-10  -0.918517E-01  -0.186297E-09   0.111164E-01   0.293115E-10
    3.636   0.147846E-01   0.329792E-10  -0.135582E+00  -0.275490E-09   0.692698E-01   0.123787E-09   0.401222E+00   0.701204E-09   0.766630E-01   0.127228E-09   0.320433E-01   0.104406E-09   0.296107E-01   0.683457E-10  -0.100827E+00  -0.191635E-09   0.108307E-01   0.270824E-10
    3.838   0.142758E-01   0.312102E-10  -0.138903E+00  -0.271148E-09   0.763563E-01   0.131798E-09   0.393539E+00   0.668110E-09   0.834302E-01   0.135658E-09   0.371616E-01   0.107025E-09   0.340210E-01   0.741713E-10  -0.109705E+00  -0.199524E-09   0.100641E-01   0.252313E-10
    4.040   0.131521E-01   0.283080E-10  -0.142240E+00  -0.266808E-09   0.841974E-01   0.140342E-09   0.384763E+00   0.634091E-09   0.902318E-01   0.143716E-09   0.430001E-01   0.109558E-09   0.392308E-01   0.804454E-10  -0.118395E+00  -0.206347E-09   0.867492E-02   0.221394E-10
    4.242   0.112463E-01   0.240570E-10  -0.145520E+00  -0.262502E-09   0.928928E-01   0.149499E-09   0.374738E+00   0.598912E-09   0.969960E-01   0.151326E-09   0.496919E-01   0.111897E-09   0.454350E-01   0.873603E-10  -0.126801E+00  -0.212579E-09   0.649258E-02   0.176024E-10
    4.444   0.836334E-02   0.189008E-10  -0.148667E+00  -0.258159E-09   0.102541E+00   0.159742E-09   0.363267E+00   0.565822E-09   0.103652E+00   0.158364E-09   0.574067E-01   0.117464E-09   0.528665E-01   0.962507E-10  -0.134817E+00  -0.217981E-09   0.332358E-02   0.122580E-10
    4.646   0.430324E-02   0.122958E-10  -0.151600E+00  -0.253686E-09   0.113212E+00   0.170861E-09   0.350142E+00   0.532454E-09   0.110128E+00   0.164813E-09   0.663273E-01   0.124211E-09   0.617745E-01   0.106728E-09  -0.142310E+00  -0.222451E-09  -0.102215E-02   0.540479E-11
    4.848  -0.107532E-02   0.436126E-11  -0.154239E+00  -0.249133E-09   0.124881E+00   0.182893E-09   0.335224E+00   0.499407E-09   0.116339E+00   0.170613E-09   0.765717E-01   0.133118E-09   0.723582E-01   0.119421E-09  -0.149101E+00  -0.226387E-09  -0.666331E-02  -0.269500E-11
    5.051  -0.773319E-02  -0.489868E-11  -0.156510E+00  -0.244406E-09   0.137320E+00   0.195429E-09   0.318607E+00   0.465959E-09   0.122193E+00   0.175661E-09   0.880385E-01   0.143506E-09   0.846310E-01   0.133995E-09  -0.154974E+00  -0.229131E-09  -0.135209E-01  -0.120647E-10
    5.253  -0.153113E-01  -0.149767E-10  -0.158355E+00  -0.239433E-09   0.149996E+00   0.207754E-09   0.300806E+00   0.432522E-09   0.127616E+00   0.179886E-09   0.100224E+00   0.154742E-09   0.982576E-01   0.149910E-09  -0.159722E+00  -0.230417E-09  -0.211839E-01  -0.221237E-10
    5.455  -0.231424E-01  -0.250305E-10  -0.159752E+00  -0.234231E-09   0.162143E+00   0.218886E-09   0.282746E+00   0.399882E-09   0.132578E+00   0.183294E-09   0.112239E+00   0.165565E-09   0.112541E+00   0.166106E-09  -0.163231E+00  -0.230112E-09  -0.289416E-01  -0.319874E-10
    5.657  -0.305130E-01  -0.341414E-10  -0.160711E+00  -0.228840E-09   0.173062E+00   0.228020E-09   0.265415E+00   0.369250E-09   0.137113E+00   0.185957E-09   0.123169E+00   0.174931E-09   0.126680E+00   0.181565E-09  -0.165523E+00  -0.228246E-09  -0.360677E-01  -0.407135E-10
    5.859  -0.369401E-01  -0.417005E-10  -0.161270E+00  -0.223355E-09   0.182383E+00   0.234809E-09   0.249486E+00   0.341512E-09   0.141299E+00   0.188025E-09   0.132444E+00   0.182248E-09   0.140062E+00   0.195645E-09  -0.166744E+00  -0.225245E-09  -0.420992E-01  -0.476976E-10
    6.061  -0.422325E-01  -0.475560E-10  -0.161480E+00  -0.217808E-09   0.190076E+00   0.239322E-09   0.235238E+00   0.316896E-09   0.145221E+00   0.189627E-09   0.139898E+00   0.187261E-09   0.152361E+00   0.207947E-09  -0.167094E+00  -0.221271E-09  -0.468834E-01  -0.528662E-10
    6.263  -0.464018E-01  -0.516874E-10  -0.161395E+00  -0.212284E-09   0.196313E+00   0.241927E-09   0.222678E+00   0.295641E-09   0.148955E+00   0.190897E-09   0.145638E+00   0.190453E-09   0.163467E+00   0.218665E-09  -0.166776E+00  -0.216829E-09  -0.504736E-01  -0.561768E-10
    6.465  -0.495592E-01  -0.545800E-10  -0.161063E+00  -0.206748E-09   0.201338E+00   0.242907E-09   0.211673E+00   0.276620E-09   0.152553E+00   0.191891E-09   0.149887E+00   0.191314E-09   0.173401E+00   0.227301E-09  -0.165964E+00  -0.211776E-09  -0.530185E-01  -0.583070E-10
    6.667  -0.518503E-01  -0.563644E-10  -0.160525E+00  -0.201249E-09   0.205399E+00   0.242691E-09   0.202041E+00   0.259880E-09   0.156049E+00   0.192671E-09   0.152895E+00   0.190609E-09   0.182239E+00   0.234281E-09  -0.164797E+00  -0.206448E-09  -0.546931E-01  -0.593421E-10
    6.869  -0.534214E-01  -0.572469E-10  -0.159816E+00  -0.195810E-09   0.208715E+00   0.241591E-09   0.193597E+00   0.245107E-09   0.159461E+00   0.193275E-09   0.154893E+00   0.188741E-09   0.190086E+00   0.239824E-09  -0.163380E+00  -0.201004E-09  -0.556652E-01  -0.595179E-10
    7.071  -0.544054E-01  -0.574177E-10  -0.158963E+00  -0.190449E-09   0.211465E+00   0.239863E-09   0.186169E+00   0.231974E-09   0.162800E+00   0.193723E-09   0.156084E+00   0.186037E-09   0.197051E+00   0.244108E-09  -0.161790E+00  -0.195532E-09  -0.560822E-01  -0.590374E-10
    7.273  -0.549163E-01  -0.570386E-10  -0.157988E+00  -0.185177E-09   0.213792E+00   0.237693E-09   0.179604E+00   0.220167E-09   0.166069E+00   0.194023E-09   0.156634E+00   0.182773E-09   0.203237E+00   0.247292E-09  -0.160086E+00  -0.190085E-09  -0.560671E-01  -0.580722E-10
    7.475  -0.550499E-01  -0.562400E-10  -0.156911E+00  -0.180005E-09   0.215806E+00   0.235231E-09   0.173774E+00   0.209429E-09   0.169267E+00   0.194184E-09   0.156676E+00   0.179180E-09   0.208740E+00   0.249524E-09  -0.158309E+00  -0.184705E-09  -0.557204E-01  -0.567509E-10
    7.677  -0.548845E-01  -0.551247E-10  -0.155747E+00  -0.174945E-09   0.217592E+00   0.232581E-09   0.168568E+00   0.199588E-09   0.172395E+00   0.194213E-09   0.156319E+00   0.175404E-09   0.213644E+00   0.250948E-09  -0.156488E+00  -0.179432E-09  -0.551222E-01  -0.551751E-10
    7.879  -0.544842E-01  -0.537782E-10  -0.154508E+00  -0.170003E-09   0.219212E+00   0.229812E-09   0.163895E+00   0.190562E-09   0.175449E+00   0.194113E-09   0.155649E+00   0.171483E-09   0.218024E+00   0.251691E-09  -0.154644E+00  -0.174277E-09  -0.543362E-01  -0.534305E-10
    8.081  -0.539006E-01  -0.522688E-10  -0.153207E+00  -0.165185E-09   0.220713E+00   0.226975E-09   0.159677E+00   0.182332E-09   0.178428E+00   0.193891E-09   0.154732E+00   0.167393E-09   0.221946E+00   0.251862E-09  -0.152794E+00  -0.169252E-09  -0.534122E-01  -0.515811E-10
    8.283  -0.531754E-01  -0.506507E-10  -0.151852E+00  -0.160488E-09   0.222129E+00   0.224092E-09   0.155848E+00   0.174871E-09   0.181331E+00   0.193551E-09   0.153624E+00   0.163116E-09   0.225469E+00   0.251561E-09  -0.150947E+00  -0.164360E-09  -0.523893E-01  -0.496805E-10
    8.485  -0.523416E-01  -0.489640E-10  -0.150451E+00  -0.155900E-09   0.223484E+00   0.221183E-09   0.152356E+00   0.168102E-09   0.184155E+00   0.193098E-09   0.152367E+00   0.158693E-09   0.228640E+00   0.250869E-09  -0.149112E+00  -0.159618E-09  -0.512975E-01  -0.477637E-10
    8.687  -0.514263E-01  -0.472384E-10  -0.149013E+00  -0.151409E-09   0.224795E+00   0.218264E-09   0.149152E+00   0.161898E-09   0.186900E+00   0.192538E-09   0.150995E+00   0.154219E-09   0.231503E+00   0.249858E-09  -0.147293E+00  -0.155039E-09  -0.501604E-01  -0.458556E-10
    8.889  -0.504507E-01  -0.454982E-10  -0.147544E+00  -0.147013E-09   0.226074E+00   0.215349E-09   0.146200E+00   0.156119E-09   0.189567E+00   0.191875E-09   0.149536E+00   0.149802E-09   0.234096E+00   0.248575E-09  -0.145495E+00  -0.150623E-09  -0.489960E-01  -0.439738E-10
    9.091  -0.494320E-01  -0.437605E-10  -0.146049E+00  -0.142715E-09   0.227328E+00   0.212454E-09   0.143465E+00   0.150654E-09   0.192155E+00   0.191114E-09   0.148011E+00   0.145520E-09   0.236451E+00   0.247057E-09  -0.143718E+00  -0.146362E-09  -0.478181E-01  -0.421303E-10
    9.293  -0.483838E-01  -0.420393E-10  -0.144534E+00  -0.138526E-09   0.228563E+00   0.209587E-09   0.140919E+00   0.145438E-09   0.194666E+00   0.190260E-09   0.146438E+00   0.141405E-09   0.238596E+00   0.245331E-09  -0.141967E+00  -0.142241E-09  -0.466372E-01  -0.403321E-10
    9.495  -0.473172E-01  -0.403460E-10  -0.143003E+00  -0.134455E-09   0.229781E+00   0.206765E-09   0.138539E+00   0.140457E-09   0.197099E+00   0.189316E-09   0.144831E+00   0.137443E-09   0.240556E+00   0.243417E-09  -0.140240E+00  -0.138243E-09  -0.454616E-01  -0.385828E-10
    9.697  -0.462410E-01  -0.386890E-10  -0.141462E+00  -0.130510E-09   0.230985E+00   0.203993E-09   0.136304E+00   0.135735E-09   0.199456E+00   0.188288E-09   0.143201E+00   0.133588E-09   0.242351E+00   0.241338E-09  -0.138538E+00  -0.134357E-09  -0.442973E-01  -0.368882E-10
    9.899  -0.451621E-01  -0.370788E-10  -0.139912E+00  -0.126692E-09   0.232173E+00   0.201278E-09   0.134196E+00   0.131302E-09   0.201739E+00   0.187182E-09   0.141557E+00   0.129785E-09   0.244001E+00   0.239118E-09  -0.136862E+00  -0.130576E-09  -0.431488E-01  -0.352526E-10
   10.101  -0.440864E-01  -0.355204E-10  -0.138359E+00  -0.122995E-09   0.233346E+00   0.198622E-09   0.132201E+00   0.127163E-09   0.203948E+00   0.186004E-09   0.139908E+00   0.126010E-09   0.245522E+00   0.236780E-09  -0.135212E+00  -0.126900E-09  -0.420197E-01  -0.336816E-10
   10.303  -0.430182E-01  -0.340179E-10  -0.136805E+00  -0.119406E-09   0.234503E+00   0.196019E-09   0.130305E+00   0.123287E-09   0.206087E+00   0.184760E-09   0.138258E+00   0.122274E-09   0.246927E+00   0.234343E-09  -0.133587E+00  -0.123336E-09  -0.409123E-01  -0.321747E-10
   10.505  -0.419612E-01  -0.325689E-10  -0.135253E+00  -0.115908E-09   0.235643E+00   0.193459E-09   0.128497E+00   0.119609E-09   0.208156E+00   0.183452E-09   0.136612E+00   0.118626E-09   0.248229E+00   0.231827E-09  -0.131987E+00  -0.119894E-09  -0.398284E-01  -0.307307E-10
   10.707  -0.409182E-01  -0.311716E-10  -0.133706E+00  -0.112490E-09   0.236766E+00   0.190931E-09   0.126767E+00   0.116068E-09   0.210158E+00   0.182086E-09   0.134975E+00   0.115110E-09   0.249439E+00   0.229250E-09  -0.130413E+00  -0.116578E-09  -0.387693E-01  -0.293459E-10
   10.909  -0.398916E-01  -0.298234E-10  -0.132165E+00  -0.109157E-09   0.237869E+00   0.188424E-09   0.125106E+00   0.112633E-09   0.212095E+00   0.180666E-09   0.133350E+00   0.111743E-09   0.250567E+00   0.226629E-09  -0.128862E+00  -0.113379E-09  -0.377358E-01  -0.280193E-10
   11.111  -0.388829E-01  -0.285248E-10  -0.130633E+00  -0.105921E-09   0.238953E+00   0.185931E-09   0.123508E+00   0.109308E-09   0.213967E+00   0.179198E-09   0.131739E+00   0.108508E-09   0.251620E+00   0.223982E-09  -0.127336E+00  -0.110280E-09  -0.367282E-01  -0.267493E-10
   11.313  -0.378936E-01  -0.272753E-10  -0.129111E+00  -0.102791E-09   0.240015E+00   0.183445E-09   0.121966E+00   0.106108E-09   0.215778E+00   0.177686E-09   0.130144E+00   0.105376E-09   0.252607E+00   0.221325E-09  -0.125833E+00  -0.107266E-09  -0.357469E-01  -0.255362E-10
   11.515  -0.369247E-01  -0.260741E-10  -0.127601E+00  -0.997679E-10   0.241056E+00   0.180966E-09   0.120475E+00   0.103041E-09   0.217530E+00   0.176134E-09   0.128568E+00   0.102329E-09   0.253533E+00   0.218664E-09  -0.124354E+00  -0.104329E-09  -0.347917E-01  -0.243784E-10
   11.717  -0.359770E-01  -0.249210E-10  -0.126105E+00  -0.968448E-10   0.242074E+00   0.178495E-09   0.119029E+00   0.100098E-09   0.219223E+00   0.174543E-09   0.127010E+00   0.993649E-10   0.254405E+00   0.216005E-09  -0.122897E+00  -0.101472E-09  -0.338627E-01  -0.232729E-10
   11.919  -0.350510E-01  -0.238152E-10  -0.124623E+00  -0.940127E-10   0.243069E+00   0.176037E-09   0.117624E+00   0.972660E-10   0.220861E+00   0.172918E-09   0.125472E+00   0.964875E-10   0.255227E+00   0.213346E-09  -0.121463E+00  -0.986966E-10  -0.329595E-01  -0.222183E-10
   12.121  -0.341472E-01  -0.227586E-10  -0.123156E+00  -0.912654E-10   0.244041E+00   0.173599E-09   0.116257E+00   0.945348E-10   0.222445E+00   0.171261E-09   0.123955E+00   0.936975E-10   0.256004E+00   0.210690E-09  -0.120051E+00  -0.960053E-10  -0.320818E-01  -0.212121E-10
   12.323  -0.332657E-01  -0.217491E-10  -0.121706E+00  -0.885980E-10   0.244988E+00   0.171184E-09   0.114925E+00   0.919002E-10   0.223977E+00   0.169576E-09   0.122460E+00   0.909907E-10   0.256741E+00   0.208036E-09  -0.118661E+00  -0.933979E-10  -0.312293E-01  -0.202547E-10
   12.525  -0.324066E-01  -0.207867E-10  -0.120274E+00  -0.860063E-10   0.245912E+00   0.168800E-09   0.113625E+00   0.893622E-10   0.225458E+00   0.167865E-09   0.120986E+00   0.883592E-10   0.257440E+00   0.205377E-09  -0.117292E+00  -0.908727E-10  -0.304016E-01  -0.193407E-10
   12.727  -0.315698E-01  -0.198669E-10  -0.118859E+00  -0.834890E-10   0.246812E+00   0.166440E-09   0.112354E+00   0.869207E-10   0.226891E+00   0.166132E-09   0.119535E+00   0.857955E-10   0.258104E+00   0.202720E-09  -0.115945E+00  -0.884251E-10  -0.295979E-01  -0.184680E-10
   12.929  -0.307552E-01  -0.189864E-10  -0.117462E+00  -0.810483E-10   0.247687E+00   0.164098E-09   0.111110E+00   0.845692E-10   0.228278E+00   0.164377E-09   0.118105E+00   0.832992E-10   0.258737E+00   0.200069E-09  -0.114618E+00  -0.860477E-10  -0.288178E-01  -0.176340E-10
   13.131  -0.299627E-01  -0.181453E-10  -0.116084E+00  -0.786879E-10   0.248539E+00   0.161776E-09   0.109891E+00   0.822908E-10   0.229619E+00   0.162604E-09   0.116698E+00   0.808811E-10   0.259341E+00   0.197426E-09  -0.113312E+00  -0.837332E-10  -0.280608E-01  -0.168359E-10
   13.333  -0.291919E-01  -0.173406E-10  -0.114725E+00  -0.764101E-10   0.249367E+00   0.159462E-09   0.108696E+00   0.800632E-10   0.230917E+00   0.160818E-09   0.115313E+00   0.785578E-10   0.259918E+00   0.194807E-09  -0.112026E+00  -0.814763E-10  -0.273263E-01  -0.160759E-10
   13.535  -0.284425E-01  -0.165712E-10  -0.113385E+00  -0.742128E-10   0.250171E+00   0.157156E-09   0.107524E+00   0.778739E-10   0.232173E+00   0.159021E-09   0.113950E+00   0.763362E-10   0.260471E+00   0.192213E-09  -0.110760E+00  -0.792743E-10  -0.266137E-01  -0.153520E-10
   13.737  -0.277143E-01  -0.158345E-10  -0.112065E+00  -0.720913E-10   0.250953E+00   0.154848E-09   0.106372E+00   0.757305E-10   0.233388E+00   0.157213E-09   0.112609E+00   0.742034E-10   0.261000E+00   0.189656E-09  -0.109513E+00  -0.771270E-10  -0.259226E-01  -0.146628E-10
   13.939  -0.270068E-01  -0.151280E-10  -0.110764E+00  -0.700379E-10   0.251711E+00   0.152540E-09   0.105241E+00   0.736527E-10   0.234565E+00   0.155397E-09   0.111290E+00   0.721348E-10   0.261508E+00   0.187134E-09  -0.108286E+00  -0.750367E-10  -0.252523E-01  -0.140074E-10
   14.141  -0.263198E-01  -0.144514E-10  -0.109482E+00  -0.680432E-10   0.252447E+00   0.150235E-09   0.104128E+00   0.716559E-10   0.235705E+00   0.153573E-09   0.109992E+00   0.701106E-10   0.261997E+00   0.184646E-09  -0.107077E+00  -0.730083E-10  -0.246023E-01  -0.133829E-10
   14.343  -0.256527E-01  -0.138034E-10  -0.108221E+00  -0.660992E-10   0.253161E+00   0.147940E-09   0.103034E+00   0.697375E-10   0.236809E+00   0.151744E-09   0.108716E+00   0.681285E-10   0.262466E+00   0.182186E-09  -0.105888E+00  -0.710460E-10  -0.239720E-01  -0.127889E-10
   14.545  -0.250050E-01  -0.131846E-10  -0.106978E+00  -0.642036E-10   0.253854E+00   0.145667E-09   0.101957E+00   0.678886E-10   0.237877E+00   0.149911E-09   0.107461E+00   0.661934E-10   0.262918E+00   0.179745E-09  -0.104716E+00  -0.691490E-10  -0.233607E-01  -0.122230E-10
   14.747  -0.243763E-01  -0.125951E-10  -0.105755E+00  -0.623603E-10   0.254526E+00   0.143432E-09   0.100896E+00   0.661033E-10   0.238913E+00   0.148075E-09   0.106226E+00   0.643069E-10   0.263354E+00   0.177306E-09  -0.103562E+00  -0.673099E-10  -0.227680E-01  -0.116825E-10
   14.949  -0.237662E-01  -0.120340E-10  -0.104551E+00  -0.605758E-10   0.255178E+00   0.141243E-09   0.998519E-01   0.643831E-10   0.239916E+00   0.146238E-09   0.105012E+00   0.624634E-10   0.263774E+00   0.174861E-09  -0.102427E+00  -0.655186E-10  -0.221934E-01  -0.111645E-10
   15.152  -0.231741E-01  -0.115003E-10  -0.103366E+00  -0.588519E-10   0.255810E+00   0.139109E-09   0.988230E-01   0.627188E-10   0.240889E+00   0.144400E-09   0.103818E+00   0.606686E-10   0.264180E+00   0.172401E-09  -0.101308E+00  -0.637698E-10  -0.216361E-01  -0.106662E-10
   15.354  -0.225996E-01  -0.109933E-10  -0.102201E+00  -0.571833E-10   0.256422E+00   0.137035E-09   0.978093E-01   0.610874E-10   0.241831E+00   0.142562E-09   0.102644E+00   0.589418E-10   0.264572E+00   0.169919E-09  -0.100208E+00  -0.620654E-10  -0.210959E-01  -0.101864E-10
   15.556  -0.220423E-01  -0.105129E-10  -0.101054E+00  -0.555630E-10   0.257016E+00   0.135017E-09   0.968101E-01   0.594648E-10   0.242745E+00   0.140726E-09   0.101489E+00   0.573040E-10   0.264951E+00   0.167422E-09  -0.991237E-01  -0.604100E-10  -0.205721E-01  -0.972486E-11
   15.758  -0.215016E-01  -0.100568E-10  -0.999248E-01  -0.539870E-10   0.257592E+00   0.133046E-09   0.958252E-01   0.578498E-10   0.243631E+00   0.138894E-09   0.100353E+00   0.557532E-10   0.265318E+00   0.164921E-09  -0.980563E-01  -0.588047E-10  -0.200643E-01  -0.928249E-11
   15.960  -0.209771E-01  -0.962293E-11  -0.988141E-01  -0.524563E-10   0.258150E+00   0.131105E-09   0.948542E-01   0.562710E-10   0.244491E+00   0.137067E-09   0.992357E-01   0.542580E-10   0.265673E+00   0.162431E-09  -0.970052E-01  -0.572452E-10  -0.195719E-01  -0.885977E-11
   16.162  -0.204683E-01  -0.920798E-11  -0.977216E-01  -0.509733E-10   0.258691E+00   0.129178E-09   0.938967E-01   0.547692E-10   0.245324E+00   0.135244E-09   0.981368E-01   0.527748E-10   0.266017E+00   0.159967E-09  -0.959703E-01  -0.557249E-10  -0.190944E-01  -0.845574E-11
   16.364  -0.199749E-01  -0.880825E-11  -0.966466E-01  -0.495385E-10   0.259215E+00   0.127246E-09   0.929524E-01   0.533676E-10   0.246134E+00   0.133427E-09   0.970560E-01   0.512782E-10   0.266350E+00   0.157547E-09  -0.949512E-01  -0.542399E-10  -0.186315E-01  -0.807130E-11
   16.566  -0.194963E-01  -0.842288E-11  -0.955889E-01  -0.481481E-10   0.259723E+00   0.125297E-09   0.920211E-01   0.520487E-10   0.246919E+00   0.131615E-09   0.959929E-01   0.497832E-10   0.266674E+00   0.155183E-09  -0.939475E-01  -0.527918E-10  -0.181827E-01  -0.770646E-11
   16.768  -0.190320E-01  -0.805160E-11  -0.945486E-01  -0.467953E-10   0.260216E+00   0.123328E-09   0.911025E-01   0.507620E-10   0.247681E+00   0.129811E-09   0.949471E-01   0.483383E-10   0.266987E+00   0.152882E-09  -0.929593E-01  -0.513859E-10  -0.177474E-01  -0.736222E-11
   16.970  -0.185817E-01  -0.769506E-11  -0.935250E-01  -0.454756E-10   0.260694E+00   0.121342E-09   0.901961E-01   0.494612E-10   0.248421E+00   0.128015E-09   0.939181E-01   0.469873E-10   0.267292E+00   0.150641E-09  -0.919860E-01  -0.500251E-10  -0.173254E-01  -0.703819E-11
   17.172  -0.181450E-01  -0.735285E-11  -0.925179E-01  -0.441921E-10   0.261157E+00   0.119344E-09   0.893019E-01   0.481383E-10   0.249140E+00   0.126227E-09   0.929058E-01   0.457364E-10   0.267587E+00   0.148453E-09  -0.910273E-01  -0.487037E-10  -0.169162E-01  -0.673277E-11
   17.374  -0.177213E-01  -0.702361E-11  -0.915268E-01  -0.429533E-10   0.261606E+00   0.117342E-09   0.884196E-01   0.468292E-10   0.249838E+00   0.124447E-09   0.919098E-01   0.445476E-10   0.267874E+00   0.146309E-09  -0.900829E-01  -0.474104E-10  -0.165192E-01  -0.644370E-11
   17.576  -0.173106E-01  -0.670798E-11  -0.905518E-01  -0.417639E-10   0.262042E+00   0.115352E-09   0.875490E-01   0.455807E-10   0.250516E+00   0.122674E-09   0.909298E-01   0.433727E-10   0.268153E+00   0.144190E-09  -0.891529E-01  -0.461381E-10  -0.161345E-01  -0.616697E-11
   17.778  -0.169122E-01  -0.640556E-11  -0.895926E-01  -0.406177E-10   0.262464E+00   0.113382E-09   0.866898E-01   0.444105E-10   0.251175E+00   0.120909E-09   0.899655E-01   0.421930E-10   0.268424E+00   0.142086E-09  -0.882367E-01  -0.448913E-10  -0.157613E-01  -0.590235E-11
   17.980  -0.165258E-01  -0.611823E-11  -0.886485E-01  -0.395012E-10   0.262874E+00   0.111447E-09   0.858418E-01   0.433004E-10   0.251816E+00   0.119154E-09   0.890164E-01   0.410256E-10   0.268688E+00   0.139984E-09  -0.873340E-01  -0.436823E-10  -0.153995E-01  -0.564868E-11
   18.182  -0.161512E-01  -0.584626E-11  -0.877195E-01  -0.384045E-10   0.263272E+00   0.109559E-09   0.850048E-01   0.422222E-10   0.252439E+00   0.117407E-09   0.880823E-01   0.398983E-10   0.268944E+00   0.137872E-09  -0.864447E-01  -0.425198E-10  -0.150487E-01  -0.540580E-11
   18.384  -0.157879E-01  -0.559070E-11  -0.868054E-01  -0.373282E-10   0.263658E+00   0.107721E-09   0.841784E-01   0.411652E-10   0.253044E+00   0.115670E-09   0.871629E-01   0.388218E-10   0.269193E+00   0.135746E-09  -0.855685E-01  -0.414022E-10  -0.147085E-01  -0.517191E-11
   18.586  -0.154356E-01  -0.534905E-11  -0.859059E-01  -0.362785E-10   0.264032E+00   0.105935E-09   0.833625E-01   0.401381E-10   0.253633E+00   0.113941E-09   0.862579E-01   0.377876E-10   0.269436E+00   0.133601E-09  -0.847051E-01  -0.403227E-10  -0.143787E-01  -0.494805E-11
   18.788  -0.150942E-01  -0.512223E-11  -0.850205E-01  -0.352600E-10   0.264395E+00   0.104201E-09   0.825568E-01   0.391511E-10   0.254205E+00   0.112220E-09   0.853672E-01   0.367870E-10   0.269672E+00   0.131436E-09  -0.838541E-01  -0.392770E-10  -0.140591E-01  -0.473162E-11
   18.990  -0.147634E-01  -0.490821E-11  -0.841488E-01  -0.342754E-10   0.264747E+00   0.102510E-09   0.817609E-01   0.382052E-10   0.254762E+00   0.110505E-09   0.844902E-01   0.358212E-10   0.269902E+00   0.129254E-09  -0.830149E-01  -0.382641E-10  -0.137495E-01  -0.452311E-11
   19.192  -0.144429E-01  -0.470527E-11  -0.832908E-01  -0.333290E-10   0.265089E+00   0.100854E-09   0.809744E-01   0.372962E-10   0.255304E+00   0.108796E-09   0.836267E-01   0.348983E-10   0.270125E+00   0.127061E-09  -0.821875E-01  -0.372832E-10  -0.134495E-01  -0.432344E-11
   19.394  -0.141326E-01  -0.451390E-11  -0.824463E-01  -0.324280E-10   0.265421E+00   0.992229E-10   0.801968E-01   0.364218E-10   0.255831E+00   0.107087E-09   0.827765E-01   0.340273E-10   0.270343E+00   0.124861E-09  -0.813715E-01  -0.363338E-10  -0.131592E-01  -0.413197E-11
   19.596  -0.138322E-01  -0.433285E-11  -0.816148E-01  -0.315794E-10   0.265742E+00   0.975999E-10   0.794274E-01   0.355829E-10   0.256344E+00   0.105375E-09   0.819394E-01   0.332183E-10   0.270555E+00   0.122664E-09  -0.805663E-01  -0.354223E-10  -0.128783E-01  -0.395082E-11
   19.798  -0.135419E-01  -0.416377E-11  -0.807958E-01  -0.307927E-10   0.266054E+00   0.959719E-10   0.786650E-01   0.347910E-10   0.256842E+00   0.103649E-09   0.811153E-01   0.324818E-10   0.270762E+00   0.120468E-09  -0.797708E-01  -0.345678E-10  -0.126069E-01  -0.378139E-11
   20.000  -0.132624E-01  -0.400839E-11  -0.799885E-01  -0.301060E-10   0.266355E+00   0.943010E-10   0.779062E-01   0.340887E-10   0.257327E+00   0.101876E-09   0.803038E-01   0.318376E-10   0.270963E+00   0.118269E-09  -0.789831E-01  -0.338206E-10  -0.123458E-01  -0.363069E-11
