    0.000   0.134161E-14   0.536619E-12   0.704770E-12  -0.629166E-15  -0.976559E-01  -0.202110E-11   0.594230E-12   0.631733E-15   0.139357E-15   0.260536E-11   0.194830E-11  -0.982887E-01   0.298962E+00   0.803653E-11  -0.804935E-11   0.299575E+00   0.681170E-15   0.565712E-14
    0.408   0.147388E-01   0.148800E-11  -0.974494E-12  -0.528011E-02  -0.100288E+00  -0.208576E-11   0.264969E-11   0.600394E-02   0.985912E-02   0.567055E-11   0.197709E-11  -0.955921E-01   0.298338E+00   0.816585E-11  -0.922127E-11   0.297155E+00   0.170217E-01   0.107399E-11
    0.816   0.306396E-01   0.184283E-11  -0.251124E-11  -0.102434E-01  -0.106575E+00  -0.221676E-11   0.449204E-11   0.121114E-01   0.188046E-01   0.844218E-11   0.204737E-11  -0.887876E-01   0.296237E+00   0.839545E-11  -0.117337E-10   0.291101E+00   0.359832E-01   0.226023E-11
    1.224   0.476995E-01   0.192222E-11  -0.374763E-11  -0.148410E-01  -0.114892E+00  -0.229850E-11   0.609973E-11   0.179082E-01   0.282398E-01   0.104391E-10   0.210548E-11  -0.792335E-01   0.293205E+00   0.867140E-11  -0.155674E-10   0.282461E+00   0.573644E-01   0.365612E-11
    1.633   0.658803E-01   0.185742E-11  -0.465667E-11  -0.191197E-01  -0.125869E+00  -0.220409E-11   0.737865E-11   0.232740E-01   0.391374E-01   0.112277E-10   0.211169E-11  -0.660695E-01   0.288542E+00   0.909770E-11  -0.209610E-10   0.270772E+00   0.819847E-01   0.528138E-11
    2.041   0.850344E-01   0.171851E-11  -0.513176E-11  -0.227409E-01  -0.139064E+00  -0.188072E-11   0.820053E-11   0.278541E-01   0.541124E-01   0.104756E-10   0.212735E-11  -0.500072E-01   0.281477E+00   0.949622E-11  -0.278727E-10   0.253379E+00   0.109550E+00   0.706133E-11
    2.449   0.104888E+00   0.160354E-11  -0.556484E-11  -0.248486E-01  -0.151966E+00  -0.145091E-11   0.880531E-11   0.308367E-01   0.774152E-01   0.835188E-11   0.252021E-11  -0.339689E-01   0.271557E+00   0.986076E-11  -0.361231E-10   0.226459E+00   0.137493E+00   0.858473E-11
    2.857   0.124916E+00   0.162803E-11  -0.588779E-11  -0.244184E-01  -0.161749E+00  -0.102624E-11   0.915521E-11   0.310967E-01   0.111361E+00   0.554155E-11   0.393138E-11  -0.206478E-01   0.258763E+00   0.100970E-10  -0.445081E-10   0.188192E+00   0.162935E+00   0.922451E-11
    3.265   0.144336E+00   0.182845E-11  -0.656035E-11  -0.211874E-01  -0.166630E+00  -0.624479E-12   0.967598E-11   0.279339E-01   0.151203E+00   0.293587E-11   0.662830E-11  -0.114368E-01   0.243554E+00   0.101059E-10  -0.520887E-10   0.143386E+00   0.184139E+00   0.869409E-11
    3.673   0.162363E+00   0.213343E-11  -0.753822E-11  -0.161162E-01  -0.166621E+00  -0.249721E-12   0.104570E-10   0.219598E-01   0.187691E+00   0.106496E-11   0.100791E-10  -0.618204E-02   0.226855E+00   0.989991E-11  -0.580900E-10   0.101348E+00   0.200866E+00   0.742013E-11
    4.082   0.178472E+00   0.241644E-11  -0.829350E-11  -0.105511E-01  -0.163026E+00   0.781256E-13   0.111575E-10   0.147830E-01   0.215402E+00  -0.102920E-12   0.135481E-10  -0.371188E-02   0.209800E+00   0.955560E-11  -0.626779E-10   0.680047E-01   0.213870E+00   0.600405E-11
    4.490   0.192460E+00   0.260153E-11  -0.910673E-11  -0.545468E-02  -0.157326E+00   0.342886E-12   0.119247E-10   0.787130E-02   0.234396E+00  -0.773976E-12   0.166258E-10  -0.280220E-02   0.193358E+00   0.909497E-11  -0.662059E-10   0.439512E-01   0.224078E+00   0.475965E-11
    4.898   0.204373E+00   0.266300E-11  -0.962204E-11  -0.127105E-02  -0.150607E+00   0.544376E-12   0.124595E-10   0.202123E-02   0.246930E+00  -0.117711E-11   0.192363E-10  -0.262724E-02   0.178122E+00   0.856158E-11  -0.690966E-10   0.273617E-01   0.232219E+00   0.375432E-11
    5.306   0.214406E+00   0.261029E-11  -0.998802E-11   0.191751E-02  -0.143545E+00   0.689823E-12   0.128459E-10  -0.253084E-02   0.255213E+00  -0.139855E-11   0.214337E-10  -0.273336E-02   0.164352E+00   0.798886E-11  -0.713718E-10   0.161612E-01   0.238801E+00   0.296143E-11
    5.714   0.222816E+00   0.247243E-11  -0.103972E-10   0.420762E-02  -0.136527E+00   0.785440E-12   0.132203E-10  -0.585416E-02   0.260811E+00  -0.151367E-11   0.232740E-10  -0.289842E-02   0.152092E+00   0.740723E-11  -0.733659E-10   0.869968E-02   0.244181E+00   0.233404E-11
    6.122   0.229861E+00   0.227795E-11  -0.107791E-10   0.575914E-02  -0.129766E+00   0.839614E-12   0.135269E-10  -0.814221E-02   0.264722E+00  -0.156550E-11   0.248487E-10  -0.302607E-02   0.141263E+00   0.683587E-11  -0.749919E-10   0.379285E-02   0.248620E+00   0.183628E-11
    6.531   0.235775E+00   0.205243E-11  -0.106597E-10   0.673684E-02  -0.123371E+00   0.861427E-12   0.134377E-10  -0.961288E-02   0.267551E+00  -0.156943E-11   0.261901E-10  -0.308423E-02   0.131733E+00   0.629025E-11  -0.764336E-10   0.619539E-03   0.252316E+00   0.143920E-11
    6.939   0.240754E+00   0.181476E-11  -0.108264E-10   0.728648E-02  -0.117389E+00   0.858117E-12   0.135254E-10  -0.104670E-01   0.269668E+00  -0.154470E-11   0.273547E-10  -0.307137E-02   0.123348E+00   0.577885E-11  -0.775985E-10  -0.138414E-02   0.255419E+00   0.111877E-11
    7.347   0.244957E+00   0.158091E-11  -0.110630E-10   0.752702E-02  -0.111835E+00   0.836794E-12   0.136427E-10  -0.108705E-01   0.271297E+00  -0.149997E-11   0.283705E-10  -0.299889E-02   0.115956E+00   0.530394E-11  -0.786431E-10  -0.260234E-02   0.258049E+00   0.862675E-12
    7.755   0.248510E+00   0.135813E-11  -0.108092E-10   0.755143E-02  -0.106698E+00   0.802876E-12   0.133975E-10  -0.109554E-01   0.272581E+00  -0.144506E-11   0.292581E-10  -0.288205E-02   0.109418E+00   0.487402E-11  -0.795304E-10  -0.329723E-02   0.260300E+00   0.655574E-12
    8.163   0.251511E+00   0.115249E-11  -0.109756E-10   0.743018E-02  -0.101960E+00   0.761736E-12   0.134309E-10  -0.108223E-01   0.273615E+00  -0.138082E-11   0.300410E-10  -0.273575E-02   0.103606E+00   0.448236E-11  -0.803184E-10  -0.364714E-02   0.262248E+00   0.488938E-12
    8.571   0.254035E+00   0.968069E-12  -0.107629E-10   0.721555E-02  -0.975949E-01   0.716392E-12   0.131890E-10  -0.105466E-01   0.274462E+00  -0.131597E-11   0.307364E-10  -0.257262E-02   0.984128E-01   0.412999E-11  -0.809782E-10  -0.377314E-02   0.263956E+00   0.356077E-12
    8.980   0.256137E+00   0.804058E-12  -0.106688E-10   0.694574E-02  -0.935750E-01   0.669896E-12   0.130260E-10  -0.101836E-01   0.275172E+00  -0.124929E-11   0.313598E-10  -0.240263E-02   0.937422E-01   0.381243E-11  -0.815914E-10  -0.375722E-02   0.265475E+00   0.249498E-12
    9.388   0.257856E+00   0.661379E-12  -0.106793E-10   0.664813E-02  -0.898727E-01   0.623709E-12   0.129317E-10  -0.977341E-02   0.275779E+00  -0.118156E-11   0.319225E-10  -0.223314E-02   0.895138E-01   0.353091E-11  -0.821293E-10  -0.365476E-02   0.266850E+00   0.164447E-12
    9.796   0.259218E+00   0.537561E-12  -0.104012E-10   0.634207E-02  -0.864620E-01   0.579800E-12   0.126268E-10  -0.934477E-02   0.276315E+00  -0.111854E-11   0.324396E-10  -0.206930E-02   0.856583E-01   0.327980E-11  -0.826303E-10  -0.350285E-02   0.268117E+00   0.972691E-13
   10.204   0.260233E+00   0.431240E-12  -0.102162E-10   0.604110E-02  -0.833187E-01   0.537930E-12   0.123887E-10  -0.891780E-02   0.276804E+00  -0.105475E-11   0.329136E-10  -0.191454E-02   0.821160E-01   0.305675E-11  -0.830880E-10  -0.332617E-02   0.269311E+00   0.442806E-13
   10.612   0.260903E+00   0.340556E-12  -0.102000E-10   0.575447E-02  -0.804214E-01   0.499014E-12   0.122742E-10  -0.850652E-02   0.277271E+00  -0.996495E-12   0.333655E-10  -0.177093E-02   0.788355E-01   0.286107E-11  -0.835334E-10  -0.314093E-02   0.270464E+00   0.248285E-14
   11.020   0.261214E+00   0.263352E-12  -0.100643E-10   0.548829E-02  -0.777513E-01   0.463179E-12   0.120766E-10  -0.812047E-02   0.277736E+00  -0.939529E-12   0.338002E-10  -0.163958E-02   0.757715E-01   0.268899E-11  -0.839797E-10  -0.295765E-02   0.271605E+00  -0.306004E-13
   11.429   0.261139E+00   0.197463E-12  -0.991671E-11   0.524654E-02  -0.752925E-01   0.430609E-12   0.118599E-10  -0.776586E-02   0.278223E+00  -0.886515E-12   0.342263E-10  -0.152091E-02   0.728837E-01   0.253983E-11  -0.843853E-10  -0.278286E-02   0.272766E+00  -0.557912E-13
   11.837   0.260639E+00   0.143011E-12  -0.956504E-11   0.503157E-02  -0.730315E-01   0.400705E-12   0.114965E-10  -0.744658E-02   0.278754E+00  -0.836319E-12   0.346446E-10  -0.141488E-02   0.701353E-01   0.241044E-11  -0.848737E-10  -0.262052E-02   0.273976E+00  -0.761528E-13
   12.245   0.259658E+00   0.969660E-13  -0.943313E-11   0.484458E-02  -0.709579E-01   0.373059E-12   0.112938E-10  -0.716486E-02   0.279356E+00  -0.792622E-12   0.350849E-10  -0.132115E-02   0.674919E-01   0.229994E-11  -0.853320E-10  -0.247279E-02   0.275268E+00  -0.911008E-13
   12.653   0.258121E+00   0.589541E-13  -0.939943E-11   0.468583E-02  -0.690633E-01   0.347519E-12   0.111615E-10  -0.692167E-02   0.280057E+00  -0.746821E-12   0.355472E-10  -0.123914E-02   0.649205E-01   0.220701E-11  -0.858451E-10  -0.234068E-02   0.276675E+00  -0.102980E-12
   13.061   0.255936E+00   0.261500E-13  -0.911147E-11   0.455488E-02  -0.673417E-01   0.323231E-12   0.108452E-10  -0.671659E-02   0.280889E+00  -0.705707E-12   0.360422E-10  -0.116818E-02   0.623888E-01   0.212997E-11  -0.864356E-10  -0.222423E-02   0.278234E+00  -0.111751E-12
   13.469   0.252991E+00   0.162841E-15  -0.896171E-11   0.445048E-02  -0.657887E-01   0.300139E-12   0.106183E-10  -0.654827E-02   0.281886E+00  -0.666739E-12   0.365838E-10  -0.110746E-02   0.598642E-01   0.206759E-11  -0.870310E-10  -0.212292E-02   0.279980E+00  -0.117959E-12
   13.878   0.249149E+00  -0.209686E-13  -0.867417E-11   0.437042E-02  -0.644013E-01   0.277256E-12   0.102903E-10  -0.641396E-02   0.283087E+00  -0.625142E-12   0.371926E-10  -0.105609E-02   0.573137E-01   0.201861E-11  -0.877768E-10  -0.203566E-02   0.281948E+00  -0.122523E-12
   14.286   0.244255E+00  -0.377473E-13  -0.850178E-11   0.431135E-02  -0.631777E-01   0.254001E-12   0.100410E-10  -0.630957E-02   0.284530E+00  -0.588942E-12   0.378700E-10  -0.101304E-02   0.547031E-01   0.198074E-11  -0.885516E-10  -0.196096E-02   0.284169E+00  -0.124526E-12
   14.694   0.238134E+00  -0.500560E-13  -0.838809E-11   0.426856E-02  -0.621153E-01   0.229166E-12   0.981699E-11  -0.622870E-02   0.286253E+00  -0.547744E-12   0.386278E-10  -0.977168E-03   0.519978E-01   0.195225E-11  -0.894830E-10  -0.189668E-02   0.286667E+00  -0.125095E-12
   15.102   0.230589E+00  -0.584935E-13  -0.791869E-11   0.423554E-02  -0.612114E-01   0.202535E-12   0.932096E-11  -0.616331E-02   0.288291E+00  -0.506664E-12   0.394887E-10  -0.947096E-03   0.491632E-01   0.192941E-11  -0.904740E-10  -0.184046E-02   0.289453E+00  -0.123979E-12
   15.510   0.221430E+00  -0.623089E-13  -0.752801E-11   0.420362E-02  -0.604607E-01   0.172986E-12   0.886446E-11  -0.610114E-02   0.290659E+00  -0.463209E-12   0.404455E-10  -0.921225E-03   0.461655E-01   0.190991E-11  -0.916188E-10  -0.178899E-02   0.292516E+00  -0.120637E-12
   15.918   0.210474E+00  -0.626906E-13  -0.725603E-11   0.416172E-02  -0.598544E-01   0.140169E-12   0.847494E-11  -0.602709E-02   0.293357E+00  -0.416059E-12   0.415069E-10  -0.897694E-03   0.429748E-01   0.188723E-11  -0.928423E-10  -0.173863E-02   0.295818E+00  -0.115527E-12
   16.327   0.197559E+00  -0.609089E-13  -0.678374E-11   0.409591E-02  -0.593791E-01   0.102839E-12   0.791678E-11  -0.592305E-02   0.296361E+00  -0.365262E-12   0.426560E-10  -0.874422E-03   0.395674E-01   0.185692E-11  -0.941631E-10  -0.168564E-02   0.299282E+00  -0.108015E-12
   16.735   0.182600E+00  -0.553590E-13  -0.610899E-11   0.399007E-02  -0.590162E-01   0.616335E-13   0.719031E-11  -0.576628E-02   0.299602E+00  -0.311399E-12   0.438816E-10  -0.849190E-03   0.359289E-01   0.181029E-11  -0.955455E-10  -0.162581E-02   0.302793E+00  -0.986619E-13
   17.143   0.165572E+00  -0.495849E-13  -0.562575E-11   0.382598E-02  -0.587432E-01   0.162673E-13   0.657471E-11  -0.553274E-02   0.302988E+00  -0.252170E-12   0.451435E-10  -0.819835E-03   0.320572E-01   0.174013E-11  -0.969433E-10  -0.155584E-02   0.306202E+00  -0.876529E-13
   17.551   0.146555E+00  -0.413543E-13  -0.495336E-11   0.358500E-02  -0.585348E-01  -0.319775E-13   0.579361E-11  -0.519686E-02   0.306398E+00  -0.193086E-12   0.464000E-10  -0.784615E-03   0.279649E-01   0.163763E-11  -0.983014E-10  -0.147349E-02   0.309336E+00  -0.751746E-13
   17.959   0.125728E+00  -0.335021E-13  -0.395526E-11   0.324917E-02  -0.583670E-01  -0.816122E-13   0.476575E-11  -0.473437E-02   0.309711E+00  -0.133167E-12   0.476034E-10  -0.742611E-03   0.236776E-01   0.149468E-11  -0.995977E-10  -0.137850E-02   0.312031E+00  -0.625615E-13
   18.367   0.103326E+00  -0.268142E-13  -0.346784E-11   0.280321E-02  -0.582199E-01  -0.130704E-12   0.407179E-11  -0.412452E-02   0.312843E+00  -0.769471E-13   0.486850E-10  -0.694280E-03   0.192273E-01   0.130361E-11  -0.100750E-09  -0.127342E-02   0.314155E+00  -0.502578E-13
   18.776   0.795278E-01  -0.188217E-13  -0.233500E-11   0.223641E-02  -0.580835E-01  -0.177020E-12   0.290449E-11  -0.335193E-02   0.315801E+00  -0.259131E-13   0.496058E-10  -0.641979E-03   0.146359E-01   0.106021E-11  -0.101771E-09  -0.116433E-02   0.315658E+00  -0.395511E-13
   19.184   0.543054E-01  -0.123040E-13  -0.143044E-11   0.154466E-02  -0.579580E-01  -0.216932E-12   0.188434E-11  -0.240723E-02   0.318715E+00   0.158084E-13   0.503130E-10  -0.590456E-03   0.989191E-02   0.760652E-12  -0.102671E-09  -0.106096E-02   0.316579E+00  -0.317154E-13
   19.592   0.274231E-01  -0.574189E-14  -0.688217E-12   0.739755E-03  -0.578435E-01  -0.246626E-12   0.962529E-12  -0.128757E-02   0.321853E+00   0.463160E-13   0.507748E-10  -0.547672E-03   0.495386E-02   0.406354E-12  -0.103528E-09  -0.977837E-03   0.316976E+00  -0.265759E-13
   20.000  -0.568157E-03  -0.122850E-14  -0.635234E-13  -0.435090E-04  -0.577300E-01  -0.258382E-12   0.277695E-13   0.675480E-07   0.325825E+00   0.622906E-13   0.509567E-10  -0.526938E-03  -0.897272E-04   0.908812E-16  -0.104613E-09  -0.938476E-03   0.316770E+00  -0.243922E-13
