    0.000   0.240629E-18  -0.127560E-17   0.158594E-17  -0.112505E-16   0.322314E-09   0.790940E-06  -0.125546E-17  -0.177909E-17   0.171582E-16  -0.551752E-18  -0.792634E-06   0.326233E-09  -0.700518E-09   0.353224E-06  -0.349812E-06  -0.714893E-09  -0.763472E-18  -0.346904E-19
    0.202   0.229811E-01  -0.138375E-14   0.142994E-13   0.977328E-02   0.312055E-09   0.730069E-06  -0.145114E-13  -0.868488E-02   0.202570E-01  -0.388207E-14  -0.764807E-06   0.296261E-09  -0.703463E-09   0.347805E-06  -0.336324E-06  -0.692315E-09   0.548063E-01  -0.744240E-14
    0.404   0.481077E-01  -0.389286E-14   0.290814E-13   0.188898E-01   0.280480E-09   0.598731E-06  -0.296375E-13  -0.190554E-01   0.388569E-01  -0.749015E-14  -0.685856E-06   0.227222E-09  -0.678392E-09   0.332451E-06  -0.300115E-06  -0.639976E-09   0.115480E+00  -0.150507E-13
    0.606   0.714726E-01  -0.538100E-14   0.432896E-13   0.262128E-01   0.244779E-09   0.484609E-06  -0.444392E-13  -0.267513E-01   0.551103E-01  -0.125188E-13  -0.597469E-06   0.165310E-09  -0.642342E-09   0.309452E-06  -0.255538E-06  -0.572785E-09   0.159190E+00  -0.190772E-13
    0.808   0.930273E-01  -0.595126E-14   0.566260E-13   0.317092E-01   0.211387E-09   0.395321E-06  -0.582614E-13  -0.324960E-01   0.703739E-01  -0.167084E-13  -0.514620E-06   0.117618E-09  -0.599541E-09   0.282616E-06  -0.211120E-06  -0.500034E-09   0.191619E+00  -0.222919E-13
    1.010   0.112758E+00  -0.619153E-14   0.696782E-13   0.356043E-01   0.181850E-09   0.325158E-06  -0.718805E-13  -0.366902E-01   0.850660E-01  -0.202219E-13  -0.440817E-06   0.822397E-10  -0.553037E-09   0.254645E-06  -0.170891E-06  -0.427444E-09   0.216129E+00  -0.242416E-13
    1.212   0.130669E+00  -0.629112E-14   0.815694E-13   0.381370E-01   0.156364E-09   0.269079E-06  -0.842517E-13  -0.395950E-01   0.993856E-01  -0.227760E-13  -0.376513E-06   0.563877E-10  -0.505211E-09   0.227179E-06  -0.136195E-06  -0.358652E-09   0.234833E+00  -0.237842E-13
    1.414   0.146825E+00  -0.599776E-14   0.929306E-13   0.395423E-01   0.134660E-09   0.223646E-06  -0.960210E-13  -0.414582E-01   0.113398E+00  -0.250431E-13  -0.321104E-06   0.377233E-10  -0.457721E-09   0.201152E-06  -0.107090E-06  -0.295856E-09   0.249138E+00  -0.222445E-13
    1.616   0.161302E+00  -0.543288E-14   0.103565E-12   0.400391E-01   0.116286E-09   0.186495E-06  -0.106957E-12  -0.424842E-01   0.127110E+00  -0.258303E-13  -0.273624E-06   0.244296E-10  -0.411911E-09   0.177114E-06  -0.831293E-07  -0.240291E-09   0.260069E+00  -0.201394E-13
    1.818   0.174211E+00  -0.456001E-14   0.113945E-12   0.398286E-01   0.100667E-09   0.155840E-06  -0.117401E-12  -0.428637E-01   0.140467E+00  -0.229885E-13  -0.232902E-06   0.150952E-10  -0.368583E-09   0.155231E-06  -0.636716E-07  -0.192403E-09   0.268406E+00  -0.170972E-13
    2.020   0.185675E+00  -0.383850E-14   0.125190E-12   0.390882E-01   0.873072E-10   0.130385E-06  -0.128446E-12  -0.427558E-01   0.153381E+00  -0.183236E-13  -0.197984E-06   0.865779E-11  -0.328214E-09   0.135499E-06  -0.480585E-07  -0.152082E-09   0.274743E+00  -0.137084E-13
    2.222   0.195809E+00  -0.347738E-14   0.137577E-12   0.379663E-01   0.759697E-10   0.109248E-06  -0.139862E-12  -0.422801E-01   0.165762E+00  -0.139658E-13  -0.168273E-06   0.433151E-11  -0.291223E-09   0.117946E-06  -0.356734E-07  -0.118830E-09   0.279487E+00  -0.102973E-13
    2.424   0.204744E+00  -0.279043E-14   0.149835E-12   0.365898E-01   0.662364E-10   0.916264E-07  -0.151501E-12  -0.415436E-01   0.177512E+00  -0.935274E-14  -0.142941E-06   0.150421E-11  -0.257638E-09   0.102401E-06  -0.259615E-07  -0.919105E-10   0.282999E+00  -0.723427E-14
    2.626   0.212607E+00  -0.272147E-14   0.162898E-12   0.350605E-01   0.578613E-10   0.769181E-07  -0.162742E-12  -0.406264E-01   0.188544E+00  -0.260536E-14  -0.121379E-06  -0.271267E-12  -0.227418E-09   0.887198E-07  -0.184374E-07  -0.704650E-10   0.285538E+00  -0.413117E-14
    2.828   0.219517E+00  -0.289068E-14   0.172432E-12   0.334573E-01   0.506422E-10   0.646465E-07  -0.171900E-12  -0.395887E-01   0.198793E+00   0.327288E-14  -0.103070E-06  -0.132153E-11  -0.200426E-09   0.767517E-07  -0.126832E-07  -0.536170E-10   0.287309E+00  -0.891066E-15
    3.030   0.225588E+00  -0.284229E-14   0.179754E-12   0.318391E-01   0.443957E-10   0.544060E-07  -0.178814E-12  -0.384752E-01   0.208218E+00   0.947528E-14  -0.875457E-07  -0.188397E-11  -0.176441E-09   0.663200E-07  -0.834302E-08  -0.405362E-10   0.288488E+00   0.205310E-14
    3.232   0.230927E+00  -0.290885E-14   0.186964E-12   0.302472E-01   0.389672E-10   0.458456E-07  -0.185540E-12  -0.373182E-01   0.216805E+00   0.169850E-13  -0.743798E-07  -0.212983E-11  -0.155208E-09   0.572501E-07  -0.511968E-08  -0.304798E-10   0.289211E+00   0.478315E-14
    3.434   0.235627E+00  -0.306208E-14   0.192969E-12   0.287088E-01   0.342411E-10   0.386905E-07  -0.190916E-12  -0.361397E-01   0.224561E+00   0.226316E-13  -0.632278E-07  -0.217474E-11  -0.136471E-09   0.493880E-07  -0.276768E-08  -0.228098E-10   0.289588E+00   0.748000E-14
    3.636   0.239775E+00  -0.309396E-14   0.197147E-12   0.272401E-01   0.301108E-10   0.326944E-07  -0.195257E-12  -0.349551E-01   0.231515E+00   0.282353E-13  -0.537746E-07  -0.210100E-11  -0.119964E-09   0.425790E-07  -0.108704E-08  -0.169977E-10   0.289708E+00   0.970251E-14
    3.838   0.243442E+00  -0.284374E-14   0.202799E-12   0.258490E-01   0.265075E-10   0.276780E-07  -0.200025E-12  -0.337742E-01   0.237709E+00   0.334129E-13  -0.457779E-07  -0.195863E-11  -0.105458E-09   0.367047E-07   0.824398E-10  -0.126158E-10   0.289636E+00   0.112312E-13
    4.040   0.246696E+00  -0.278301E-14   0.204710E-12   0.245378E-01   0.233538E-10   0.234663E-07  -0.202238E-12  -0.326041E-01   0.243197E+00   0.367125E-13  -0.389989E-07  -0.178387E-11  -0.927184E-10   0.316366E-07   0.867923E-09  -0.932556E-11   0.289426E+00   0.124427E-13
    4.242   0.249591E+00  -0.264027E-14   0.206403E-12   0.233055E-01   0.205918E-10   0.199272E-07  -0.203735E-12  -0.314499E-01   0.248036E+00   0.386915E-13  -0.332541E-07  -0.159849E-11  -0.815310E-10   0.272689E-07   0.136853E-08  -0.686314E-11   0.289122E+00   0.137616E-13
    4.444   0.252175E+00  -0.236370E-14   0.209302E-12   0.221484E-01   0.181669E-10   0.169467E-07  -0.206195E-12  -0.303145E-01   0.252288E+00   0.406927E-13  -0.283758E-07  -0.141591E-11  -0.717194E-10   0.235074E-07   0.166075E-08  -0.502562E-11   0.288756E+00   0.150488E-13
    4.646   0.254489E+00  -0.206125E-14   0.209742E-12   0.210620E-01   0.160367E-10   0.144319E-07  -0.207316E-12  -0.292008E-01   0.256012E+00   0.421552E-13  -0.242321E-07  -0.124384E-11  -0.631080E-10   0.202680E-07   0.180325E-08  -0.365762E-11   0.288354E+00   0.159393E-13
    4.848   0.256567E+00  -0.181413E-14   0.211376E-12   0.200412E-01   0.141647E-10   0.123080E-07  -0.208373E-12  -0.281108E-01   0.259266E+00   0.429982E-13  -0.207089E-07  -0.108565E-11  -0.555536E-10   0.174808E-07   0.184025E-08  -0.264179E-11   0.287933E+00   0.164841E-13
    5.051   0.258440E+00  -0.158622E-14   0.213969E-12   0.190812E-01   0.125194E-10   0.105114E-07  -0.210753E-12  -0.270464E-01   0.262103E+00   0.443513E-13  -0.177114E-07  -0.942969E-12  -0.489240E-10   0.150833E-07   0.180484E-08  -0.188946E-11   0.287507E+00   0.171741E-13
    5.253   0.260131E+00  -0.130270E-14   0.215098E-12   0.181773E-01   0.110692E-10   0.898756E-08  -0.211984E-12  -0.260090E-01   0.264573E+00   0.451293E-13  -0.151550E-07  -0.816260E-12  -0.431023E-10   0.130189E-07   0.172149E-08  -0.133399E-11   0.287088E+00   0.178858E-13
    5.455   0.261662E+00  -0.969535E-15   0.215734E-12   0.173251E-01   0.979194E-11   0.769270E-08  -0.212084E-12  -0.250002E-01   0.266721E+00   0.455385E-13  -0.129737E-07  -0.704715E-12  -0.379877E-10   0.112412E-07   0.160812E-08  -0.925370E-12   0.286682E+00   0.181814E-13
    5.657   0.263050E+00  -0.637536E-15   0.217005E-12   0.165208E-01   0.866586E-11   0.659128E-08  -0.213386E-12  -0.240210E-01   0.268586E+00   0.463467E-13  -0.111098E-07  -0.607179E-12  -0.334943E-10   0.971089E-08   0.147766E-08  -0.626208E-12   0.286294E+00   0.185497E-13
    5.859   0.264312E+00  -0.326789E-15   0.216360E-12   0.157611E-01   0.767307E-11   0.565355E-08  -0.213039E-12  -0.230725E-01   0.270206E+00   0.469768E-13  -0.951671E-08  -0.522266E-12  -0.295444E-10   0.839323E-08   0.133934E-08  -0.408482E-12   0.285927E+00   0.191232E-13
    6.061   0.265458E+00  -0.348455E-16   0.218002E-12   0.150429E-01   0.679668E-11   0.485345E-08  -0.214376E-12  -0.221555E-01   0.271610E+00   0.471768E-13  -0.815259E-08  -0.448760E-12  -0.260698E-10   0.725761E-08   0.119959E-08  -0.251239E-12   0.285585E+00   0.193404E-13
    6.263   0.266502E+00   0.229631E-15   0.220373E-12   0.143636E-01   0.602158E-11   0.416894E-08  -0.215554E-12  -0.212705E-01   0.272828E+00   0.467816E-13  -0.698178E-08  -0.385365E-12  -0.230091E-10   0.627749E-08   0.106276E-08  -0.138748E-12   0.285267E+00   0.193621E-13
    6.465   0.267450E+00   0.517812E-15   0.221192E-12   0.137207E-01   0.533761E-11   0.358471E-08  -0.215533E-12  -0.204181E-01   0.273884E+00   0.453596E-13  -0.597940E-08  -0.330623E-12  -0.203178E-10   0.543356E-08   0.931709E-09  -0.594361E-13   0.284975E+00   0.191713E-13
    6.667   0.268312E+00   0.598340E-15   0.216325E-12   0.131123E-01   0.473319E-11   0.308477E-08  -0.211988E-12  -0.195983E-01   0.274800E+00   0.437347E-13  -0.511924E-08  -0.283542E-12  -0.179480E-10   0.470570E-08   0.808209E-09  -0.453862E-14   0.284708E+00   0.187831E-13
    6.869   0.269095E+00   0.561691E-15   0.213296E-12   0.125364E-01   0.419868E-11   0.265641E-08  -0.208232E-12  -0.188113E-01   0.275594E+00   0.416914E-13  -0.438028E-08  -0.243111E-12  -0.158601E-10   0.407762E-08   0.693216E-09   0.324724E-13   0.284467E+00   0.181010E-13
    7.071   0.269804E+00   0.526485E-15   0.207755E-12   0.119913E-01   0.372586E-11   0.228902E-08  -0.202725E-12  -0.180569E-01   0.276282E+00   0.388273E-13  -0.374489E-08  -0.208413E-12  -0.140198E-10   0.353535E-08   0.587138E-09   0.564781E-13   0.284250E+00   0.170214E-13
    7.273   0.270443E+00   0.487843E-15   0.197088E-12   0.114754E-01   0.330749E-11   0.197367E-08  -0.193736E-12  -0.173348E-01   0.276880E+00   0.359037E-13  -0.319814E-08  -0.178638E-12  -0.123970E-10   0.306700E-08   0.489995E-09   0.710634E-13   0.284057E+00   0.156137E-13
    7.475   0.271019E+00   0.330362E-15   0.187106E-12   0.109872E-01   0.293671E-11   0.170277E-08  -0.184182E-12  -0.166445E-01   0.277400E+00   0.332990E-13  -0.272732E-08  -0.153113E-12  -0.109656E-10   0.266228E-08   0.401555E-09   0.789255E-13   0.283888E+00   0.141373E-13
    7.677   0.271533E+00   0.172014E-15   0.174368E-12   0.105255E-01   0.260806E-11   0.146985E-08  -0.172728E-12  -0.159854E-01   0.277852E+00   0.296854E-13  -0.232156E-08  -0.131269E-12  -0.970247E-11   0.231239E-08   0.321414E-09   0.820475E-13   0.283741E+00   0.124895E-13
    7.879   0.271989E+00  -0.302236E-16   0.162017E-12   0.100888E-01   0.231693E-11   0.126945E-08  -0.161513E-12  -0.153570E-01   0.278247E+00   0.257768E-13  -0.197164E-08  -0.112592E-12  -0.858726E-11   0.200976E-08   0.249068E-09   0.819019E-13   0.283617E+00   0.106599E-13
    8.081   0.272389E+00  -0.294704E-15   0.148657E-12   0.967608E-02   0.205897E-11   0.109690E-08  -0.148931E-12  -0.147584E-01   0.278593E+00   0.222592E-13  -0.166966E-08  -0.965934E-13  -0.760241E-11   0.174788E-08   0.183961E-09   0.795568E-13   0.283513E+00   0.888204E-14
    8.283   0.272736E+00  -0.550040E-15   0.137219E-12   0.928609E-02   0.183025E-11   0.948270E-09  -0.137498E-12  -0.141889E-01   0.278896E+00   0.187378E-13  -0.140892E-08  -0.828698E-13  -0.673236E-11   0.152119E-08   0.125516E-09   0.757948E-13   0.283431E+00   0.722388E-14
    8.485   0.273031E+00  -0.830491E-15   0.125321E-12   0.891781E-02   0.162717E-11   0.820157E-09  -0.126862E-12  -0.136475E-01   0.279165E+00   0.153492E-13  -0.118362E-08  -0.711061E-13  -0.596348E-11   0.132487E-08   0.731565E-10   0.711867E-13   0.283369E+00   0.561165E-14
    8.687   0.273275E+00  -0.108022E-14   0.114185E-12   0.857019E-02   0.144705E-11   0.709663E-09  -0.116056E-12  -0.131334E-01   0.279404E+00   0.124613E-13  -0.988820E-09  -0.610458E-13  -0.528387E-11   0.115475E-08   0.263233E-10   0.661341E-13   0.283327E+00   0.420179E-14
    8.889   0.273469E+00  -0.131261E-14   0.104559E-12   0.824226E-02   0.128716E-11   0.614320E-09  -0.105957E-12  -0.126457E-01   0.279619E+00   0.984157E-14  -0.820294E-09  -0.524436E-13  -0.468298E-11   0.100728E-08  -0.155143E-10   0.609175E-13   0.283306E+00   0.284594E-14
    9.091   0.273613E+00  -0.154256E-14   0.939402E-13   0.793311E-02   0.114507E-11   0.532006E-09  -0.962783E-13  -0.121834E-01   0.279814E+00   0.741509E-14  -0.674399E-09  -0.450731E-13  -0.415160E-11   0.879383E-09  -0.528559E-10   0.557357E-13   0.283304E+00   0.151032E-14
    9.293   0.273707E+00  -0.178062E-14   0.860177E-13   0.764187E-02   0.101894E-11   0.460913E-09  -0.880260E-13  -0.117456E-01   0.279993E+00   0.506435E-14  -0.548023E-09  -0.387557E-13  -0.368139E-11   0.768418E-09  -0.861637E-10   0.507245E-13   0.283323E+00   0.314838E-15
    9.495   0.273751E+00  -0.198327E-14   0.792934E-13   0.736771E-02   0.907018E-12   0.399480E-09  -0.806718E-13  -0.113314E-01   0.280161E+00   0.286447E-14  -0.438472E-09  -0.333369E-13  -0.326518E-11   0.672095E-09  -0.115863E-09   0.459682E-13   0.283362E+00  -0.735530E-15
    9.697   0.273743E+00  -0.218214E-14   0.701300E-13   0.710985E-02   0.807556E-12   0.346371E-09  -0.719948E-13  -0.109398E-01   0.280319E+00   0.151144E-14  -0.343440E-09  -0.286918E-13  -0.289680E-11   0.588443E-09  -0.142343E-09   0.415177E-13   0.283421E+00  -0.158786E-14
    9.899   0.273682E+00  -0.237218E-14   0.630627E-13   0.686755E-02   0.719122E-12   0.300439E-09  -0.641729E-13  -0.105701E-01   0.280473E+00   0.427868E-15  -0.260938E-09  -0.247264E-13  -0.257051E-11   0.515760E-09  -0.165957E-09   0.373896E-13   0.283502E+00  -0.221521E-14
   10.101   0.273567E+00  -0.256365E-14   0.512355E-13   0.664010E-02   0.640687E-12   0.260698E-09  -0.533934E-13  -0.102213E-01   0.280624E+00  -0.623664E-15  -0.189260E-09  -0.213318E-13  -0.228157E-11   0.452580E-09  -0.187025E-09   0.335974E-13   0.283604E+00  -0.272612E-14
   10.303   0.273394E+00  -0.267897E-14   0.421851E-13   0.642687E-02   0.570934E-12   0.226303E-09  -0.447203E-13  -0.989257E-02   0.280776E+00  -0.161972E-14  -0.126930E-09  -0.184049E-13  -0.202569E-11   0.397636E-09  -0.205835E-09   0.301430E-13   0.283730E+00  -0.318420E-14
   10.505   0.273162E+00  -0.279368E-14   0.343302E-13   0.622723E-02   0.508916E-12   0.196523E-09  -0.370630E-13  -0.958319E-02   0.280931E+00  -0.282655E-14  -0.726776E-10  -0.158846E-13  -0.179895E-11   0.349829E-09  -0.222647E-09   0.270118E-13   0.283878E+00  -0.357216E-14
   10.707   0.272868E+00  -0.284362E-14   0.245576E-13   0.604056E-02   0.453909E-12   0.170728E-09  -0.280349E-13  -0.929229E-02   0.281091E+00  -0.359908E-14  -0.254040E-10  -0.137275E-13  -0.159811E-11   0.308212E-09  -0.237693E-09   0.241843E-13   0.284051E+00  -0.385636E-14
   10.909   0.272506E+00  -0.290443E-14   0.188164E-13   0.586636E-02   0.405058E-12   0.148379E-09  -0.216568E-13  -0.901922E-02   0.281260E+00  -0.403571E-14   0.158355E-10  -0.118797E-13  -0.142003E-11   0.271967E-09  -0.251180E-09   0.216392E-13   0.284250E+00  -0.407992E-14
   11.111   0.272074E+00  -0.296223E-14   0.115016E-13   0.570410E-02   0.361820E-12   0.129009E-09  -0.148376E-13  -0.876323E-02   0.281439E+00  -0.436910E-14   0.518591E-10  -0.102867E-13  -0.126213E-11   0.240384E-09  -0.263295E-09   0.193542E-13   0.284477E+00  -0.417965E-14
   11.313   0.271566E+00  -0.294051E-14   0.556003E-14   0.555330E-02   0.323400E-12   0.112214E-09  -0.879746E-14  -0.852372E-02   0.281632E+00  -0.464692E-14   0.833761E-10  -0.892479E-14  -0.112217E-11   0.212848E-09  -0.274204E-09   0.173052E-13   0.284732E+00  -0.422057E-14
   11.515   0.270976E+00  -0.300582E-14   0.134014E-14   0.541352E-02   0.289120E-12   0.976463E-10  -0.441817E-14  -0.830001E-02   0.281840E+00  -0.469010E-14   0.110998E-09  -0.775010E-14  -0.997909E-12   0.188826E-09  -0.284055E-09   0.154738E-13   0.285017E+00  -0.428337E-14
   11.717   0.270299E+00  -0.304230E-14  -0.166310E-14   0.528431E-02   0.258701E-12   0.850068E-10  -0.111724E-14  -0.809149E-02   0.282067E+00  -0.490384E-14   0.135253E-09  -0.672572E-14  -0.887739E-12   0.167860E-09  -0.292979E-09   0.138411E-13   0.285335E+00  -0.443150E-14
   11.919   0.269527E+00  -0.309067E-14  -0.146367E-14   0.516526E-02   0.231750E-12   0.740370E-10  -0.609702E-15  -0.789756E-02   0.282316E+00  -0.539022E-14   0.156599E-09  -0.585867E-14  -0.790045E-12   0.149549E-09  -0.301094E-09   0.123823E-13   0.285687E+00  -0.459305E-14
   12.121   0.268653E+00  -0.315616E-14  -0.255023E-14   0.505601E-02   0.207925E-12   0.645124E-10   0.139927E-14  -0.771770E-02   0.282589E+00  -0.610833E-14   0.175433E-09  -0.511620E-14  -0.703218E-12   0.133547E-09  -0.308505E-09   0.110857E-13   0.286076E+00  -0.471907E-14
   12.323   0.267667E+00  -0.313075E-14  -0.729685E-14   0.495620E-02   0.186816E-12   0.562397E-10   0.580248E-14  -0.755141E-02   0.282889E+00  -0.669703E-14   0.192099E-09  -0.445751E-14  -0.626278E-12   0.119556E-09  -0.315303E-09   0.994173E-14   0.286503E+00  -0.481948E-14
   12.525   0.266560E+00  -0.310831E-14  -0.130249E-13   0.486546E-02   0.168000E-12   0.490518E-10   0.109329E-13  -0.739812E-02   0.283219E+00  -0.650947E-14   0.206894E-09  -0.389275E-14  -0.558188E-12   0.107313E-09  -0.321572E-09   0.892527E-14   0.286971E+00  -0.483644E-14
   12.727   0.265322E+00  -0.303491E-14  -0.185303E-13   0.478340E-02   0.150796E-12   0.428037E-10   0.159516E-13  -0.725727E-02   0.283583E+00  -0.634947E-14   0.220078E-09  -0.341240E-14  -0.497616E-12   0.965936E-10  -0.327386E-09   0.801697E-14   0.287483E+00  -0.481667E-14
   12.929   0.263941E+00  -0.295418E-14  -0.256166E-13   0.470969E-02   0.135296E-12   0.373702E-10   0.223393E-13  -0.712838E-02   0.283984E+00  -0.664410E-14   0.231875E-09  -0.298489E-14  -0.443893E-12   0.872003E-10  -0.332809E-09   0.721144E-14   0.288040E+00  -0.479909E-14
   13.131   0.262406E+00  -0.291044E-14  -0.309873E-13   0.464392E-02   0.121833E-12   0.326427E-10   0.270268E-13  -0.701078E-02   0.284425E+00  -0.673114E-14   0.242479E-09  -0.261315E-14  -0.396214E-12   0.789619E-10  -0.337900E-09   0.649602E-14   0.288646E+00  -0.474464E-14
   13.333   0.260700E+00  -0.285403E-14  -0.341031E-13   0.458577E-02   0.109902E-12   0.285272E-10   0.301910E-13  -0.690411E-02   0.284910E+00  -0.652844E-14   0.252059E-09  -0.230255E-14  -0.353752E-12   0.717303E-10  -0.342710E-09   0.585904E-14   0.289304E+00  -0.466654E-14
   13.535   0.258811E+00  -0.280916E-14  -0.372643E-13   0.453477E-02   0.989552E-13   0.249422E-10   0.327795E-13  -0.680761E-02   0.285443E+00  -0.629369E-14   0.260762E-09  -0.203668E-14  -0.315950E-12   0.653760E-10  -0.347285E-09   0.529353E-14   0.290016E+00  -0.452770E-14
   13.737   0.256723E+00  -0.279748E-14  -0.375811E-13   0.449049E-02   0.888428E-13   0.218174E-10   0.329544E-13  -0.672069E-02   0.286027E+00  -0.640888E-14   0.268715E-09  -0.179795E-14  -0.282468E-12   0.597865E-10  -0.351667E-09   0.479152E-14   0.290784E+00  -0.444349E-14
   13.939   0.254418E+00  -0.277661E-14  -0.334903E-13   0.445243E-02   0.797274E-13   0.190915E-10   0.301913E-13  -0.664257E-02   0.286666E+00  -0.660435E-14   0.276028E-09  -0.159388E-14  -0.252680E-12   0.548631E-10  -0.355889E-09   0.434538E-14   0.291611E+00  -0.436986E-14
   14.141   0.251878E+00  -0.273139E-14  -0.288884E-13   0.442010E-02   0.717906E-13   0.167115E-10   0.262325E-13  -0.657261E-02   0.287364E+00  -0.617526E-14   0.282796E-09  -0.142023E-14  -0.225996E-12   0.505203E-10  -0.359986E-09   0.394873E-14   0.292499E+00  -0.422078E-14
   14.343   0.249084E+00  -0.269686E-14  -0.226521E-13   0.439281E-02   0.647200E-13   0.146311E-10   0.209962E-13  -0.650976E-02   0.288123E+00  -0.558521E-14   0.289102E-09  -0.127071E-14  -0.202363E-12   0.466827E-10  -0.363983E-09   0.359504E-14   0.293450E+00  -0.401624E-14
   14.545   0.246015E+00  -0.264634E-14  -0.185293E-13   0.436993E-02   0.582021E-13   0.128104E-10   0.174411E-13  -0.645319E-02   0.288949E+00  -0.535205E-14   0.295017E-09  -0.115170E-14  -0.181289E-12   0.432843E-10  -0.367905E-09   0.327663E-14   0.294466E+00  -0.382829E-14
   14.747   0.242648E+00  -0.258914E-14  -0.163553E-13   0.435075E-02   0.524956E-13   0.112147E-10   0.152028E-13  -0.640185E-02   0.289843E+00  -0.492396E-14   0.300601E-09  -0.103766E-14  -0.162559E-12   0.402674E-10  -0.371774E-09   0.299227E-14   0.295547E+00  -0.359881E-14
   14.949   0.238961E+00  -0.258847E-14  -0.129392E-13   0.433441E-02   0.476576E-13   0.981383E-11   0.119526E-13  -0.635458E-02   0.290810E+00  -0.454346E-14   0.305907E-09  -0.921325E-15  -0.145947E-12   0.375810E-10  -0.375607E-09   0.273952E-14   0.296695E+00  -0.337370E-14
   15.152   0.234930E+00  -0.256397E-14  -0.120843E-13   0.431989E-02   0.434453E-13   0.858152E-11   0.107028E-13  -0.630992E-02   0.291850E+00  -0.419521E-14   0.310978E-09  -0.829398E-15  -0.131123E-12   0.351798E-10  -0.379418E-09   0.251365E-14   0.297909E+00  -0.319119E-14
   15.354   0.230531E+00  -0.254225E-14  -0.111339E-13   0.430607E-02   0.395779E-13   0.749506E-11   0.951429E-14  -0.626632E-02   0.292966E+00  -0.370283E-14   0.315850E-09  -0.748812E-15  -0.117762E-12   0.330239E-10  -0.383218E-09   0.230909E-14   0.299189E+00  -0.302490E-14
   15.556   0.225741E+00  -0.253775E-14  -0.598562E-14   0.429170E-02   0.360417E-13   0.653483E-11   0.487968E-14  -0.622202E-02   0.294159E+00  -0.339173E-14   0.320551E-09  -0.679544E-15  -0.105851E-12   0.310771E-10  -0.387016E-09   0.212612E-14   0.300532E+00  -0.290491E-14
   15.758   0.220532E+00  -0.253778E-14  -0.225228E-14   0.427540E-02   0.329811E-13   0.568365E-11   0.115992E-14  -0.617516E-02   0.295427E+00  -0.332555E-14   0.325107E-09  -0.615641E-15  -0.952206E-13   0.293079E-10  -0.390816E-09   0.196495E-14   0.301935E+00  -0.286522E-14
   15.960   0.214882E+00  -0.254220E-14   0.477727E-14   0.425563E-02   0.306135E-13   0.492686E-11  -0.466916E-14  -0.612364E-02   0.296771E+00  -0.318663E-14   0.329533E-09  -0.553887E-15  -0.857544E-13   0.276873E-10  -0.394623E-09   0.181966E-14   0.303394E+00  -0.287621E-14
   16.162   0.208766E+00  -0.258995E-14   0.102468E-13   0.423074E-02   0.286544E-13   0.425174E-11  -0.962470E-14  -0.606521E-02   0.298188E+00  -0.297634E-14   0.333843E-09  -0.505256E-15  -0.773272E-13   0.261894E-10  -0.398435E-09   0.168678E-14   0.304903E+00  -0.290085E-14
   16.364   0.202158E+00  -0.263585E-14   0.145571E-13   0.419894E-02   0.267835E-13   0.364727E-11  -0.139357E-13  -0.599745E-02   0.299676E+00  -0.318359E-14   0.338043E-09  -0.459814E-15  -0.698274E-13   0.247908E-10  -0.402252E-09   0.156838E-14   0.306455E+00  -0.302320E-14
   16.566   0.195041E+00  -0.266504E-14   0.197778E-13   0.415810E-02   0.250863E-13   0.310422E-11  -0.181004E-13  -0.591746E-02   0.301228E+00  -0.328935E-14   0.342135E-09  -0.406170E-15  -0.630208E-13   0.234698E-10  -0.406064E-09   0.146243E-14   0.308041E+00  -0.318023E-14
   16.768   0.187396E+00  -0.270692E-14   0.245737E-13   0.410608E-02   0.236249E-13   0.261466E-11  -0.225258E-13  -0.582243E-02   0.302838E+00  -0.362081E-14   0.346116E-09  -0.360637E-15  -0.567703E-13   0.222068E-10  -0.409863E-09   0.136564E-14   0.309649E+00  -0.337909E-14
   16.970   0.179209E+00  -0.270319E-14   0.266830E-13   0.404060E-02   0.224104E-13   0.217196E-11  -0.247356E-13  -0.570932E-02   0.304497E+00  -0.444514E-14   0.349979E-09  -0.323320E-15  -0.511211E-13   0.209838E-10  -0.413635E-09   0.127822E-14   0.311268E+00  -0.364153E-14
   17.172   0.170464E+00  -0.265461E-14   0.304872E-13   0.395943E-02   0.215678E-13   0.177066E-11  -0.278519E-13  -0.557518E-02   0.306197E+00  -0.483949E-14   0.353713E-09  -0.280703E-15  -0.459194E-13   0.197848E-10  -0.417369E-09   0.119785E-14   0.312883E+00  -0.388665E-14
   17.374   0.161161E+00  -0.259515E-14   0.338092E-13   0.385992E-02   0.207636E-13   0.140631E-11  -0.306453E-13  -0.541665E-02   0.307927E+00  -0.495967E-14   0.357304E-09  -0.242976E-15  -0.411872E-13   0.185948E-10  -0.421045E-09   0.112219E-14   0.314477E+00  -0.409440E-14
   17.576   0.151296E+00  -0.250803E-14   0.343801E-13   0.373970E-02   0.199469E-13   0.107530E-11  -0.310647E-13  -0.523068E-02   0.309673E+00  -0.517676E-14   0.360733E-09  -0.220321E-15  -0.369975E-13   0.174006E-10  -0.424645E-09   0.104902E-14   0.316033E+00  -0.426021E-14
   17.778   0.140876E+00  -0.239226E-14   0.363186E-13   0.359631E-02   0.192983E-13   0.774842E-12  -0.322443E-13  -0.501412E-02   0.311423E+00  -0.522127E-14   0.363980E-09  -0.204370E-15  -0.330028E-13   0.161902E-10  -0.428148E-09   0.979288E-15   0.317531E+00  -0.437010E-14
   17.980   0.129917E+00  -0.223089E-14   0.353764E-13   0.342727E-02   0.186360E-13   0.502908E-12  -0.318998E-13  -0.476399E-02   0.313163E+00  -0.513109E-14   0.367020E-09  -0.179527E-15  -0.293447E-13   0.149534E-10  -0.431532E-09   0.919423E-15   0.318951E+00  -0.443337E-14
   18.182   0.118438E+00  -0.207960E-14   0.317076E-13   0.323044E-02   0.179532E-13   0.257986E-12  -0.285446E-13  -0.447762E-02   0.314881E+00  -0.517893E-14   0.369831E-09  -0.153686E-15  -0.259173E-13   0.136816E-10  -0.434777E-09   0.861714E-15   0.320271E+00  -0.445635E-14
   18.384   0.106474E+00  -0.189505E-14   0.287307E-13   0.300371E-02   0.174296E-13   0.391468E-13  -0.257605E-13  -0.415253E-02   0.316563E+00  -0.527981E-14   0.372384E-09  -0.137002E-15  -0.225794E-13   0.123675E-10  -0.437865E-09   0.806674E-15   0.321471E+00  -0.445413E-14
   18.586   0.940593E-01  -0.168410E-14   0.244792E-13   0.274541E-02   0.169460E-13  -0.154194E-12  -0.221190E-13  -0.378669E-02   0.318201E+00  -0.532392E-14   0.374655E-09  -0.122615E-15  -0.193784E-13   0.110058E-10  -0.440781E-09   0.757089E-15   0.322528E+00  -0.442359E-14
   18.788   0.812482E-01  -0.148002E-14   0.213932E-13   0.245413E-02   0.165228E-13  -0.322268E-12  -0.191957E-13  -0.337841E-02   0.319789E+00  -0.528469E-14   0.376618E-09  -0.111767E-15  -0.163218E-13   0.959248E-11  -0.443515E-09   0.709192E-15   0.323421E+00  -0.436745E-14
   18.990   0.680970E-01  -0.125355E-14   0.185012E-13   0.212914E-02   0.161346E-13  -0.465117E-12  -0.160959E-13  -0.292648E-02   0.321327E+00  -0.516898E-14   0.378250E-09  -0.105667E-15  -0.133150E-13   0.812547E-11  -0.446065E-09   0.663968E-15   0.324133E+00  -0.430401E-14
   19.192   0.546754E-01  -0.100395E-14   0.130633E-13   0.177044E-02   0.157800E-13  -0.582556E-12  -0.112636E-13  -0.243016E-02   0.322826E+00  -0.506638E-14   0.379531E-09  -0.990915E-16  -0.104238E-13   0.660397E-11  -0.448448E-09   0.625846E-15   0.324648E+00  -0.424515E-14
   19.394   0.410612E-01  -0.751965E-15   0.102202E-13   0.137947E-02   0.154822E-13  -0.674320E-12  -0.860174E-14  -0.188913E-02   0.324310E+00  -0.498158E-14   0.380445E-09  -0.919038E-16  -0.770428E-14   0.502861E-11  -0.450700E-09   0.595466E-15   0.324953E+00  -0.417906E-14
   19.596   0.273406E-01  -0.492346E-15   0.506324E-14   0.960649E-03   0.152565E-13  -0.740046E-12  -0.403304E-14  -0.130345E-02   0.325833E+00  -0.497927E-14   0.380984E-09  -0.848173E-16  -0.508211E-14   0.340106E-11  -0.452898E-09   0.569402E-15   0.325046E+00  -0.413190E-14
   19.798   0.136153E-01  -0.236853E-15   0.288645E-14   0.527000E-03   0.150939E-13  -0.779170E-12  -0.144895E-14  -0.673471E-03   0.327502E+00  -0.500113E-14   0.381158E-09  -0.794563E-16  -0.251352E-14   0.172381E-11  -0.455202E-09   0.548234E-15   0.324938E+00  -0.411179E-14
   20.000   0.223070E-08  -0.425437E-18   0.251308E-14   0.159821E-03   0.150054E-13  -0.790920E-12  -0.202719E-15  -0.112290E-09   0.329617E+00  -0.502828E-14   0.381031E-09  -0.774905E-16  -0.784316E-17   0.916276E-18  -0.458061E-09   0.537363E-15   0.324704E+00  -0.410563E-14
