    0.000   0.166768E-17   0.257113E+00
    0.408  -0.511676E-02   0.256366E+00
    0.816  -0.944071E-02   0.254674E+00
    1.224  -0.126073E-01   0.253072E+00
    1.633  -0.143313E-01   0.251849E+00
    2.041  -0.138104E-01   0.250814E+00
    2.449  -0.974595E-02   0.249494E+00
    2.857  -0.729290E-03   0.248381E+00
    3.265   0.126599E-01   0.249403E+00
    3.673   0.267943E-01   0.253123E+00
    4.082   0.382314E-01   0.257910E+00
    4.490   0.460278E-01   0.262274E+00
    4.898   0.507390E-01   0.265732E+00
    5.306   0.532174E-01   0.268344E+00
    5.714   0.541779E-01   0.270309E+00
    6.122   0.541384E-01   0.271811E+00
    6.531   0.534543E-01   0.272982E+00
    6.939   0.523662E-01   0.273917E+00
    7.347   0.510347E-01   0.274675E+00
    7.755   0.495677E-01   0.275298E+00
    8.163   0.480368E-01   0.275814E+00
    8.571   0.464897E-01   0.276243E+00
    8.980   0.449577E-01   0.276597E+00
    9.388   0.434604E-01   0.276888E+00
    9.796   0.420100E-01   0.277121E+00
   10.204   0.406133E-01   0.277300E+00
   10.612   0.392735E-01   0.277429E+00
   11.020   0.379911E-01   0.277509E+00
   11.429   0.367654E-01   0.277538E+00
   11.837   0.355943E-01   0.277514E+00
   12.245   0.344754E-01   0.277433E+00
   12.653   0.334054E-01   0.277290E+00
   13.061   0.323818E-01   0.277077E+00
   13.469   0.314019E-01   0.276787E+00
   13.878   0.304637E-01   0.276409E+00
   14.286   0.295653E-01   0.275933E+00
   14.694   0.287068E-01   0.275349E+00
   15.102   0.278878E-01   0.274645E+00
   15.510   0.271116E-01   0.273816E+00
   15.918   0.263829E-01   0.272857E+00
   16.327   0.257063E-01   0.271770E+00
   16.735   0.250912E-01   0.270564E+00
   17.143   0.245458E-01   0.269260E+00
   17.551   0.240802E-01   0.267892E+00
   17.959   0.237041E-01   0.266518E+00
   18.367   0.234265E-01   0.265221E+00
   18.776   0.232560E-01   0.264134E+00
   19.184   0.232030E-01   0.263450E+00
   19.592   0.232855E-01   0.263432E+00
   20.000   0.235486E-01   0.264474E+00
