    0.000  -0.144035E-18   0.263267E+00
    0.202  -0.152613E-02   0.263255E+00
    0.404  -0.310450E-02   0.263200E+00
    0.606  -0.465925E-02   0.263122E+00
    0.808  -0.620409E-02   0.263018E+00
    1.010  -0.774081E-02   0.262888E+00
    1.212  -0.926524E-02   0.262735E+00
    1.414  -0.107720E-01   0.262561E+00
    1.616  -0.122514E-01   0.262369E+00
    1.818  -0.136911E-01   0.262161E+00
    2.020  -0.150747E-01   0.261941E+00
    2.222  -0.163819E-01   0.261710E+00
    2.424  -0.175896E-01   0.261472E+00
    2.626  -0.186744E-01   0.261227E+00
    2.828  -0.196137E-01   0.260974E+00
    3.030  -0.203861E-01   0.260710E+00
    3.232  -0.209664E-01   0.260427E+00
    3.434  -0.213208E-01   0.260117E+00
    3.636  -0.214051E-01   0.259771E+00
    3.838  -0.211640E-01   0.259382E+00
    4.040  -0.205210E-01   0.258946E+00
    4.242  -0.193567E-01   0.258471E+00
    4.444  -0.174878E-01   0.257986E+00
    4.646  -0.146698E-01   0.257562E+00
    4.848  -0.106477E-01   0.257339E+00
    5.051  -0.529637E-02   0.257531E+00
    5.253   0.116585E-02   0.258353E+00
    5.455   0.812727E-02   0.259881E+00
    5.657   0.148863E-01   0.261962E+00
    5.859   0.209792E-01   0.264310E+00
    6.061   0.262276E-01   0.266657E+00
    6.263   0.306279E-01   0.268829E+00
    6.465   0.342516E-01   0.270740E+00
    6.667   0.371935E-01   0.272369E+00
    6.869   0.395496E-01   0.273728E+00
    7.071   0.414083E-01   0.274847E+00
    7.273   0.428474E-01   0.275760E+00
    7.475   0.439341E-01   0.276501E+00
    7.677   0.447257E-01   0.277102E+00
    7.879   0.452707E-01   0.277589E+00
    8.081   0.456100E-01   0.277985E+00
    8.283   0.457783E-01   0.278306E+00
    8.485   0.458043E-01   0.278570E+00
    8.687   0.457124E-01   0.278786E+00
    8.889   0.455232E-01   0.278965E+00
    9.091   0.452537E-01   0.279115E+00
    9.293   0.449187E-01   0.279241E+00
    9.495   0.445302E-01   0.279348E+00
    9.697   0.440986E-01   0.279440E+00
    9.899   0.436327E-01   0.279520E+00
   10.101   0.431398E-01   0.279590E+00
   10.303   0.426262E-01   0.279652E+00
   10.505   0.420972E-01   0.279708E+00
   10.707   0.415572E-01   0.279759E+00
   10.909   0.410100E-01   0.279805E+00
   11.111   0.404587E-01   0.279847E+00
   11.313   0.399060E-01   0.279886E+00
   11.515   0.393542E-01   0.279922E+00
   11.717   0.388050E-01   0.279956E+00
   11.919   0.382601E-01   0.279988E+00
   12.121   0.377207E-01   0.280019E+00
   12.323   0.371878E-01   0.280047E+00
   12.525   0.366624E-01   0.280075E+00
   12.727   0.361450E-01   0.280100E+00
   12.929   0.356363E-01   0.280125E+00
   13.131   0.351366E-01   0.280148E+00
   13.333   0.346461E-01   0.280171E+00
   13.535   0.341653E-01   0.280192E+00
   13.737   0.336941E-01   0.280212E+00
   13.939   0.332326E-01   0.280231E+00
   14.141   0.327809E-01   0.280250E+00
   14.343   0.323389E-01   0.280267E+00
   14.545   0.319066E-01   0.280284E+00
   14.747   0.314839E-01   0.280300E+00
   14.949   0.310706E-01   0.280315E+00
   15.152   0.306666E-01   0.280330E+00
   15.354   0.302717E-01   0.280344E+00
   15.556   0.298857E-01   0.280357E+00
   15.758   0.295085E-01   0.280370E+00
   15.960   0.291399E-01   0.280382E+00
   16.162   0.287796E-01   0.280393E+00
   16.364   0.284275E-01   0.280404E+00
   16.566   0.280834E-01   0.280414E+00
   16.768   0.277469E-01   0.280424E+00
   16.970   0.274181E-01   0.280433E+00
   17.172   0.270965E-01   0.280442E+00
   17.374   0.267821E-01   0.280451E+00
   17.576   0.264745E-01   0.280459E+00
   17.778   0.261737E-01   0.280466E+00
   17.980   0.258794E-01   0.280473E+00
   18.182   0.255915E-01   0.280480E+00
   18.384   0.253097E-01   0.280486E+00
   18.586   0.250338E-01   0.280492E+00
   18.788   0.247637E-01   0.280498E+00
   18.990   0.244993E-01   0.280502E+00
   19.192   0.242402E-01   0.280507E+00
   19.394   0.239864E-01   0.280510E+00
   19.596   0.237378E-01   0.280513E+00
   19.798   0.234941E-01   0.280515E+00
   20.000   0.232553E-01   0.280515E+00
