    0.000  -0.179196E-08   0.330123E-04
    0.152   0.127289E-01   0.289413E-01
    0.303   0.249193E-01   0.610159E-01
    0.455   0.345016E-01   0.870319E-01
    0.606   0.420493E-01   0.108767E+00
    0.758   0.481088E-01   0.127198E+00
    0.909   0.530587E-01   0.143005E+00
    1.061   0.571801E-01   0.156684E+00
    1.212   0.606694E-01   0.168625E+00
    1.364   0.636708E-01   0.179143E+00
    1.515   0.662851E-01   0.188488E+00
    1.667   0.685794E-01   0.196835E+00
    1.818   0.706063E-01   0.204341E+00
    1.970   0.723996E-01   0.211121E+00
    2.121   0.739822E-01   0.217267E+00
    2.273   0.753678E-01   0.222854E+00
    2.424   0.765657E-01   0.227945E+00
    2.576   0.775809E-01   0.232590E+00
    2.727   0.784170E-01   0.236829E+00
    2.879   0.790775E-01   0.240696E+00
    3.030   0.795660E-01   0.244223E+00
    3.182   0.798887E-01   0.247436E+00
    3.333   0.800517E-01   0.250360E+00
    3.485   0.800630E-01   0.253018E+00
    3.636   0.799325E-01   0.255431E+00
    3.788   0.796701E-01   0.257619E+00
    3.939   0.792869E-01   0.259601E+00
    4.091   0.787952E-01   0.261394E+00
    4.242   0.782057E-01   0.263016E+00
    4.394   0.775301E-01   0.264480E+00
    4.545   0.767794E-01   0.265802E+00
    4.697   0.759640E-01   0.266995E+00
    4.848   0.750940E-01   0.268070E+00
    5.000   0.741779E-01   0.269040E+00
    5.152   0.732247E-01   0.269913E+00
    5.303   0.722409E-01   0.270700E+00
    5.455   0.712340E-01   0.271407E+00
    5.606   0.702100E-01   0.272043E+00
    5.758   0.691742E-01   0.272615E+00
    5.909   0.681313E-01   0.273127E+00
    6.061   0.670855E-01   0.273586E+00
    6.212   0.660407E-01   0.273996E+00
    6.364   0.649994E-01   0.274362E+00
    6.515   0.639647E-01   0.274686E+00
    6.667   0.629395E-01   0.274973E+00
    6.818   0.619249E-01   0.275225E+00
    6.970   0.609225E-01   0.275446E+00
    7.121   0.599342E-01   0.275636E+00
    7.273   0.589608E-01   0.275798E+00
    7.424   0.580035E-01   0.275934E+00
    7.576   0.570628E-01   0.276045E+00
    7.727   0.561394E-01   0.276133E+00
    7.879   0.552336E-01   0.276198E+00
    8.030   0.543462E-01   0.276241E+00
    8.182   0.534768E-01   0.276264E+00
    8.333   0.526262E-01   0.276266E+00
    8.485   0.517941E-01   0.276248E+00
    8.636   0.509808E-01   0.276211E+00
    8.788   0.501863E-01   0.276155E+00
    8.939   0.494108E-01   0.276079E+00
    9.091   0.486539E-01   0.275985E+00
    9.242   0.479156E-01   0.275871E+00
    9.394   0.471961E-01   0.275738E+00
    9.545   0.464956E-01   0.275586E+00
    9.697   0.458135E-01   0.275414E+00
    9.848   0.451508E-01   0.275223E+00
   10.000   0.445068E-01   0.275012E+00
   10.152   0.438820E-01   0.274782E+00
   10.303   0.432764E-01   0.274532E+00
   10.455   0.426904E-01   0.274262E+00
   10.606   0.421239E-01   0.273972E+00
   10.758   0.415780E-01   0.273664E+00
   10.909   0.410524E-01   0.273336E+00
   11.061   0.405472E-01   0.272989E+00
   11.212   0.400630E-01   0.272625E+00
   11.364   0.396005E-01   0.272244E+00
   11.515   0.391602E-01   0.271848E+00
   11.667   0.387423E-01   0.271437E+00
   11.818   0.383475E-01   0.271014E+00
   11.970   0.379764E-01   0.270581E+00
   12.121   0.376288E-01   0.270140E+00
   12.273   0.373059E-01   0.269694E+00
   12.424   0.370076E-01   0.269247E+00
   12.576   0.367347E-01   0.268801E+00
   12.727   0.364873E-01   0.268362E+00
   12.879   0.362653E-01   0.267933E+00
   13.030   0.360696E-01   0.267520E+00
   13.182   0.358998E-01   0.267127E+00
   13.333   0.357561E-01   0.266761E+00
   13.485   0.356389E-01   0.266426E+00
   13.636   0.355479E-01   0.266130E+00
   13.788   0.354835E-01   0.265879E+00
   13.939   0.354458E-01   0.265681E+00
   14.091   0.354353E-01   0.265544E+00
   14.242   0.354530E-01   0.265479E+00
   14.394   0.354999E-01   0.265498E+00
   14.545   0.355784E-01   0.265619E+00
   14.697   0.356920E-01   0.265866E+00
   14.848   0.358468E-01   0.266290E+00
   15.000   0.360544E-01   0.267021E+00
