    0.000   0.106852E-16   0.707340E-06
    0.202   0.161830E-01   0.370277E-01
    0.404   0.311280E-01   0.772007E-01
    0.606   0.418968E-01   0.107842E+00
    0.808   0.498664E-01   0.132144E+00
    1.010   0.560178E-01   0.151961E+00
    1.212   0.609196E-01   0.168445E+00
    1.414   0.649370E-01   0.182363E+00
    1.616   0.682984E-01   0.194267E+00
    1.818   0.711507E-01   0.204569E+00
    2.020   0.735809E-01   0.213573E+00
    2.222   0.756340E-01   0.221480E+00
    2.424   0.773385E-01   0.228461E+00
    2.626   0.787071E-01   0.234636E+00
    2.828   0.797480E-01   0.240097E+00
    3.030   0.804700E-01   0.244925E+00
    3.232   0.808860E-01   0.249187E+00
    3.434   0.810136E-01   0.252943E+00
    3.636   0.808750E-01   0.256246E+00
    3.838   0.804960E-01   0.259145E+00
    4.040   0.799047E-01   0.261684E+00
    4.242   0.791300E-01   0.263907E+00
    4.444   0.782000E-01   0.265852E+00
    4.646   0.771417E-01   0.267551E+00
    4.848   0.759798E-01   0.269037E+00
    5.051   0.747366E-01   0.270336E+00
    5.253   0.734321E-01   0.271473E+00
    5.455   0.720838E-01   0.272469E+00
    5.657   0.707064E-01   0.273342E+00
    5.859   0.693127E-01   0.274109E+00
    6.061   0.679134E-01   0.274782E+00
    6.263   0.665173E-01   0.275375E+00
    6.465   0.651319E-01   0.275897E+00
    6.667   0.637628E-01   0.276358E+00
    6.869   0.624150E-01   0.276765E+00
    7.071   0.610921E-01   0.277124E+00
    7.273   0.597969E-01   0.277442E+00
    7.475   0.585315E-01   0.277724E+00
    7.677   0.572975E-01   0.277973E+00
    7.879   0.560958E-01   0.278194E+00
    8.081   0.549271E-01   0.278389E+00
    8.283   0.537915E-01   0.278561E+00
    8.485   0.526889E-01   0.278713E+00
    8.687   0.516192E-01   0.278847E+00
    8.889   0.505819E-01   0.278964E+00
    9.091   0.495764E-01   0.279066E+00
    9.293   0.486017E-01   0.279153E+00
    9.495   0.476574E-01   0.279229E+00
    9.697   0.467423E-01   0.279292E+00
    9.899   0.458558E-01   0.279344E+00
   10.101   0.449967E-01   0.279385E+00
   10.303   0.441641E-01   0.279417E+00
   10.505   0.433572E-01   0.279438E+00
   10.707   0.425749E-01   0.279450E+00
   10.909   0.418163E-01   0.279452E+00
   11.111   0.410805E-01   0.279445E+00
   11.313   0.403666E-01   0.279428E+00
   11.515   0.396737E-01   0.279401E+00
   11.717   0.390010E-01   0.279364E+00
   11.919   0.383476E-01   0.279317E+00
   12.121   0.377129E-01   0.279258E+00
   12.323   0.370960E-01   0.279187E+00
   12.525   0.364962E-01   0.279104E+00
   12.727   0.359129E-01   0.279008E+00
   12.929   0.353455E-01   0.278898E+00
   13.131   0.347936E-01   0.278772E+00
   13.333   0.342564E-01   0.278630E+00
   13.535   0.337337E-01   0.278470E+00
   13.737   0.332250E-01   0.278292E+00
   13.939   0.327301E-01   0.278093E+00
   14.141   0.322486E-01   0.277872E+00
   14.343   0.317805E-01   0.277628E+00
   14.545   0.313257E-01   0.277360E+00
   14.747   0.308841E-01   0.277065E+00
   14.949   0.304557E-01   0.276743E+00
   15.152   0.300408E-01   0.276392E+00
   15.354   0.296398E-01   0.276011E+00
   15.556   0.292530E-01   0.275599E+00
   15.758   0.288809E-01   0.275156E+00
   15.960   0.285242E-01   0.274682E+00
   16.162   0.281832E-01   0.274177E+00
   16.364   0.278589E-01   0.273643E+00
   16.566   0.275522E-01   0.273082E+00
   16.768   0.272639E-01   0.272495E+00
   16.970   0.269950E-01   0.271889E+00
   17.172   0.267461E-01   0.271267E+00
   17.374   0.265186E-01   0.270636E+00
   17.576   0.263130E-01   0.270004E+00
   17.778   0.261301E-01   0.269379E+00
   17.980   0.259710E-01   0.268771E+00
   18.182   0.258360E-01   0.268193E+00
   18.384   0.257258E-01   0.267656E+00
   18.586   0.256410E-01   0.267174E+00
   18.788   0.255823E-01   0.266762E+00
   18.990   0.255504E-01   0.266436E+00
   19.192   0.255465E-01   0.266215E+00
   19.394   0.255728E-01   0.266122E+00
   19.596   0.256328E-01   0.266190E+00
   19.798   0.257330E-01   0.266476E+00
   20.000   0.258877E-01   0.267133E+00
