    0.000   0.195102E-07   0.263808E+00
    0.152  -0.849208E-03   0.263800E+00
    0.303  -0.168443E-02   0.263787E+00
    0.455  -0.252145E-02   0.263766E+00
    0.606  -0.336049E-02   0.263739E+00
    0.758  -0.420192E-02   0.263706E+00
    0.909  -0.504667E-02   0.263667E+00
    1.061  -0.589523E-02   0.263622E+00
    1.212  -0.674825E-02   0.263571E+00
    1.364  -0.760598E-02   0.263514E+00
    1.515  -0.846843E-02   0.263451E+00
    1.667  -0.933555E-02   0.263383E+00
    1.818  -0.102068E-01   0.263311E+00
    1.970  -0.110814E-01   0.263233E+00
    2.121  -0.119580E-01   0.263150E+00
    2.273  -0.128350E-01   0.263063E+00
    2.424  -0.137101E-01   0.262971E+00
    2.576  -0.145803E-01   0.262873E+00
    2.727  -0.154422E-01   0.262771E+00
    2.879  -0.162913E-01   0.262662E+00
    3.030  -0.171225E-01   0.262546E+00
    3.182  -0.179299E-01   0.262423E+00
    3.333  -0.187076E-01   0.262290E+00
    3.485  -0.194493E-01   0.262147E+00
    3.636  -0.201482E-01   0.261993E+00
    3.788  -0.207972E-01   0.261824E+00
    3.939  -0.213881E-01   0.261639E+00
    4.091  -0.219105E-01   0.261435E+00
    4.242  -0.223515E-01   0.261208E+00
    4.394  -0.226959E-01   0.260957E+00
    4.545  -0.229258E-01   0.260677E+00
    4.697  -0.230217E-01   0.260370E+00
    4.848  -0.229594E-01   0.260033E+00
    5.000  -0.227099E-01   0.259669E+00
    5.152  -0.222313E-01   0.259281E+00
    5.303  -0.214671E-01   0.258880E+00
    5.455  -0.203399E-01   0.258481E+00
    5.606  -0.187585E-01   0.258118E+00
    5.758  -0.166265E-01   0.257839E+00
    5.909  -0.138661E-01   0.257716E+00
    6.061  -0.104658E-01   0.257833E+00
    6.212  -0.652096E-02   0.258267E+00
    6.364  -0.223244E-02   0.259056E+00
    6.515   0.215267E-02   0.260174E+00
    6.667   0.641903E-02   0.261539E+00
    6.818   0.104255E-01   0.263045E+00
    6.970   0.141010E-01   0.264592E+00
    7.121   0.174196E-01   0.266098E+00
    7.273   0.203841E-01   0.267508E+00
    7.424   0.230105E-01   0.268789E+00
    7.576   0.253229E-01   0.269926E+00
    7.727   0.273458E-01   0.270914E+00
    7.879   0.291067E-01   0.271757E+00
    8.030   0.306302E-01   0.272464E+00
    8.182   0.319412E-01   0.273046E+00
    8.333   0.330620E-01   0.273514E+00
    8.485   0.340140E-01   0.273881E+00
    8.636   0.348153E-01   0.274157E+00
    8.788   0.354839E-01   0.274352E+00
    8.939   0.360349E-01   0.274477E+00
    9.091   0.364826E-01   0.274539E+00
    9.242   0.368389E-01   0.274544E+00
    9.394   0.371155E-01   0.274500E+00
    9.545   0.373224E-01   0.274411E+00
    9.697   0.374685E-01   0.274283E+00
    9.848   0.375617E-01   0.274118E+00
   10.000   0.376091E-01   0.273921E+00
   10.152   0.376174E-01   0.273695E+00
   10.303   0.375918E-01   0.273443E+00
   10.455   0.375382E-01   0.273166E+00
   10.606   0.374605E-01   0.272867E+00
   10.758   0.373632E-01   0.272548E+00
   10.909   0.372502E-01   0.272212E+00
   11.061   0.371242E-01   0.271860E+00
   11.212   0.369889E-01   0.271494E+00
   11.364   0.368467E-01   0.271116E+00
   11.515   0.367000E-01   0.270730E+00
   11.667   0.365515E-01   0.270336E+00
   11.818   0.364027E-01   0.269937E+00
   11.970   0.362558E-01   0.269536E+00
   12.121   0.361117E-01   0.269136E+00
   12.273   0.359730E-01   0.268739E+00
   12.424   0.358401E-01   0.268349E+00
   12.576   0.357147E-01   0.267969E+00
   12.727   0.355978E-01   0.267601E+00
   12.879   0.354904E-01   0.267251E+00
   13.030   0.353935E-01   0.266921E+00
   13.182   0.353080E-01   0.266616E+00
   13.333   0.352349E-01   0.266339E+00
   13.485   0.351753E-01   0.266094E+00
   13.636   0.351301E-01   0.265887E+00
   13.788   0.351005E-01   0.265723E+00
   13.939   0.350880E-01   0.265606E+00
   14.091   0.350945E-01   0.265544E+00
   14.242   0.351220E-01   0.265545E+00
   14.394   0.351734E-01   0.265620E+00
   14.545   0.352524E-01   0.265785E+00
   14.697   0.353641E-01   0.266065E+00
   14.848   0.355167E-01   0.266508E+00
   15.000   0.357248E-01   0.267251E+00
