    0.000   0.259059E-08   0.406289E-17  -0.234832E-17  -0.331548E-17  -0.907702E-09
    0.408   0.650400E-01   0.216050E-01  -0.486757E-16   0.216050E-01  -0.796090E-09
    0.816   0.116814E+00   0.376477E-01  -0.391144E-16   0.376477E-01  -0.588654E-09
    1.224   0.154617E+00   0.485664E-01  -0.582052E-16   0.485664E-01  -0.412451E-09
    1.633   0.182315E+00   0.560551E-01   0.294423E-15   0.560551E-01  -0.287826E-09
    2.041   0.203133E+00   0.611910E-01   0.185107E-15   0.611910E-01  -0.203117E-09
    2.449   0.219108E+00   0.645785E-01   0.745185E-16   0.645785E-01  -0.145342E-09
    2.857   0.231524E+00   0.665939E-01   0.155013E-15   0.665939E-01  -0.105328E-09
    3.265   0.241240E+00   0.675111E-01  -0.675919E-16   0.675111E-01  -0.771400E-10
    3.673   0.248870E+00   0.675547E-01   0.917423E-16   0.675547E-01  -0.569772E-10
    4.082   0.254875E+00   0.669193E-01   0.122752E-15   0.669193E-01  -0.423733E-10
    4.490   0.259610E+00   0.657737E-01   0.125978E-15   0.657737E-01  -0.316907E-10
    4.898   0.263350E+00   0.642614E-01   0.316831E-15   0.642614E-01  -0.238098E-10
    5.306   0.266314E+00   0.624999E-01   0.352919E-15   0.624999E-01  -0.179640E-10
    5.714   0.268669E+00   0.605833E-01   0.200803E-15   0.605833E-01  -0.136052E-10
    6.122   0.270548E+00   0.585842E-01   0.312817E-15   0.585842E-01  -0.103412E-10
    6.531   0.272051E+00   0.565573E-01   0.329459E-15   0.565573E-01  -0.788879E-11
    6.939   0.273260E+00   0.545421E-01   0.149382E-15   0.545421E-01  -0.604126E-11
    7.347   0.274234E+00   0.525670E-01   0.228509E-15   0.525670E-01  -0.464526E-11
    7.755   0.275021E+00   0.506506E-01   0.201837E-15   0.506506E-01  -0.358872E-11
    8.163   0.275658E+00   0.488052E-01   0.142031E-15   0.488052E-01  -0.278703E-11
    8.571   0.276172E+00   0.470375E-01   0.208463E-15   0.470375E-01  -0.217736E-11
    8.980   0.276586E+00   0.453508E-01   0.202326E-15   0.453508E-01  -0.171258E-11
    9.388   0.276916E+00   0.437454E-01   0.159468E-15   0.437454E-01  -0.135740E-11
    9.796   0.277173E+00   0.422199E-01   0.202993E-15   0.422199E-01  -0.108531E-11
   10.204   0.277367E+00   0.407715E-01   0.237376E-15   0.407715E-01  -0.876344E-12
   10.612   0.277503E+00   0.393964E-01   0.235885E-15   0.393964E-01  -0.715447E-12
   11.020   0.277586E+00   0.380905E-01   0.206549E-15   0.380905E-01  -0.591270E-12
   11.429   0.277615E+00   0.368495E-01   0.177139E-15   0.368495E-01  -0.495216E-12
   11.837   0.277590E+00   0.356687E-01   0.150724E-15   0.356687E-01  -0.420826E-12
   12.245   0.277508E+00   0.345439E-01   0.118305E-15   0.345439E-01  -0.363218E-12
   12.653   0.277363E+00   0.334703E-01   0.172054E-15   0.334703E-01  -0.318745E-12
   13.061   0.277149E+00   0.324445E-01   0.119221E-15   0.324445E-01  -0.284634E-12
   13.469   0.276857E+00   0.314628E-01   0.435540E-16   0.314628E-01  -0.258846E-12
   13.878   0.276476E+00   0.305227E-01   0.261667E-16   0.305227E-01  -0.239816E-12
   14.286   0.275993E+00   0.296217E-01   0.329582E-16   0.296217E-01  -0.226523E-12
   14.694   0.275396E+00   0.287595E-01   0.781990E-16   0.287595E-01  -0.218034E-12
   15.102   0.274673E+00   0.279353E-01   0.704171E-16   0.279353E-01  -0.213836E-12
   15.510   0.273813E+00   0.271523E-01   0.551600E-16   0.271523E-01  -0.213428E-12
   15.918   0.272812E+00   0.264150E-01   0.808678E-16   0.264150E-01  -0.216299E-12
   16.327   0.271673E+00   0.257282E-01   0.917317E-16   0.257282E-01  -0.222138E-12
   16.735   0.270410E+00   0.251016E-01   0.818489E-16   0.251016E-01  -0.230241E-12
   17.143   0.269057E+00   0.245443E-01   0.400956E-16   0.245443E-01  -0.240086E-12
   17.551   0.267665E+00   0.240676E-01  -0.219620E-16   0.240676E-01  -0.250674E-12
   17.959   0.266309E+00   0.236831E-01  -0.720314E-17   0.236831E-01  -0.260986E-12
   18.367   0.265086E+00   0.234014E-01  -0.147161E-16   0.234014E-01  -0.269787E-12
   18.776   0.264113E+00   0.232321E-01  -0.177549E-16   0.232321E-01  -0.275835E-12
   19.184   0.263529E+00   0.231850E-01   0.186570E-16   0.231850E-01  -0.278036E-12
   19.592   0.263522E+00   0.232752E-01   0.809672E-17   0.232752E-01  -0.275824E-12
   20.000   0.264508E+00   0.235433E-01   0.837741E-17   0.235433E-01  -0.270580E-12
