    0.000   0.263808E+00   0.195119E-07  -0.254607E-09   0.195102E-07   0.357268E-06
    0.152   0.263800E+00   0.849208E-03   0.674687E-11  -0.849208E-03   0.232840E-06
    0.303   0.263787E+00   0.168443E-02  -0.450985E-09  -0.168443E-02   0.241404E-07
    0.455   0.263766E+00   0.252145E-02  -0.315611E-09  -0.252145E-02   0.822571E-09
    0.606   0.263739E+00   0.336049E-02  -0.167643E-09  -0.336049E-02   0.368698E-08
    0.758   0.263706E+00   0.420192E-02  -0.657343E-10  -0.420192E-02   0.472526E-08
    0.909   0.263667E+00   0.504667E-02   0.854784E-11  -0.504667E-02   0.625411E-08
    1.061   0.263622E+00   0.589523E-02   0.716396E-10  -0.589523E-02   0.674432E-08
    1.212   0.263571E+00   0.674825E-02   0.121600E-09  -0.674825E-02   0.719285E-08
    1.364   0.263514E+00   0.760598E-02   0.167634E-09  -0.760598E-02   0.705949E-08
    1.515   0.263451E+00   0.846843E-02   0.211671E-09  -0.846843E-02   0.729867E-08
    1.667   0.263383E+00   0.933555E-02   0.252121E-09  -0.933555E-02   0.723464E-08
    1.818   0.263311E+00   0.102068E-01   0.292936E-09  -0.102068E-01   0.741755E-08
    1.970   0.263233E+00   0.110814E-01   0.332895E-09  -0.110814E-01   0.750984E-08
    2.121   0.263150E+00   0.119580E-01   0.373962E-09  -0.119580E-01   0.744100E-08
    2.273   0.263063E+00   0.128350E-01   0.416860E-09  -0.128350E-01   0.723215E-08
    2.424   0.262971E+00   0.137101E-01   0.462460E-09  -0.137101E-01   0.694324E-08
    2.576   0.262873E+00   0.145803E-01   0.511236E-09  -0.145803E-01   0.664779E-08
    2.727   0.262771E+00   0.154422E-01   0.564237E-09  -0.154422E-01   0.624273E-08
    2.879   0.262662E+00   0.162913E-01   0.622025E-09  -0.162913E-01   0.570755E-08
    3.030   0.262546E+00   0.171225E-01   0.686080E-09  -0.171225E-01   0.502653E-08
    3.182   0.262423E+00   0.179299E-01   0.757505E-09  -0.179299E-01   0.421659E-08
    3.333   0.262290E+00   0.187076E-01   0.836814E-09  -0.187076E-01   0.328629E-08
    3.485   0.262147E+00   0.194493E-01   0.924937E-09  -0.194493E-01   0.225839E-08
    3.636   0.261993E+00   0.201482E-01   0.102327E-08  -0.201482E-01   0.113193E-08
    3.788   0.261824E+00   0.207972E-01   0.113284E-08  -0.207972E-01  -0.773487E-10
    3.939   0.261639E+00   0.213881E-01   0.125450E-08  -0.213881E-01  -0.133685E-08
    4.091   0.261435E+00   0.219105E-01   0.138892E-08  -0.219105E-01  -0.265741E-08
    4.242   0.261208E+00   0.223515E-01   0.153616E-08  -0.223515E-01  -0.402893E-08
    4.394   0.260957E+00   0.226959E-01   0.169592E-08  -0.226959E-01  -0.544702E-08
    4.545   0.260677E+00   0.229258E-01   0.186648E-08  -0.229258E-01  -0.686172E-08
    4.697   0.260370E+00   0.230217E-01   0.204770E-08  -0.230217E-01  -0.824206E-08
    4.848   0.260033E+00   0.229594E-01   0.223792E-08  -0.229594E-01  -0.951815E-08
    5.000   0.259669E+00   0.227099E-01   0.243580E-08  -0.227099E-01  -0.106420E-07
    5.152   0.259281E+00   0.222313E-01   0.263859E-08  -0.222313E-01  -0.115865E-07
    5.303   0.258880E+00   0.214671E-01   0.284143E-08  -0.214671E-01  -0.123382E-07
    5.455   0.258481E+00   0.203399E-01   0.303872E-08  -0.203399E-01  -0.128788E-07
    5.606   0.258118E+00   0.187585E-01   0.322404E-08  -0.187585E-01  -0.131565E-07
    5.758   0.257839E+00   0.166265E-01   0.339110E-08  -0.166265E-01  -0.131228E-07
    5.909   0.257716E+00   0.138661E-01   0.353025E-08  -0.138661E-01  -0.127425E-07
    6.061   0.257833E+00   0.104658E-01   0.363302E-08  -0.104658E-01  -0.120299E-07
    6.212   0.258267E+00   0.652096E-02   0.369546E-08  -0.652096E-02  -0.110508E-07
    6.364   0.259056E+00   0.223244E-02   0.372076E-08  -0.223244E-02  -0.991056E-08
    6.515   0.260174E+00   0.215267E-02   0.371995E-08   0.215267E-02  -0.872341E-08
    6.667   0.261539E+00   0.641903E-02   0.370494E-08   0.641903E-02  -0.757536E-08
    6.818   0.263045E+00   0.104255E-01   0.368365E-08   0.104255E-01  -0.651777E-08
    6.970   0.264592E+00   0.141010E-01   0.366113E-08   0.141010E-01  -0.557243E-08
    7.121   0.266098E+00   0.174196E-01   0.363790E-08   0.174196E-01  -0.474123E-08
    7.273   0.267508E+00   0.203841E-01   0.361385E-08   0.203841E-01  -0.401875E-08
    7.424   0.268789E+00   0.230105E-01   0.358545E-08   0.230105E-01  -0.339419E-08
    7.576   0.269926E+00   0.253229E-01   0.355155E-08   0.253229E-01  -0.285886E-08
    7.727   0.270914E+00   0.273458E-01   0.351017E-08   0.273458E-01  -0.239990E-08
    7.879   0.271757E+00   0.291067E-01   0.345950E-08   0.291067E-01  -0.201060E-08
    8.030   0.272464E+00   0.306302E-01   0.339959E-08   0.306302E-01  -0.167903E-08
    8.182   0.273046E+00   0.319412E-01   0.332883E-08   0.319412E-01  -0.139808E-08
    8.333   0.273514E+00   0.330620E-01   0.324789E-08   0.330620E-01  -0.116141E-08
    8.485   0.273881E+00   0.340140E-01   0.315701E-08   0.340140E-01  -0.962413E-09
    8.636   0.274157E+00   0.348153E-01   0.305685E-08   0.348153E-01  -0.794269E-09
    8.788   0.274352E+00   0.354839E-01   0.294803E-08   0.354839E-01  -0.653922E-09
    8.939   0.274477E+00   0.360349E-01   0.283142E-08   0.360349E-01  -0.536178E-09
    9.091   0.274539E+00   0.364826E-01   0.270756E-08   0.364826E-01  -0.438175E-09
    9.242   0.274544E+00   0.368389E-01   0.257812E-08   0.368389E-01  -0.356106E-09
    9.394   0.274500E+00   0.371155E-01   0.244325E-08   0.371155E-01  -0.287968E-09
    9.545   0.274411E+00   0.373224E-01   0.230451E-08   0.373224E-01  -0.231607E-09
    9.697   0.274283E+00   0.374685E-01   0.216219E-08   0.374685E-01  -0.185559E-09
    9.848   0.274118E+00   0.375617E-01   0.201872E-08   0.375617E-01  -0.147244E-09
   10.000   0.273921E+00   0.376091E-01   0.187403E-08   0.376091E-01  -0.116146E-09
   10.152   0.273695E+00   0.376174E-01   0.172897E-08   0.376174E-01  -0.910231E-10
   10.303   0.273443E+00   0.375918E-01   0.158436E-08   0.375918E-01  -0.700562E-10
   10.455   0.273166E+00   0.375382E-01   0.144137E-08   0.375382E-01  -0.540483E-10
   10.606   0.272867E+00   0.374605E-01   0.130059E-08   0.374605E-01  -0.411789E-10
   10.758   0.272548E+00   0.373632E-01   0.116321E-08   0.373632E-01  -0.309360E-10
   10.909   0.272212E+00   0.372502E-01   0.102964E-08   0.372502E-01  -0.236246E-10
   11.061   0.271860E+00   0.371242E-01   0.900017E-09   0.371242E-01  -0.178818E-10
   11.212   0.271494E+00   0.369889E-01   0.775200E-09   0.369889E-01  -0.143302E-10
   11.364   0.271116E+00   0.368467E-01   0.655817E-09   0.368467E-01  -0.118633E-10
   11.515   0.270730E+00   0.367000E-01   0.542414E-09   0.367000E-01  -0.103426E-10
   11.667   0.270336E+00   0.365515E-01   0.435740E-09   0.365515E-01  -0.104111E-10
   11.818   0.269937E+00   0.364027E-01   0.335647E-09   0.364027E-01  -0.109750E-10
   11.970   0.269536E+00   0.362558E-01   0.242984E-09   0.362558E-01  -0.122814E-10
   12.121   0.269136E+00   0.361117E-01   0.157734E-09   0.361117E-01  -0.137628E-10
   12.273   0.268739E+00   0.359730E-01   0.800465E-10   0.359730E-01  -0.162831E-10
   12.424   0.268349E+00   0.358401E-01   0.104993E-10   0.358401E-01  -0.187349E-10
   12.576   0.267969E+00   0.357147E-01  -0.508502E-10   0.357147E-01  -0.216568E-10
   12.727   0.267601E+00   0.355978E-01  -0.103979E-09   0.355978E-01  -0.247193E-10
   12.879   0.267251E+00   0.354904E-01  -0.148663E-09   0.354904E-01  -0.283247E-10
   13.030   0.266921E+00   0.353935E-01  -0.185078E-09   0.353935E-01  -0.317594E-10
   13.182   0.266616E+00   0.353080E-01  -0.213194E-09   0.353080E-01  -0.354599E-10
   13.333   0.266339E+00   0.352349E-01  -0.233212E-09   0.352349E-01  -0.394272E-10
   13.485   0.266094E+00   0.351753E-01  -0.245196E-09   0.351753E-01  -0.433576E-10
   13.636   0.265887E+00   0.351301E-01  -0.249364E-09   0.351301E-01  -0.475941E-10
   13.788   0.265723E+00   0.351005E-01  -0.246204E-09   0.351005E-01  -0.517108E-10
   13.939   0.265606E+00   0.350880E-01  -0.235978E-09   0.350880E-01  -0.562520E-10
   14.091   0.265544E+00   0.350945E-01  -0.219008E-09   0.350945E-01  -0.610693E-10
   14.242   0.265545E+00   0.351220E-01  -0.195739E-09   0.351220E-01  -0.662554E-10
   14.394   0.265620E+00   0.351734E-01  -0.166666E-09   0.351734E-01  -0.717426E-10
   14.545   0.265785E+00   0.352524E-01  -0.132100E-09   0.352524E-01  -0.774726E-10
   14.697   0.266065E+00   0.353641E-01  -0.925878E-10   0.353641E-01  -0.827906E-10
   14.848   0.266508E+00   0.355167E-01  -0.483672E-10   0.355167E-01  -0.869762E-10
   15.000   0.267251E+00   0.357248E-01   0.177330E-17   0.357248E-01  -0.874920E-10
