    0.000  -0.139570E-16  -0.984713E-17   0.128360E-11   0.379057E-08   0.113175E-16   0.239794E-16  -0.284060E-11   0.240104E-08  -0.368354E-16  -0.859250E-17  -0.193318E-16   0.231548E-12  -0.241713E-16   0.246991E-16  -0.935191E-15  -0.315624E-12  -0.145623E-16  -0.981901E-17
    0.408   0.692807E-03  -0.101688E-14   0.111869E-11   0.335835E-08   0.290938E-01   0.181980E-15  -0.270511E-11   0.224394E-08   0.979046E-01  -0.134672E-14  -0.461172E-13   0.558324E-10   0.475174E-01  -0.390076E-15   0.676821E-13  -0.102265E-09   0.690699E-03  -0.375180E-15
    0.816   0.148049E-02  -0.106875E-14   0.821624E-12   0.255830E-08   0.574585E-01   0.408875E-15  -0.236806E-11   0.188088E-08   0.171317E+00  -0.181076E-14  -0.149235E-12   0.163490E-09   0.909925E-01  -0.684556E-15   0.162820E-12  -0.205874E-09   0.184280E-02   0.103730E-15
    1.224   0.179770E-02  -0.757576E-16   0.572771E-12   0.184932E-08   0.845841E-01  -0.671294E-14  -0.195020E-11   0.148393E-08   0.218912E+00  -0.297739E-14  -0.253929E-12   0.241848E-09   0.128958E+00   0.422192E-14   0.210116E-12  -0.216606E-09   0.292448E-02  -0.655713E-15
    1.633   0.154822E-02   0.852216E-15   0.399903E-12   0.131816E-08   0.109957E+00  -0.323511E-14  -0.153871E-11   0.113981E-08   0.248306E+00  -0.353830E-14  -0.327618E-12   0.270376E-09   0.161103E+00  -0.950513E-15   0.216599E-12  -0.177607E-09   0.366819E-02   0.200352E-14
    2.041   0.868350E-03   0.210544E-15   0.285884E-12   0.934388E-09   0.133134E+00  -0.617077E-14  -0.118144E-11   0.868972E-09   0.266131E+00  -0.281207E-14  -0.362434E-12   0.259425E-09   0.187673E+00   0.535416E-14   0.201463E-12  -0.126467E-09   0.404019E-02  -0.388924E-15
    2.449  -0.388900E-04  -0.515017E-15   0.210508E-12   0.657839E-09   0.153834E+00  -0.304213E-15  -0.893570E-12   0.665528E-09   0.276717E+00  -0.289781E-14  -0.362913E-12   0.224849E-09   0.209213E+00  -0.350620E-14   0.177250E-12  -0.786478E-10   0.411040E-02   0.167504E-14
    2.857  -0.986512E-03   0.522831E-15   0.159224E-12   0.457696E-09   0.171964E+00  -0.991620E-14  -0.672452E-12   0.516629E-09   0.282772E+00  -0.306889E-14  -0.339808E-12   0.179445E-09   0.226409E+00   0.777428E-14   0.150430E-12  -0.385128E-10   0.397933E-02  -0.699254E-15
    3.265  -0.183930E-02  -0.356199E-15   0.123333E-12   0.312000E-09   0.187596E+00  -0.380851E-14  -0.505903E-12   0.409374E-09   0.286000E+00  -0.249816E-14  -0.302776E-12   0.131640E-09   0.239968E+00   0.569131E-15   0.124956E-12  -0.627645E-11   0.374149E-02   0.575975E-15
    3.673  -0.252168E-02  -0.299453E-15   0.988463E-13   0.205264E-09   0.200915E+00  -0.242920E-15  -0.383121E-12   0.332914E-09   0.287486E+00  -0.300222E-14  -0.261773E-12   0.862852E-10   0.250550E+00  -0.382424E-14   0.104155E-12   0.191348E-10   0.346788E-02   0.139695E-14
    4.082  -0.300796E-02   0.845501E-15   0.779402E-13   0.126557E-09   0.212173E+00  -0.664894E-14  -0.291955E-12   0.278791E-09   0.287926E+00  -0.307489E-14  -0.220947E-12   0.457504E-10   0.258740E+00   0.230634E-14   0.838560E-13   0.390333E-10   0.320289E-02   0.515638E-15
    4.490  -0.330686E-02   0.210267E-14   0.630030E-13   0.681239E-10   0.221642E+00  -0.677318E-14  -0.223988E-12   0.240689E-09   0.287761E+00  -0.293894E-14  -0.183389E-12   0.108416E-10   0.265028E+00   0.442654E-15   0.682857E-13   0.546269E-10   0.296815E-02   0.203785E-14
    4.898  -0.344597E-02   0.105996E-14   0.513824E-13   0.244291E-10   0.229588E+00  -0.491900E-14  -0.173417E-12   0.213987E-09   0.287273E+00  -0.256288E-14  -0.150910E-12  -0.185145E-10   0.269823E+00  -0.528560E-15   0.556756E-13   0.669100E-10   0.276980E-02   0.140535E-14
    5.306  -0.346078E-02  -0.450515E-15   0.421583E-13  -0.847254E-11   0.236252E+00  -0.505594E-14  -0.134313E-12   0.195375E-09   0.286635E+00  -0.200272E-14  -0.122409E-12  -0.428227E-10   0.273452E+00   0.183121E-14   0.454188E-13   0.766651E-10   0.260440E-02   0.571742E-16
    5.714  -0.338704E-02   0.146104E-14   0.330282E-13  -0.334312E-10   0.241844E+00  -0.887976E-14  -0.105063E-12   0.182489E-09   0.285955E+00  -0.212696E-14  -0.992382E-13  -0.627686E-10   0.276176E+00   0.467736E-14   0.354008E-13   0.844891E-10   0.246389E-02   0.100047E-14
    6.122  -0.325727E-02  -0.420558E-15   0.261213E-13  -0.525143E-10   0.246542E+00  -0.617612E-14  -0.829491E-13   0.173651E-09   0.285296E+00  -0.207472E-14  -0.805784E-13  -0.790579E-10   0.278200E+00   0.279929E-14   0.279384E-13   0.908372E-10   0.233850E-02   0.279804E-15
    6.531  -0.309922E-02   0.525893E-15   0.225423E-13  -0.672234E-10   0.250496E+00  -0.101004E-13  -0.653978E-13   0.167678E-09   0.284694E+00  -0.176542E-14  -0.648411E-13  -0.923427E-10   0.279684E+00   0.856751E-14   0.237810E-13   0.960510E-10   0.221827E-02  -0.108636E-14
    6.939  -0.293578E-02  -0.411945E-15   0.181531E-13  -0.786613E-10   0.253827E+00  -0.383801E-14  -0.516922E-13   0.163731E-09   0.284166E+00  -0.177433E-14  -0.520938E-13  -0.103190E-09   0.280751E+00   0.212732E-14   0.190633E-13   0.100390E-09   0.209369E-02   0.206570E-15
    7.347  -0.278545E-02  -0.104291E-14   0.143385E-13  -0.876428E-10   0.256637E+00  -0.368188E-15  -0.408498E-13   0.161222E-09   0.283723E+00  -0.143013E-14  -0.416402E-13  -0.112082E-09   0.281496E+00  -0.923458E-15   0.150488E-13   0.104051E-09   0.195601E-02   0.356205E-15
    7.755  -0.266340E-02  -0.414729E-15   0.116556E-13  -0.947710E-10   0.259006E+00  -0.428171E-14  -0.328925E-13   0.159735E-09   0.283365E+00  -0.102830E-14  -0.338313E-13  -0.119411E-09   0.281992E+00   0.368780E-14   0.121577E-13   0.107186E-09   0.179688E-02  -0.519921E-15
    8.163  -0.258262E-02   0.464095E-15   0.101677E-13  -0.100499E-09   0.261000E+00  -0.720371E-14  -0.262534E-13   0.158973E-09   0.283094E+00  -0.103911E-14  -0.272222E-13  -0.125498E-09   0.282292E+00   0.561177E-14   0.105284E-13   0.109909E-09   0.160804E-02  -0.263145E-15
    8.571  -0.255453E-02  -0.156699E-15   0.748232E-14  -0.105166E-09   0.262672E+00  -0.255779E-14  -0.206690E-13   0.158734E-09   0.282909E+00  -0.652160E-15  -0.215465E-13  -0.130603E-09   0.282437E+00   0.142418E-14   0.772499E-14   0.112314E-09   0.138093E-02   0.329728E-15
    8.980  -0.259023E-02   0.221610E-15   0.603361E-14  -0.109034E-09   0.264063E+00  -0.303906E-14  -0.159825E-13   0.158873E-09   0.282809E+00  -0.455107E-15  -0.167555E-13  -0.134934E-09   0.282456E+00   0.216241E-14   0.617303E-14   0.114474E-09   0.110616E-02   0.615225E-16
    9.388  -0.270147E-02  -0.274846E-15   0.568467E-14  -0.112297E-09   0.265206E+00   0.205151E-14  -0.132642E-13   0.159290E-09   0.282794E+00  -0.173730E-15  -0.139114E-13  -0.138657E-09   0.282370E+00  -0.265386E-14   0.587767E-14   0.116448E-09   0.772845E-03   0.539107E-15
    9.796  -0.290164E-02  -0.567729E-15   0.392350E-14  -0.115109E-09   0.266123E+00   0.371148E-14  -0.111004E-13   0.159919E-09   0.282865E+00  -0.751204E-16  -0.116280E-13  -0.141907E-09   0.282191E+00  -0.423893E-14   0.396854E-14   0.118284E-09   0.367952E-03   0.846985E-15
   10.204  -0.320601E-02   0.368941E-15   0.280934E-14  -0.117587E-09   0.266833E+00  -0.469404E-14  -0.877691E-14   0.160715E-09   0.283028E+00   0.148928E-15  -0.922969E-14  -0.144791E-09   0.281926E+00   0.469043E-14   0.287500E-14   0.120023E-09  -0.124007E-03  -0.529264E-15
   10.612  -0.363315E-02   0.321035E-15   0.291193E-14  -0.119827E-09   0.267346E+00  -0.424380E-14  -0.592919E-14   0.161654E-09   0.283287E+00   0.218794E-15  -0.630008E-14  -0.147399E-09   0.281577E+00   0.457708E-14   0.294427E-14   0.121704E-09  -0.721943E-03  -0.579396E-15
   11.020  -0.420593E-02  -0.510851E-15   0.251775E-14  -0.121903E-09   0.267666E+00   0.165459E-14  -0.545063E-14   0.162717E-09   0.283650E+00   0.435756E-15  -0.575815E-14  -0.149802E-09   0.281139E+00  -0.405720E-15   0.253671E-14   0.123356E-09  -0.144915E-02   0.177613E-15
   11.429  -0.495149E-02  -0.635148E-15   0.186103E-14  -0.123877E-09   0.267791E+00   0.321065E-14  -0.371929E-14   0.163901E-09   0.284129E+00   0.588413E-15  -0.397128E-14  -0.152065E-09   0.280604E+00  -0.209527E-14   0.185358E-14   0.125007E-09  -0.233347E-02   0.567027E-15
   11.837  -0.590276E-02   0.100687E-14   0.143094E-14  -0.125799E-09   0.267715E+00  -0.650789E-14  -0.325469E-14   0.165205E-09   0.284735E+00   0.627769E-15  -0.343536E-14  -0.154235E-09   0.279957E+00   0.793102E-14   0.139690E-14   0.126684E-09  -0.340841E-02  -0.964543E-15
   12.245  -0.709970E-02   0.397980E-15   0.936390E-15  -0.127712E-09   0.267424E+00  -0.426038E-15  -0.232011E-14   0.166635E-09   0.285485E+00   0.921206E-15  -0.247930E-14  -0.156360E-09   0.279180E+00   0.156403E-14   0.944461E-15   0.128408E-09  -0.471458E-02   0.996698E-16
   12.653  -0.859079E-02  -0.173628E-14   0.121356E-14  -0.129652E-09   0.266898E+00   0.987740E-14  -0.172184E-14   0.168199E-09   0.286394E+00   0.928734E-15  -0.183987E-14  -0.158478E-09   0.278247E+00  -0.798476E-14   0.119192E-14   0.130204E-09  -0.630091E-02   0.135424E-14
   13.061  -0.104317E-01   0.983214E-15   0.577003E-15  -0.131650E-09   0.266110E+00  -0.437460E-14  -0.185971E-14   0.169907E-09   0.287483E+00   0.102757E-14  -0.194976E-14  -0.160622E-09   0.277125E+00   0.655309E-14   0.595122E-15   0.132090E-09  -0.822399E-02  -0.111132E-14
   13.469  -0.126885E-01   0.348692E-16   0.248114E-15  -0.133732E-09   0.265025E+00  -0.518593E-15  -0.138604E-14   0.171769E-09   0.288770E+00   0.110457E-14  -0.147005E-14  -0.162822E-09   0.275772E+00   0.273723E-14   0.277598E-15   0.134082E-09  -0.105507E-01  -0.276836E-15
   13.878  -0.154361E-01   0.969540E-16   0.219321E-15  -0.135919E-09   0.263602E+00   0.300885E-15  -0.227650E-15   0.173794E-09   0.290276E+00   0.122371E-14  -0.283415E-15  -0.165107E-09   0.274141E+00   0.165741E-14   0.241428E-15   0.136195E-09  -0.133570E-01  -0.145698E-15
   14.286  -0.187615E-01  -0.354725E-15   0.318213E-15  -0.138231E-09   0.261788E+00   0.314072E-14  -0.904380E-15   0.175994E-09   0.292019E+00   0.130378E-14  -0.933848E-15  -0.167501E-09   0.272169E+00  -0.152169E-14   0.401218E-15   0.138443E-09  -0.167310E-01   0.525230E-15
   14.694  -0.227566E-01   0.129950E-15   0.214921E-15  -0.140673E-09   0.259525E+00   0.834571E-15  -0.467641E-15   0.178368E-09   0.294012E+00   0.130467E-14  -0.506204E-15  -0.170022E-09   0.269786E+00   0.992289E-15   0.237988E-15   0.140828E-09  -0.207665E-01  -0.516997E-16
   15.102  -0.275291E-01  -0.123835E-14  -0.302627E-15  -0.143251E-09   0.256739E+00   0.498323E-14   0.926927E-16   0.180921E-09   0.296261E+00   0.131078E-14   0.652188E-16  -0.172688E-09   0.266905E+00  -0.235943E-14  -0.335628E-15   0.143350E-09  -0.255729E-01   0.357347E-15
   15.510  -0.331794E-01   0.423627E-15  -0.874147E-15  -0.145958E-09   0.253356E+00  -0.327567E-14   0.150581E-15   0.183637E-09   0.298764E+00   0.137999E-14   0.134512E-15  -0.175505E-09   0.263429E+00   0.531774E-14  -0.856735E-15   0.146001E-09  -0.312545E-01  -0.806963E-15
   15.918  -0.398083E-01   0.318200E-15  -0.173215E-15  -0.148778E-09   0.249289E+00  -0.643688E-14   0.905117E-16   0.186494E-09   0.301501E+00   0.141121E-14   0.710743E-16  -0.178472E-09   0.259249E+00   0.889049E-14  -0.186048E-15   0.148760E-09  -0.379159E-01  -0.118067E-14
   16.327  -0.475160E-01  -0.821664E-15  -0.104359E-15  -0.151676E-09   0.244449E+00   0.121216E-14  -0.166518E-16   0.189455E-09   0.304434E+00   0.153178E-14  -0.189235E-16  -0.181580E-09   0.254244E+00   0.127270E-14  -0.820412E-16   0.151592E-09  -0.456618E-01  -0.340252E-16
   16.735  -0.563661E-01  -0.628542E-15  -0.245618E-15  -0.154603E-09   0.238755E+00   0.165634E-15  -0.513180E-16   0.192466E-09   0.307498E+00   0.166188E-14  -0.471723E-16  -0.184803E-09   0.248298E+00   0.254977E-14  -0.219752E-15   0.154448E-09  -0.545624E-01  -0.487939E-15
   17.143  -0.664065E-01  -0.571605E-15  -0.465131E-15  -0.157497E-09   0.232132E+00  -0.100926E-14  -0.828104E-17   0.195459E-09   0.310605E+00   0.160049E-14   0.360824E-17  -0.188109E-09   0.241292E+00   0.422902E-14  -0.428054E-15   0.157265E-09  -0.646718E-01  -0.107828E-14
   17.551  -0.776320E-01   0.127865E-15  -0.303790E-15  -0.160272E-09   0.224528E+00  -0.227815E-14  -0.135787E-16   0.198346E-09   0.313637E+00   0.161234E-14  -0.855473E-17  -0.191442E-09   0.233133E+00   0.489243E-14  -0.294355E-15   0.159958E-09  -0.759918E-01  -0.127892E-14
   17.959  -0.899846E-01  -0.218018E-14  -0.517220E-15  -0.162833E-09   0.215931E+00   0.110488E-13   0.469193E-16   0.201028E-09   0.316450E+00   0.161919E-14   0.567429E-16  -0.194739E-09   0.223764E+00  -0.853311E-14  -0.526175E-15   0.162436E-09  -0.884712E-01   0.981726E-15
   18.367  -0.103341E+00  -0.622223E-15  -0.963490E-15  -0.165065E-09   0.206385E+00   0.201187E-14  -0.303593E-16   0.203410E-09   0.318882E+00   0.168014E-14  -0.297245E-16  -0.197934E-09   0.213189E+00   0.391307E-15  -0.982281E-15   0.164587E-09  -0.101992E+00  -0.777960E-15
   18.776  -0.117523E+00  -0.341123E-15  -0.722599E-15  -0.166865E-09   0.196007E+00  -0.413213E-15  -0.100043E-15   0.205420E-09   0.320767E+00   0.161559E-14  -0.979957E-16  -0.200975E-09   0.201496E+00   0.216283E-14  -0.714327E-15   0.166311E-09  -0.116381E+00  -0.704918E-15
   19.184  -0.132309E+00  -0.263156E-15  -0.538037E-15  -0.168126E-09   0.185016E+00  -0.189879E-14  -0.936687E-16   0.207035E-09   0.321955E+00   0.164752E-14  -0.785194E-16  -0.203851E-09   0.188891E+00   0.388312E-14  -0.519194E-15   0.167510E-09  -0.131421E+00  -0.115063E-14
   19.592  -0.147482E+00  -0.135794E-14  -0.650302E-15  -0.168778E-09   0.173784E+00   0.355362E-14  -0.142306E-15   0.208372E-09   0.322347E+00   0.164742E-14  -0.133441E-15  -0.206674E-09   0.175756E+00  -0.156901E-14  -0.649757E-15   0.168119E-09  -0.146908E+00  -0.240186E-15
   20.000  -0.162974E+00  -0.118504E-14  -0.665019E-15  -0.168822E-09   0.162974E+00  -0.274810E-15   0.143305E-16   0.209948E-09   0.322024E+00   0.164346E-14   0.377588E-16  -0.209948E-09   0.162899E+00   0.199306E-14  -0.652148E-15   0.168149E-09  -0.162899E+00  -0.492474E-15
