    0.000  -0.904038E-08   0.235890E-09  -0.350950E-09  -0.260457E-08  -0.153371E-04   0.157543E-05   0.341287E-09   0.276546E-08  -0.612457E-08   0.424277E-09  -0.157800E-05  -0.155319E-04   0.373677E-04   0.638558E-06  -0.632290E-06   0.372940E-04  -0.266298E-07   0.213023E-08
    0.152   0.172122E-01   0.530548E-07   0.289971E-07   0.768814E-02  -0.150254E-04   0.149559E-05  -0.504127E-07  -0.694414E-02   0.153102E-01  -0.833420E-07  -0.154375E-05  -0.146402E-04   0.370929E-04   0.632969E-06  -0.617961E-06   0.367741E-04   0.432989E-01   0.141665E-05
    0.303   0.360997E-01   0.127955E-06   0.627158E-07   0.149786E-01  -0.140547E-04   0.130486E-05  -0.117087E-06  -0.152238E-01   0.295754E-01  -0.186115E-06  -0.144292E-05  -0.123528E-04   0.363674E-04   0.617666E-06  -0.578534E-06   0.352206E-04   0.923840E-01   0.301694E-05
    0.455   0.540588E-01   0.214957E-06   0.990606E-07   0.213404E-01  -0.128498E-04   0.111338E-05  -0.177561E-06  -0.218428E-01   0.422417E-01  -0.227364E-06  -0.131831E-05  -0.993651E-05   0.352581E-04   0.592994E-06  -0.524616E-06   0.330643E-04   0.130707E+00   0.419184E-05
    0.606   0.710912E-01   0.309179E-06   0.133227E-06   0.266355E-01  -0.116167E-04   0.948788E-06  -0.224736E-06  -0.272646E-01   0.541337E-01  -0.197439E-06  -0.119049E-05  -0.781146E-05   0.338707E-04   0.561661E-06  -0.464363E-06   0.305579E-04   0.161410E+00   0.504633E-05
    0.758   0.871588E-01   0.408104E-06   0.160176E-06   0.309135E-01  -0.104420E-04   0.811884E-06  -0.255930E-06  -0.316837E-01   0.655219E-01  -0.106130E-06  -0.106806E-05  -0.605155E-05   0.322875E-04   0.526321E-06  -0.403801E-06   0.278754E-04   0.186250E+00   0.563837E-05
    0.909   0.102226E+00   0.507536E-06   0.179019E-06   0.342651E-01  -0.936171E-05   0.698035E-06  -0.272147E-06  -0.352105E-01   0.765690E-01   0.312900E-07  -0.954666E-06  -0.462750E-05   0.305744E-04   0.489063E-06  -0.346456E-06   0.251402E-04   0.206457E+00   0.602033E-05
    1.061   0.116289E+00   0.604493E-06   0.189602E-06   0.367883E-01  -0.838830E-05   0.602680E-06  -0.275430E-06  -0.379604E-01   0.873674E-01   0.198366E-06  -0.851529E-06  -0.348875E-05   0.287835E-04   0.451426E-06  -0.294043E-06   0.224391E-04   0.222933E+00   0.623050E-05
    1.212   0.129354E+00   0.697539E-06   0.192578E-06   0.385845E-01  -0.752178E-05   0.522202E-06  -0.267925E-06  -0.400300E-01   0.979786E-01   0.380592E-06  -0.758668E-06  -0.258586E-05   0.269603E-04   0.414528E-06  -0.247224E-06   0.198364E-04   0.236389E+00   0.630116E-05
    1.364   0.141448E+00   0.785432E-06   0.189216E-06   0.397528E-01  -0.675226E-05   0.453694E-06  -0.252150E-06  -0.415209E-01   0.108424E+00   0.566119E-06  -0.675241E-06  -0.187497E-05   0.251381E-04   0.379022E-06  -0.206039E-06   0.173772E-04   0.247405E+00   0.626299E-05
    1.515   0.152606E+00   0.867218E-06   0.181009E-06   0.403860E-01  -0.606866E-05   0.394960E-06  -0.230583E-06  -0.425253E-01   0.118705E+00   0.745895E-06  -0.600419E-06  -0.131970E-05   0.233433E-04   0.345280E-06  -0.170219E-06   0.150931E-04   0.256446E+00   0.614306E-05
    1.667   0.162861E+00   0.942077E-06   0.169364E-06   0.405700E-01  -0.546668E-05   0.344426E-06  -0.205203E-06  -0.431159E-01   0.128808E+00   0.913478E-06  -0.533732E-06  -0.890693E-06   0.216017E-04   0.313649E-06  -0.139350E-06   0.130034E-04   0.263839E+00   0.596207E-05
    1.818   0.172262E+00   0.100960E-05   0.155597E-06   0.403843E-01  -0.493340E-05   0.300723E-06  -0.177973E-06  -0.433684E-01   0.138708E+00   0.106463E-05  -0.474217E-06  -0.562938E-06   0.199281E-04   0.284185E-06  -0.112954E-06   0.111180E-04   0.269888E+00   0.573899E-05
    1.970   0.180856E+00   0.106946E-05   0.140788E-06   0.399008E-01  -0.446073E-05   0.262806E-06  -0.150374E-06  -0.433462E-01   0.148367E+00   0.119692E-05  -0.421151E-06  -0.316175E-06   0.183351E-04   0.256931E-06  -0.905446E-07   0.943857E-05   0.274816E+00   0.548822E-05
    2.121   0.188692E+00   0.112155E-05   0.125804E-06   0.391833E-01  -0.404169E-05   0.229858E-06  -0.123552E-06  -0.431033E-01   0.157748E+00   0.130934E-05  -0.373920E-06  -0.133804E-06   0.168314E-04   0.231885E-06  -0.716541E-07   0.796014E-05   0.278805E+00   0.522105E-05
    2.273   0.195824E+00   0.116607E-05   0.111315E-06   0.382892E-01  -0.366909E-05   0.201185E-06  -0.984017E-07  -0.426873E-01   0.166808E+00   0.140189E-05  -0.331917E-06  -0.211938E-08   0.154214E-04   0.208964E-06  -0.558404E-07   0.667278E-05   0.282014E+00   0.494672E-05
    2.424   0.202305E+00   0.120329E-05   0.977961E-07   0.372667E-01  -0.333654E-05   0.176191E-06  -0.755117E-07  -0.421375E-01   0.175511E+00   0.147534E-05  -0.294572E-06   0.901888E-07   0.141070E-04   0.188061E-06  -0.426988E-07   0.556292E-05   0.284573E+00   0.467213E-05
    2.576   0.208184E+00   0.123358E-05   0.855544E-07   0.361571E-01  -0.303906E-05   0.154397E-06  -0.552354E-07  -0.414863E-01   0.183821E+00   0.153092E-05  -0.261407E-06   0.152164E-06   0.128876E-04   0.169066E-06  -0.318621E-07   0.461474E-05   0.286592E+00   0.440237E-05
    2.727   0.213512E+00   0.125735E-05   0.747516E-07   0.349956E-01  -0.277203E-05   0.135370E-06  -0.377421E-07  -0.407612E-01   0.191709E+00   0.157019E-05  -0.231971E-06   0.191227E-06   0.117611E-04   0.151841E-06  -0.229983E-07   0.381138E-05   0.288162E+00   0.414107E-05
    2.879   0.218337E+00   0.127501E-05   0.654279E-07   0.338090E-01  -0.253233E-05   0.118779E-06  -0.229940E-07  -0.399820E-01   0.199155E+00   0.159484E-05  -0.205894E-06   0.213087E-06   0.107247E-04   0.136282E-06  -0.158133E-07   0.313560E-05   0.289358E+00   0.389053E-05
    3.030   0.222703E+00   0.128699E-05   0.575497E-07   0.326198E-01  -0.231639E-05   0.104288E-06  -0.108850E-07  -0.391662E-01   0.206145E+00   0.160663E-05  -0.182781E-06   0.222424E-06   0.977375E-05   0.122246E-06  -0.100453E-07   0.257078E-05   0.290247E+00   0.365240E-05
    3.182   0.226654E+00   0.129374E-05   0.510387E-07   0.314441E-01  -0.212165E-05   0.916369E-07  -0.124123E-08  -0.383270E-01   0.212675E+00   0.160729E-05  -0.162323E-06   0.222820E-06   0.890319E-05   0.109609E-06  -0.546552E-08   0.210136E-05   0.290883E+00   0.342745E-05
    3.333   0.230227E+00   0.129574E-05   0.457612E-07   0.302947E-01  -0.194541E-05   0.805814E-07   0.620239E-08  -0.374739E-01   0.218744E+00   0.159846E-05  -0.144201E-06   0.217049E-06   0.810823E-05   0.982478E-07  -0.187533E-08   0.171308E-05   0.291315E+00   0.321612E-05
    3.485   0.233460E+00   0.129340E-05   0.415813E-07   0.291805E-01  -0.178582E-05   0.709181E-07   0.116892E-07  -0.366148E-01   0.224362E+00   0.158165E-05  -0.128165E-06   0.207200E-06   0.738318E-05   0.880464E-07   0.897175E-09   0.139321E-05   0.291583E+00   0.301828E-05
    3.636   0.236384E+00   0.128715E-05   0.383529E-07   0.281069E-01  -0.164107E-05   0.624679E-07   0.154908E-07  -0.357553E-01   0.229542E+00   0.155826E-05  -0.113971E-06   0.194817E-06   0.672293E-05   0.788985E-07   0.299921E-08   0.113060E-05   0.291719E+00   0.283365E-05
    3.788   0.239030E+00   0.127736E-05   0.359329E-07   0.270771E-01  -0.150974E-05   0.550757E-07   0.178641E-07  -0.348997E-01   0.234302E+00   0.152952E-05  -0.101412E-06   0.181041E-06   0.612225E-05   0.707053E-07   0.455503E-08   0.915576E-06   0.291752E+00   0.266164E-05
    3.939   0.241424E+00   0.126445E-05   0.341962E-07   0.260931E-01  -0.139016E-05   0.485997E-07   0.190294E-07  -0.340512E-01   0.238662E+00   0.149653E-05  -0.902842E-07   0.166722E-06   0.557598E-05   0.633661E-07   0.566975E-08   0.739944E-06   0.291707E+00   0.250170E-05
    4.091   0.243590E+00   0.124877E-05   0.330118E-07   0.251546E-01  -0.128138E-05   0.429224E-07   0.192241E-07  -0.332122E-01   0.242647E+00   0.146025E-05  -0.804297E-07   0.152417E-06   0.507953E-05   0.567977E-07   0.643117E-08   0.596749E-06   0.291602E+00   0.235309E-05
    4.242   0.245550E+00   0.123064E-05   0.322684E-07   0.242613E-01  -0.118223E-05   0.379411E-07   0.186466E-07  -0.323847E-01   0.246280E+00   0.142150E-05  -0.716937E-07   0.138522E-06   0.462858E-05   0.509229E-07   0.691199E-08   0.480189E-06   0.291455E+00   0.221507E-05
    4.394   0.247321E+00   0.121040E-05   0.318734E-07   0.234117E-01  -0.109185E-05   0.335678E-07   0.174627E-07  -0.315699E-01   0.249586E+00   0.138097E-05  -0.639489E-07   0.125283E-06   0.421903E-05   0.456704E-07   0.717220E-08   0.385424E-06   0.291279E+00   0.208691E-05
    4.545   0.248921E+00   0.118835E-05   0.317488E-07   0.226040E-01  -0.100930E-05   0.297228E-07   0.158143E-07  -0.307690E-01   0.252591E+00   0.133926E-05  -0.570760E-07   0.112863E-06   0.384704E-05   0.409732E-07   0.726104E-08   0.308461E-06   0.291085E+00   0.196789E-05
    4.697   0.250365E+00   0.116476E-05   0.318247E-07   0.218363E-01  -0.933810E-06   0.263370E-07   0.138265E-07  -0.299831E-01   0.255318E+00   0.129687E-05  -0.509678E-07   0.101347E-06   0.350903E-05   0.367711E-07   0.721854E-08   0.246016E-06   0.290884E+00   0.185732E-05
    4.848   0.251662E+00   0.113988E-05   0.320410E-07   0.211065E-01  -0.864853E-06   0.233574E-07   0.116129E-07  -0.292131E-01   0.257793E+00   0.125420E-05  -0.455457E-07   0.907457E-07   0.320219E-05   0.330175E-07   0.707696E-08   0.195401E-06   0.290681E+00   0.175452E-05
    5.000   0.252826E+00   0.111393E-05   0.323493E-07   0.204126E-01  -0.801760E-06   0.207307E-07   0.925888E-08  -0.284597E-01   0.260036E+00   0.121160E-05  -0.407252E-07   0.810611E-07   0.292346E-05   0.296623E-07   0.686248E-08   0.154409E-06   0.290484E+00   0.165887E-05
    5.152   0.253865E+00   0.108714E-05   0.327101E-07   0.197526E-01  -0.743980E-06   0.184128E-07   0.683549E-08  -0.277235E-01   0.262070E+00   0.116932E-05  -0.364354E-07   0.722629E-07   0.267022E-05   0.266625E-07   0.659575E-08   0.121242E-06   0.290298E+00   0.156981E-05
    5.303   0.254786E+00   0.105968E-05   0.330918E-07   0.191252E-01  -0.691026E-06   0.163653E-07   0.440239E-08  -0.270055E-01   0.263914E+00   0.112760E-05  -0.326149E-07   0.643070E-07   0.244007E-05   0.239801E-07   0.629328E-08   0.944357E-07   0.290126E+00   0.148679E-05
    5.455   0.255598E+00   0.103173E-05   0.334692E-07   0.185282E-01  -0.642462E-06   0.145551E-07   0.200433E-08  -0.263059E-01   0.265587E+00   0.108661E-05  -0.292096E-07   0.571384E-07   0.223087E-05   0.215812E-07   0.596801E-08   0.727995E-07   0.289973E+00   0.140932E-05
    5.606   0.256304E+00   0.100344E-05   0.338229E-07   0.179602E-01  -0.597889E-06   0.129534E-07  -0.322536E-09  -0.256252E-01   0.267105E+00   0.104648E-05  -0.261721E-07   0.506993E-07   0.204064E-05   0.194351E-07   0.563006E-08   0.553622E-07   0.289839E+00   0.133696E-05
    5.758   0.256911E+00   0.974941E-06   0.341376E-07   0.174198E-01  -0.556952E-06   0.115348E-07  -0.254987E-08  -0.249641E-01   0.268484E+00   0.100731E-05  -0.234603E-07   0.449304E-07   0.186761E-05   0.175148E-07   0.528722E-08   0.413360E-07   0.289729E+00   0.126929E-05
    5.909   0.257421E+00   0.946357E-06   0.344019E-07   0.169055E-01  -0.519327E-06   0.102775E-07  -0.465758E-08  -0.243227E-01   0.269740E+00   0.969190E-06  -0.210375E-07   0.397728E-07   0.171016E-05   0.157959E-07   0.494544E-08   0.300776E-07   0.289642E+00   0.120593E-05
    6.061   0.257838E+00   0.917791E-06   0.346077E-07   0.164163E-01  -0.484724E-06   0.916226E-08  -0.663076E-08  -0.237016E-01   0.270885E+00   0.932160E-06  -0.188712E-07   0.351703E-07   0.156686E-05   0.142567E-07   0.460921E-08   0.210677E-07   0.289582E+00   0.114655E-05
    6.212   0.258164E+00   0.889340E-06   0.347497E-07   0.159510E-01  -0.452878E-06   0.817233E-08  -0.846010E-08  -0.231007E-01   0.271932E+00   0.896262E-06  -0.169328E-07   0.310688E-07   0.143637E-05   0.128782E-07   0.428182E-08   0.138823E-07   0.289548E+00   0.109082E-05
    6.364   0.258400E+00   0.861081E-06   0.348241E-07   0.155087E-01  -0.423550E-06   0.729302E-08  -0.101387E-07  -0.225205E-01   0.272892E+00   0.861518E-06  -0.151970E-07   0.274190E-07   0.131751E-05   0.116429E-07   0.396558E-08   0.817571E-08   0.289542E+00   0.103846E-05
    6.515   0.258548E+00   0.833088E-06   0.348295E-07   0.150886E-01  -0.396521E-06   0.651144E-08  -0.116648E-07  -0.219610E-01   0.273775E+00   0.827937E-06  -0.136415E-07   0.241748E-07   0.120920E-05   0.105356E-07   0.366212E-08   0.366819E-08   0.289565E+00   0.989219E-06
    6.667   0.258608E+00   0.805421E-06   0.347657E-07   0.146894E-01  -0.371596E-06   0.581631E-08  -0.130387E-07  -0.214222E-01   0.274591E+00   0.795519E-06  -0.122466E-07   0.212943E-07   0.111047E-05   0.954255E-08   0.337247E-08   0.132272E-09   0.289617E+00   0.942860E-06
    6.818   0.258579E+00   0.778132E-06   0.346331E-07   0.143108E-01  -0.348593E-06   0.519768E-08  -0.142615E-07  -0.209042E-01   0.275348E+00   0.764256E-06  -0.109947E-07   0.187389E-07   0.102042E-05   0.865159E-08   0.309720E-08  -0.261803E-08   0.289699E+00   0.899170E-06
    6.970   0.258460E+00   0.751264E-06   0.344328E-07   0.139518E-01  -0.327351E-06   0.464683E-08  -0.153358E-07  -0.204072E-01   0.276056E+00   0.734137E-06  -0.987047E-08   0.164734E-07   0.938273E-06   0.785190E-08   0.283653E-08  -0.473446E-08   0.289812E+00   0.857955E-06
    7.121   0.258252E+00   0.724855E-06   0.341673E-07   0.136119E-01  -0.307721E-06   0.415606E-08  -0.162669E-07  -0.199308E-01   0.276721E+00   0.705141E-06  -0.886010E-08   0.144665E-07   0.863290E-06   0.713375E-08   0.259042E-08  -0.633957E-08   0.289956E+00   0.819038E-06
    7.273   0.257951E+00   0.698937E-06   0.338395E-07   0.132904E-01  -0.289569E-06   0.371859E-08  -0.170607E-07  -0.194749E-01   0.277349E+00   0.677247E-06  -0.795145E-08   0.126898E-07   0.794819E-06   0.648851E-08   0.235864E-08  -0.753261E-08   0.290131E+00   0.782259E-06
    7.424   0.257556E+00   0.673535E-06   0.334518E-07   0.129864E-01  -0.272772E-06   0.332842E-08  -0.177228E-07  -0.190392E-01   0.277949E+00   0.650429E-06  -0.713371E-08   0.111178E-07   0.732269E-06   0.590846E-08   0.214082E-08  -0.839550E-08   0.290339E+00   0.747472E-06
    7.576   0.257065E+00   0.648668E-06   0.330077E-07   0.126996E-01  -0.257217E-06   0.298027E-08  -0.182596E-07  -0.186236E-01   0.278524E+00   0.624662E-06  -0.639729E-08   0.972786E-08   0.675099E-06   0.538676E-08   0.193647E-08  -0.899430E-08   0.290580E+00   0.714545E-06
    7.727   0.256473E+00   0.624353E-06   0.325106E-07   0.124292E-01  -0.242803E-06   0.266947E-08  -0.186782E-07  -0.182277E-01   0.279081E+00   0.599917E-06  -0.573368E-08   0.849929E-08   0.622824E-06   0.491728E-08   0.174504E-08  -0.938256E-08   0.290855E+00   0.683354E-06
    7.879   0.255777E+00   0.600602E-06   0.319638E-07   0.121748E-01  -0.229436E-06   0.239190E-08  -0.189850E-07  -0.178511E-01   0.279626E+00   0.576164E-06  -0.513526E-08   0.741389E-08   0.575000E-06   0.449450E-08   0.156592E-08  -0.960442E-08   0.291163E+00   0.653788E-06
    8.030   0.254976E+00   0.577425E-06   0.313712E-07   0.119354E-01  -0.217032E-06   0.214387E-08  -0.191887E-07  -0.174930E-01   0.280162E+00   0.553373E-06  -0.459526E-08   0.645531E-08   0.531227E-06   0.411353E-08   0.139850E-08  -0.969435E-08   0.291506E+00   0.625746E-06
    8.182   0.254062E+00   0.554825E-06   0.307360E-07   0.117108E-01  -0.205513E-06   0.192215E-08  -0.192944E-07  -0.171533E-01   0.280695E+00   0.531516E-06  -0.410768E-08   0.560924E-08   0.491139E-06   0.377002E-08   0.124214E-08  -0.968182E-08   0.291884E+00   0.599133E-06
    8.333   0.253033E+00   0.532806E-06   0.300617E-07   0.115001E-01  -0.194808E-06   0.172386E-08  -0.193098E-07  -0.168314E-01   0.281229E+00   0.510561E-06  -0.366714E-08   0.486266E-08   0.454406E-06   0.346008E-08   0.109621E-08  -0.958969E-08   0.292298E+00   0.573865E-06
    8.485   0.251882E+00   0.511366E-06   0.293516E-07   0.113029E-01  -0.184854E-06   0.154642E-08  -0.192408E-07  -0.165266E-01   0.281767E+00   0.490480E-06  -0.326881E-08   0.420432E-08   0.420726E-06   0.318023E-08   0.960088E-09  -0.943709E-08   0.292748E+00   0.549863E-06
    8.636   0.250604E+00   0.490506E-06   0.286090E-07   0.111185E-01  -0.175589E-06   0.138758E-08  -0.190944E-07  -0.162384E-01   0.282314E+00   0.471243E-06  -0.290843E-08   0.362383E-08   0.389828E-06   0.292730E-08   0.833170E-09  -0.923884E-08   0.293236E+00   0.527053E-06
    8.788   0.249193E+00   0.470221E-06   0.278374E-07   0.109462E-01  -0.166961E-06   0.124532E-08  -0.188768E-07  -0.159658E-01   0.282873E+00   0.452821E-06  -0.258216E-08   0.311217E-08   0.361463E-06   0.269852E-08   0.714872E-09  -0.900713E-08   0.293760E+00   0.505367E-06
    8.939   0.247643E+00   0.450507E-06   0.270397E-07   0.107852E-01  -0.158920E-06   0.111784E-08  -0.185943E-07  -0.157082E-01   0.283448E+00   0.435186E-06  -0.228659E-08   0.266145E-08   0.335406E-06   0.249140E-08   0.604636E-09  -0.875141E-08   0.294323E+00   0.484745E-06
    9.091   0.245946E+00   0.431355E-06   0.262189E-07   0.106350E-01  -0.151421E-06   0.100354E-08  -0.182521E-07  -0.154649E-01   0.284043E+00   0.418311E-06  -0.201864E-08   0.226460E-08   0.311451E-06   0.230370E-08   0.501929E-09  -0.847960E-08   0.294924E+00   0.465130E-06
    9.242   0.244095E+00   0.412757E-06   0.253778E-07   0.104950E-01  -0.144422E-06   0.901014E-09  -0.178554E-07  -0.152350E-01   0.284659E+00   0.402170E-06  -0.177559E-08   0.191531E-08   0.289412E-06   0.213342E-08   0.406244E-09  -0.819787E-08   0.295565E+00   0.446468E-06
    9.394   0.242082E+00   0.394705E-06   0.245192E-07   0.103642E-01  -0.137886E-06   0.808985E-09  -0.174099E-07  -0.150175E-01   0.285301E+00   0.386738E-06  -0.155497E-08   0.160804E-08   0.269119E-06   0.197876E-08   0.317104E-09  -0.791089E-08   0.296244E+00   0.428709E-06
    9.545   0.239899E+00   0.377189E-06   0.236462E-07   0.102418E-01  -0.131778E-06   0.726326E-09  -0.169211E-07  -0.148113E-01   0.285971E+00   0.371987E-06  -0.135458E-08   0.133784E-08   0.250417E-06   0.183811E-08   0.234061E-09  -0.762226E-08   0.296963E+00   0.411808E-06
    9.697   0.237538E+00   0.360198E-06   0.227612E-07   0.101271E-01  -0.126066E-06   0.652035E-09  -0.163931E-07  -0.146155E-01   0.286672E+00   0.357895E-06  -0.117245E-08   0.110038E-08   0.233166E-06   0.171002E-08   0.156689E-09  -0.733493E-08   0.297721E+00   0.395723E-06
    9.848   0.234991E+00   0.343724E-06   0.218673E-07   0.100188E-01  -0.120721E-06   0.585216E-09  -0.158320E-07  -0.144283E-01   0.287404E+00   0.344438E-06  -0.100680E-08   0.891762E-09   0.217236E-06   0.159316E-08   0.845967E-10  -0.705072E-08   0.298517E+00   0.380413E-06
   10.000   0.232246E+00   0.327750E-06   0.209664E-07   0.991628E-02  -0.115716E-06   0.525066E-09  -0.152405E-07  -0.142492E-01   0.288173E+00   0.331594E-06  -0.856059E-09   0.708733E-09   0.202510E-06   0.148640E-08   0.174107E-10  -0.677161E-08   0.299353E+00   0.365842E-06
   10.152   0.229296E+00   0.312267E-06   0.200614E-07   0.981831E-02  -0.111027E-06   0.470875E-09  -0.146241E-07  -0.140763E-01   0.288978E+00   0.319340E-06  -0.718789E-09   0.548231E-09   0.188881E-06   0.138866E-08  -0.452109E-10  -0.649849E-08   0.300227E+00   0.351975E-06
   10.303   0.226131E+00   0.297263E-06   0.191547E-07   0.972383E-02  -0.106632E-06   0.422008E-09  -0.139868E-07  -0.139083E-01   0.289821E+00   0.307657E-06  -0.593715E-09   0.407639E-09   0.176253E-06   0.129901E-08  -0.103592E-09  -0.623208E-08   0.301137E+00   0.338779E-06
   10.455   0.222742E+00   0.282726E-06   0.182489E-07   0.963154E-02  -0.102509E-06   0.377901E-09  -0.133329E-07  -0.137433E-01   0.290703E+00   0.296523E-06  -0.479685E-09   0.284563E-09   0.164536E-06   0.121659E-08  -0.158030E-09  -0.597279E-08   0.302084E+00   0.326225E-06
   10.606   0.219118E+00   0.268641E-06   0.173461E-07   0.954035E-02  -0.986415E-07   0.338045E-09  -0.126658E-07  -0.135802E-01   0.291627E+00   0.285920E-06  -0.375666E-09   0.177066E-09   0.153648E-06   0.114063E-08  -0.208807E-09  -0.572093E-08   0.303065E+00   0.314285E-06
   10.758   0.215252E+00   0.254998E-06   0.164491E-07   0.944863E-02  -0.950108E-07   0.301991E-09  -0.119902E-07  -0.134165E-01   0.292590E+00   0.275829E-06  -0.280728E-09   0.832967E-10   0.143516E-06   0.107044E-08  -0.256173E-09  -0.547639E-08   0.304078E+00   0.302932E-06
   10.909   0.211133E+00   0.241784E-06   0.155597E-07   0.935507E-02  -0.916016E-07   0.269340E-09  -0.113090E-07  -0.132506E-01   0.293595E+00   0.266233E-06  -0.194037E-09   0.164696E-11   0.134072E-06   0.100539E-08  -0.300371E-09  -0.523927E-08   0.305121E+00   0.292141E-06
   11.061   0.206751E+00   0.228983E-06   0.146801E-07   0.925837E-02  -0.883996E-07   0.239733E-09  -0.106254E-07  -0.130807E-01   0.294642E+00   0.257116E-06  -0.114838E-09  -0.691899E-10   0.125253E-06   0.944908E-09  -0.341625E-09  -0.500940E-08   0.306191E+00   0.281890E-06
   11.212   0.202096E+00   0.216581E-06   0.138122E-07   0.915687E-02  -0.853917E-07   0.212852E-09  -0.994247E-08  -0.129047E-01   0.295729E+00   0.248463E-06  -0.424576E-10  -0.130439E-09   0.117003E-06   0.888493E-09  -0.380137E-09  -0.478657E-08   0.307286E+00   0.272157E-06
   11.364   0.197160E+00   0.204568E-06   0.129586E-07   0.904884E-02  -0.825661E-07   0.188416E-09  -0.926408E-08  -0.127202E-01   0.296857E+00   0.240258E-06   0.237138E-10  -0.183149E-09   0.109269E-06   0.835675E-09  -0.416094E-09  -0.457042E-08   0.308401E+00   0.262923E-06
   11.515   0.191938E+00   0.192931E-06   0.121214E-07   0.893249E-02  -0.799119E-07   0.166175E-09  -0.859342E-08  -0.125249E-01   0.298021E+00   0.232485E-06   0.842214E-10  -0.228249E-09   0.102005E-06   0.786038E-09  -0.449667E-09  -0.436061E-08   0.309532E+00   0.254168E-06
   11.667   0.186423E+00   0.181659E-06   0.113028E-07   0.880593E-02  -0.774191E-07   0.145910E-09  -0.793381E-08  -0.123162E-01   0.299221E+00   0.225133E-06   0.139556E-09  -0.266579E-09   0.951678E-07   0.739197E-09  -0.481017E-09  -0.415679E-08   0.310673E+00   0.245875E-06
   11.818   0.180608E+00   0.170735E-06   0.105048E-07   0.866736E-02  -0.750789E-07   0.127423E-09  -0.728779E-08  -0.120918E-01   0.300454E+00   0.218189E-06   0.190162E-09  -0.298750E-09   0.887163E-07   0.694817E-09  -0.510288E-09  -0.395870E-08   0.311821E+00   0.238029E-06
   11.970   0.174490E+00   0.160151E-06   0.972913E-08   0.851481E-02  -0.728830E-07   0.110544E-09  -0.665799E-08  -0.118491E-01   0.301716E+00   0.211640E-06   0.236434E-09  -0.325440E-09   0.826154E-07   0.652586E-09  -0.537614E-09  -0.376611E-08   0.312969E+00   0.230614E-06
   12.121   0.168065E+00   0.149890E-06   0.897750E-08   0.834647E-02  -0.708241E-07   0.951253E-10  -0.604680E-08  -0.115859E-01   0.303005E+00   0.205477E-06   0.278730E-09  -0.347155E-09   0.768319E-07   0.612224E-09  -0.563120E-09  -0.357879E-08   0.314110E+00   0.223616E-06
   12.273   0.161327E+00   0.139939E-06   0.825159E-08   0.816046E-02  -0.688956E-07   0.810314E-10  -0.545631E-08  -0.112995E-01   0.304318E+00   0.199691E-06   0.317370E-09  -0.364297E-09   0.713355E-07   0.573487E-09  -0.586916E-09  -0.339656E-08   0.315237E+00   0.217024E-06
   12.424   0.154283E+00   0.130288E-06   0.755341E-08   0.795459E-02  -0.670916E-07   0.681511E-10  -0.488958E-08  -0.109874E-01   0.305648E+00   0.194271E-06   0.352639E-09  -0.377307E-09   0.660988E-07   0.536148E-09  -0.609100E-09  -0.321919E-08   0.316344E+00   0.210826E-06
   12.576   0.146934E+00   0.120924E-06   0.688450E-08   0.772688E-02  -0.654066E-07   0.563850E-10  -0.434832E-08  -0.106469E-01   0.306991E+00   0.189208E-06   0.384794E-09  -0.386504E-09   0.610970E-07   0.500012E-09  -0.629765E-09  -0.304666E-08   0.317421E+00   0.205010E-06
   12.727   0.139285E+00   0.111836E-06   0.624633E-08   0.747548E-02  -0.638359E-07   0.456485E-10  -0.383474E-08  -0.102758E-01   0.308343E+00   0.184495E-06   0.414064E-09  -0.392187E-09   0.563071E-07   0.464901E-09  -0.648992E-09  -0.287891E-08   0.318461E+00   0.199568E-06
   12.879   0.131338E+00   0.103006E-06   0.563984E-08   0.719883E-02  -0.623752E-07   0.358697E-10  -0.334976E-08  -0.987212E-02   0.309700E+00   0.180127E-06   0.440654E-09  -0.394622E-09   0.517090E-07   0.430667E-09  -0.666863E-09  -0.271609E-08   0.319456E+00   0.194490E-06
   13.030   0.123110E+00   0.944262E-07   0.506651E-08   0.689478E-02  -0.610206E-07   0.269871E-10  -0.289532E-08  -0.943329E-02   0.311055E+00   0.176096E-06   0.464745E-09  -0.394057E-09   0.472842E-07   0.397175E-09  -0.683438E-09  -0.255828E-08   0.320396E+00   0.189768E-06
   13.182   0.114608E+00   0.860825E-07   0.452722E-08   0.656197E-02  -0.597687E-07   0.189487E-10  -0.247241E-08  -0.895765E-02   0.312405E+00   0.172398E-06   0.486496E-09  -0.390718E-09   0.430161E-07   0.364315E-09  -0.698785E-09  -0.240577E-08   0.321272E+00   0.185396E-06
   13.333   0.105849E+00   0.779616E-07   0.402283E-08   0.619898E-02  -0.586165E-07   0.117105E-10  -0.208210E-08  -0.844343E-02   0.313747E+00   0.169028E-06   0.506054E-09  -0.384830E-09   0.388896E-07   0.331992E-09  -0.712959E-09  -0.225886E-08   0.322076E+00   0.181366E-06
   13.485   0.968542E-01   0.700537E-07   0.355421E-08   0.580435E-02  -0.575613E-07   0.523629E-11  -0.172528E-08  -0.788904E-02   0.315076E+00   0.165983E-06   0.523542E-09  -0.376632E-09   0.348916E-07   0.300129E-09  -0.726012E-09  -0.211797E-08   0.322798E+00   0.177672E-06
   13.636   0.876396E-01   0.623430E-07   0.312186E-08   0.537730E-02  -0.566007E-07  -0.505954E-12  -0.140230E-08  -0.729337E-02   0.316393E+00   0.163261E-06   0.539072E-09  -0.366361E-09   0.310101E-07   0.268667E-09  -0.737998E-09  -0.198366E-08   0.323431E+00   0.174310E-06
   13.788   0.782344E-01   0.548200E-07   0.272621E-08   0.491701E-02  -0.557323E-07  -0.554122E-11  -0.111350E-08  -0.665542E-02   0.317698E+00   0.160860E-06   0.552738E-09  -0.354308E-09   0.272350E-07   0.237560E-09  -0.748965E-09  -0.185657E-08   0.323965E+00   0.171274E-06
   13.939   0.686602E-01   0.474694E-07   0.236768E-08   0.442329E-02  -0.549546E-07  -0.989346E-11  -0.858866E-09  -0.597455E-02   0.318994E+00   0.158781E-06   0.564625E-09  -0.340797E-09   0.235569E-07   0.206778E-09  -0.758965E-09  -0.173748E-08   0.324395E+00   0.168561E-06
   14.091   0.589525E-01   0.402821E-07   0.204652E-08   0.389618E-02  -0.542657E-07  -0.135823E-10  -0.638337E-09  -0.525031E-02   0.320288E+00   0.157026E-06   0.574805E-09  -0.326221E-09   0.199681E-07   0.176301E-09  -0.768051E-09  -0.162730E-08   0.324713E+00   0.166167E-06
   14.242   0.491422E-01   0.332452E-07   0.176316E-08   0.333664E-02  -0.536645E-07  -0.166268E-10  -0.451536E-09  -0.448257E-02   0.321593E+00   0.155600E-06   0.583339E-09  -0.311063E-09   0.164616E-07   0.146122E-09  -0.776285E-09  -0.152713E-08   0.324915E+00   0.164090E-06
   14.394   0.392675E-01   0.263487E-07   0.151796E-08   0.274664E-02  -0.531501E-07  -0.190448E-10  -0.297926E-09  -0.367142E-02   0.322927E+00   0.154512E-06   0.590276E-09  -0.295929E-09   0.130317E-07   0.116241E-09  -0.783742E-09  -0.143824E-08   0.324998E+00   0.162327E-06
   14.545   0.293686E-01   0.195827E-07   0.131162E-08   0.213022E-02  -0.527223E-07  -0.208545E-10  -0.176830E-09  -0.281713E-02   0.324322E+00   0.153775E-06   0.595658E-09  -0.281595E-09   0.967374E-08   0.866696E-10  -0.790519E-09  -0.136224E-08   0.324962E+00   0.160881E-06
   14.697   0.194886E-01   0.129384E-07   0.114555E-08   0.149597E-02  -0.523824E-07  -0.220759E-10  -0.874265E-10  -0.192009E-02   0.325830E+00   0.153416E-06   0.599518E-09  -0.269089E-09   0.638388E-08   0.574227E-10  -0.796757E-09  -0.130120E-08   0.324814E+00   0.159754E-06
   14.848   0.967996E-02   0.641132E-08   0.102237E-08   0.865625E-03  -0.521348E-07  -0.227331E-10  -0.288309E-10  -0.980794E-03   0.327548E+00   0.153488E-06   0.601879E-09  -0.259829E-09   0.315967E-08   0.285230E-10  -0.802693E-09  -0.125814E-08   0.324574E+00   0.158962E-06
   15.000   0.143476E-08   0.938310E-15   0.949581E-09   0.361547E-03  -0.519976E-07  -0.228688E-10   0.845580E-16  -0.149066E-09   0.329731E+00   0.154142E-06   0.602751E-09  -0.255927E-09   0.461101E-15   0.391517E-17  -0.808902E-09  -0.123924E-08   0.324312E+00   0.158554E-06
