    0.000   0.280284E+00  -0.506695E-21  -0.178861E-10  -0.836558E-22   0.140018E-09   0.548780E-21   0.831642E-11   0.000000E+00   0.280252E+00   0.000000E+00   0.815605E-09   0.000000E+00   0.182084E-11  -0.494548E-22   0.151236E-08   0.107211E-21   0.281279E+00   0.495693E-20
    0.152   0.280283E+00   0.000000E+00  -0.422472E-12   0.000000E+00   0.357142E-11   0.000000E+00  -0.850559E-12   0.000000E+00   0.280239E+00   0.000000E+00  -0.204093E-11   0.000000E+00  -0.300106E-13  -0.432846E-22  -0.874507E-10   0.285113E-21   0.281280E+00   0.874133E-20
    0.303   0.280285E+00  -0.200928E-21   0.144160E-11  -0.657771E-23   0.298592E-11  -0.122096E-21  -0.703802E-12   0.956621E-24   0.280232E+00   0.292218E-22   0.771376E-11   0.561799E-22  -0.207470E-13   0.430578E-22  -0.985307E-10   0.449441E-21   0.281283E+00   0.838073E-20
    0.455   0.280295E+00   0.579829E-23   0.108983E-11   0.571081E-24   0.112698E-12   0.274635E-22  -0.544632E-12  -0.394099E-22   0.280217E+00   0.400136E-21   0.235252E-10  -0.244191E-21  -0.227628E-13   0.372358E-22  -0.760085E-10   0.918563E-21   0.281289E+00   0.870541E-20
    0.606   0.280299E+00   0.291161E-23   0.736407E-12   0.953163E-25   0.142135E-12   0.137317E-22  -0.495468E-12   0.000000E+00   0.280200E+00   0.000000E+00   0.356471E-10   0.000000E+00  -0.943275E-14   0.780739E-22  -0.783949E-10   0.869206E-21   0.281298E+00   0.906409E-20
    0.758   0.280298E+00   0.542369E-21   0.580301E-12   0.900099E-21   0.444242E-13  -0.985201E-21  -0.463416E-12   0.000000E+00   0.280183E+00   0.000000E+00   0.450156E-10   0.000000E+00  -0.861891E-14   0.919387E-22  -0.869195E-10   0.822397E-21   0.281308E+00   0.904730E-20
    0.909   0.280293E+00   0.641600E-22   0.514759E-12  -0.210038E-23   0.245905E-13   0.685975E-22  -0.435542E-12  -0.657771E-23   0.280166E+00  -0.200928E-21   0.538551E-10  -0.122096E-21  -0.396866E-14   0.435696E-22  -0.965452E-10   0.114445E-20   0.281322E+00   0.963448E-20
    1.061   0.280286E+00   0.000000E+00   0.415383E-12   0.000000E+00   0.156039E-13   0.000000E+00  -0.413720E-12   0.000000E+00   0.280149E+00   0.000000E+00   0.622848E-10   0.000000E+00  -0.357379E-14   0.498211E-22  -0.106231E-09   0.166444E-20   0.281337E+00   0.978686E-20
    1.212   0.280274E+00  -0.128320E-21   0.390349E-12   0.420076E-23   0.108354E-13  -0.137195E-21  -0.394127E-12  -0.484176E-21   0.280133E+00   0.905830E-21   0.704111E-10  -0.109756E-20  -0.225472E-14  -0.353177E-21  -0.115793E-09   0.245671E-20   0.281355E+00   0.989835E-20
    1.364   0.280259E+00   0.000000E+00   0.371180E-12   0.000000E+00   0.100855E-13   0.000000E+00  -0.375821E-12   0.107785E-22   0.280116E+00   0.726084E-22   0.782708E-10   0.150995E-22  -0.340449E-14  -0.434957E-21  -0.125083E-09   0.336676E-20   0.281375E+00   0.101640E-19
    1.515   0.280240E+00   0.000000E+00   0.338001E-12   0.000000E+00   0.703690E-14   0.000000E+00  -0.360856E-12   0.233232E-21   0.280100E+00   0.100028E-20   0.859007E-10  -0.109756E-20  -0.237967E-14  -0.130293E-20  -0.134070E-09   0.502083E-20   0.281398E+00   0.976407E-20
    1.667   0.280218E+00   0.000000E+00   0.336408E-12   0.000000E+00   0.683702E-14   0.000000E+00  -0.345497E-12   0.225862E-21   0.280085E+00   0.295838E-21   0.933122E-10  -0.109100E-20  -0.287823E-14  -0.120089E-20  -0.142758E-09   0.598643E-20   0.281423E+00   0.963462E-20
    1.818   0.280190E+00   0.145581E-23   0.323968E-12  -0.476581E-25   0.471163E-14  -0.686587E-23  -0.332555E-12  -0.836558E-22   0.280070E+00  -0.506695E-21   0.100515E-09   0.548780E-21  -0.179642E-14  -0.165276E-20  -0.151144E-09   0.743490E-20   0.281451E+00   0.100151E-19
    1.970   0.280159E+00   0.000000E+00   0.312943E-12   0.000000E+00   0.385661E-14   0.000000E+00  -0.320203E-12   0.000000E+00   0.280055E+00   0.000000E+00   0.107514E-09   0.000000E+00  -0.157620E-14  -0.166958E-20  -0.159243E-09   0.102954E-19   0.281482E+00   0.117395E-19
    2.121   0.280123E+00   0.142164E-20   0.302360E-12   0.149987E-20   0.330794E-14   0.227751E-20  -0.308779E-12   0.000000E+00   0.280041E+00   0.000000E+00   0.114311E-09   0.000000E+00  -0.147043E-14  -0.219097E-20  -0.167057E-09   0.129413E-19   0.281516E+00   0.132807E-19
    2.273   0.280081E+00   0.000000E+00   0.293475E-12   0.000000E+00   0.311230E-14   0.000000E+00  -0.297644E-12   0.835199E-23   0.280027E+00   0.255127E-21   0.120913E-09  -0.714490E-22  -0.148165E-14  -0.153403E-20  -0.174592E-09   0.193146E-19   0.281552E+00   0.164399E-19
    2.424   0.280034E+00   0.000000E+00   0.283818E-12   0.000000E+00   0.287426E-14   0.000000E+00  -0.286744E-12   0.420076E-23   0.280014E+00   0.128320E-21   0.127326E-09  -0.137195E-21  -0.155751E-14  -0.184114E-20  -0.181862E-09   0.293559E-19   0.281592E+00   0.183801E-19
    2.576   0.279982E+00   0.223018E-22   0.272435E-12  -0.676519E-23   0.244460E-14  -0.109854E-21  -0.276991E-12   0.373084E-22   0.280003E+00   0.132327E-21   0.133558E-09   0.280756E-21  -0.140386E-14  -0.118399E-20  -0.188877E-09   0.430770E-19   0.281636E+00   0.192804E-19
    2.727   0.279923E+00   0.466180E-21   0.260036E-12  -0.904300E-21   0.207610E-14  -0.168289E-20  -0.267235E-12  -0.135619E-22   0.279991E+00   0.755682E-22   0.139611E-09  -0.223467E-21  -0.119717E-14  -0.803219E-21  -0.195649E-09   0.323266E-19   0.281683E+00   0.179439E-19
    2.879   0.279857E+00   0.226966E-22   0.251977E-12   0.529210E-23   0.183124E-14  -0.109854E-21  -0.258300E-12   0.165372E-22   0.279981E+00  -0.134314E-21   0.145491E-09  -0.179659E-21  -0.101985E-14  -0.106619E-20  -0.202191E-09   0.167864E-19   0.281733E+00   0.154619E-19
    3.030   0.279784E+00   0.000000E+00   0.241651E-12   0.000000E+00   0.169454E-14   0.000000E+00  -0.249968E-12   0.954785E-23   0.279973E+00  -0.308757E-22   0.151202E-09   0.794704E-21  -0.104573E-14   0.294097E-21  -0.208513E-09   0.759199E-20   0.281788E+00   0.149358E-19
    3.182   0.279703E+00   0.495099E-21   0.231848E-12  -0.825136E-22   0.158702E-14   0.603707E-21  -0.241573E-12  -0.127683E-20   0.279965E+00   0.268031E-20   0.156751E-09  -0.345975E-20  -0.100240E-14   0.576383E-21  -0.214625E-09  -0.156137E-21   0.281847E+00   0.152396E-19
    3.333   0.279614E+00   0.105454E-21   0.224772E-12  -0.164186E-22   0.147748E-14   0.511315E-21  -0.233757E-12   0.432091E-22   0.279959E+00   0.130889E-20   0.162142E-09  -0.663264E-21  -0.101384E-14   0.231360E-20  -0.220536E-09  -0.451484E-20   0.281911E+00   0.144714E-19
    3.485   0.279517E+00   0.582322E-23   0.215971E-12   0.190633E-24   0.132708E-14   0.274635E-22  -0.226542E-12   0.122139E-22   0.279955E+00   0.262033E-21   0.167381E-09  -0.399604E-23  -0.890611E-15   0.482426E-21  -0.226254E-09  -0.395382E-20   0.281979E+00   0.145080E-19
    3.636   0.279409E+00   0.976918E-22   0.209900E-12  -0.771561E-22   0.123993E-14   0.723744E-21  -0.219334E-12  -0.822453E-21   0.279952E+00   0.184082E-21   0.172473E-09  -0.571592E-21  -0.846449E-15   0.103354E-21  -0.231787E-09  -0.279265E-20   0.282053E+00   0.141460E-19
    3.788   0.279291E+00   0.723226E-21   0.203616E-12  -0.593537E-21   0.119054E-14   0.179776E-20  -0.212390E-12  -0.562109E-23   0.279951E+00  -0.171707E-21   0.177422E-09  -0.659156E-22  -0.851225E-15  -0.121225E-21  -0.237145E-09  -0.146490E-20   0.282131E+00   0.155044E-19
    3.939   0.279161E+00  -0.116386E-21   0.196495E-12   0.114631E-22   0.111722E-14  -0.224720E-21  -0.206408E-12   0.956621E-24   0.279953E+00  -0.292218E-22   0.182235E-09  -0.561799E-22  -0.801423E-15   0.155527E-20  -0.242335E-09  -0.172055E-20   0.282216E+00   0.140863E-19
    4.091   0.279020E+00   0.289837E-21   0.189576E-12   0.768849E-21   0.105828E-14   0.172631E-20  -0.200044E-12   0.223692E-23   0.279957E+00  -0.126774E-21   0.186915E-09   0.103496E-21  -0.780702E-15   0.196495E-20  -0.247364E-09  -0.270389E-20   0.282307E+00   0.121155E-19
    4.242   0.278866E+00   0.000000E+00   0.183814E-12   0.000000E+00   0.999560E-15   0.000000E+00  -0.193138E-12  -0.304551E-21   0.279964E+00   0.100346E-20   0.191470E-09   0.888513E-21  -0.763547E-15   0.182699E-20  -0.252241E-09  -0.399586E-20   0.282404E+00   0.107289E-19
    4.394   0.278697E+00   0.441037E-21   0.177483E-12  -0.825123E-21   0.960554E-15   0.179776E-20  -0.187212E-12   0.660839E-22   0.279973E+00  -0.248910E-22   0.195903E-09   0.422643E-21  -0.763095E-15   0.143439E-20  -0.256972E-09  -0.383828E-20   0.282508E+00   0.120676E-19
    4.545   0.278514E+00  -0.196359E-21   0.172269E-12  -0.679262E-22   0.887754E-15  -0.302221E-21  -0.181560E-12   0.364925E-21   0.279986E+00   0.219033E-20   0.200221E-09  -0.114712E-20  -0.707321E-15   0.254215E-20  -0.261565E-09  -0.540012E-20   0.282620E+00   0.127654E-19
    4.697   0.278314E+00  -0.196646E-20   0.166701E-12   0.470480E-21   0.855825E-15  -0.461738E-21  -0.176221E-12   0.174388E-21   0.280003E+00   0.830683E-21   0.204427E-09  -0.143464E-20  -0.690554E-15   0.345649E-20  -0.266028E-09  -0.525361E-20   0.282739E+00   0.129627E-19
    4.848   0.278096E+00  -0.506695E-21   0.161582E-12  -0.836558E-22   0.807233E-15   0.548780E-21  -0.170528E-12   0.822113E-20   0.280024E+00  -0.228018E-20   0.208528E-09  -0.346872E-21  -0.650547E-15   0.320687E-20  -0.270365E-09  -0.627152E-20   0.282867E+00   0.130619E-19
    5.000   0.277859E+00   0.000000E+00   0.157017E-12   0.000000E+00   0.782602E-15   0.000000E+00  -0.165298E-12   0.169172E-22   0.280049E+00  -0.106754E-20   0.212529E-09   0.474275E-21  -0.643244E-15   0.223755E-20  -0.274586E-09  -0.673153E-20   0.283003E+00   0.124145E-19
    5.152   0.277602E+00  -0.343629E-20   0.152298E-12   0.233075E-20   0.742240E-15   0.112878E-20  -0.160441E-12  -0.137790E-21   0.280080E+00   0.997103E-20   0.216435E-09  -0.181663E-19  -0.620812E-15  -0.565189E-21  -0.278696E-09  -0.663784E-20   0.283149E+00   0.147413E-19
    5.303   0.277323E+00  -0.288813E-20   0.148150E-12   0.677503E-20   0.722354E-15  -0.101046E-20  -0.154967E-12   0.184489E-21   0.280116E+00  -0.143890E-19   0.220251E-09   0.174122E-19  -0.579829E-15   0.184648E-20  -0.282701E-09  -0.224987E-19   0.283305E+00   0.314588E-19
    5.455   0.277019E+00  -0.468796E-21   0.143901E-12   0.272425E-21   0.689904E-15   0.236372E-20  -0.149944E-12   0.725472E-21   0.280158E+00  -0.268001E-21   0.223981E-09  -0.994411E-22  -0.583686E-15   0.479316E-20  -0.286607E-09  -0.352264E-19   0.283472E+00   0.498090E-19
    5.606   0.276689E+00   0.509423E-21   0.139273E-12   0.153701E-21   0.663583E-15   0.803714E-21  -0.145524E-12   0.641869E-22   0.280206E+00   0.145099E-19   0.227632E-09  -0.291560E-20  -0.555759E-15   0.496563E-20  -0.290421E-09  -0.450652E-19   0.283649E+00   0.628706E-19
    5.758   0.276332E+00  -0.389652E-20   0.135562E-12  -0.126978E-20   0.627861E-15   0.369962E-21  -0.141064E-12  -0.672867E-21   0.280262E+00   0.329553E-19   0.231208E-09  -0.102045E-19  -0.538637E-15   0.659508E-20  -0.294148E-09  -0.482223E-19   0.283839E+00   0.654702E-19
    5.909   0.275945E+00   0.307888E-22   0.132269E-12   0.145280E-23   0.608196E-15   0.136832E-20  -0.136466E-12  -0.233611E-22   0.280326E+00   0.163163E-19   0.234713E-09  -0.175274E-19  -0.524314E-15   0.891770E-20  -0.297795E-09  -0.352473E-19   0.284041E+00   0.490369E-19
    6.061   0.275525E+00   0.795020E-20   0.128685E-12   0.612805E-20   0.580148E-15   0.699124E-21  -0.132289E-12  -0.411131E-18   0.280398E+00   0.311773E-20   0.238153E-09   0.915948E-21  -0.497888E-15   0.766593E-20  -0.301366E-09  -0.241212E-19   0.284257E+00   0.296372E-19
    6.212   0.275070E+00   0.144841E-19   0.125264E-12   0.172122E-16   0.553919E-15   0.902301E-19  -0.127761E-12  -0.154210E-16   0.280480E+00   0.392547E-20   0.241533E-09   0.231401E-19  -0.474156E-15   0.110534E-19  -0.304867E-09  -0.151643E-19   0.284488E+00   0.193297E-19
    6.364   0.274578E+00   0.121445E-19   0.121615E-12   0.798606E-20   0.533529E-15  -0.154007E-20  -0.123361E-12  -0.161435E-18   0.280572E+00   0.764258E-21   0.244857E-09  -0.449439E-21  -0.475230E-15   0.101510E-19  -0.308305E-09  -0.116124E-19   0.284733E+00   0.154277E-19
    6.515   0.274045E+00  -0.289801E-20   0.118310E-12   0.106088E-20   0.522777E-15   0.217825E-20  -0.119708E-12  -0.112142E-20   0.280675E+00  -0.214888E-21   0.248130E-09  -0.144469E-20  -0.451805E-15   0.111396E-19  -0.311683E-09  -0.131562E-19   0.284994E+00   0.170747E-19
    6.667   0.273470E+00   0.949800E-20   0.114408E-12   0.732948E-20   0.498908E-15   0.224970E-20  -0.115468E-12  -0.275639E-21   0.280789E+00   0.452332E-20   0.251356E-09  -0.267574E-20  -0.438023E-15   0.136002E-19  -0.315007E-09  -0.146391E-19   0.285272E+00   0.225632E-19
    6.818   0.272846E+00  -0.729994E-21   0.110779E-12   0.122828E-19   0.483436E-15  -0.741410E-20  -0.111649E-12   0.172457E-21   0.280917E+00   0.714329E-21   0.254541E-09  -0.334229E-21  -0.417689E-15   0.172676E-19  -0.318282E-09  -0.127254E-19   0.285568E+00   0.295363E-19
    6.970   0.272172E+00  -0.734535E-20   0.106967E-12   0.465182E-20   0.474342E-15   0.594117E-21  -0.107970E-12  -0.656098E-22   0.281060E+00  -0.163765E-20   0.257688E-09   0.236866E-21  -0.408119E-15   0.189555E-19  -0.321515E-09  -0.146035E-19   0.285883E+00   0.243284E-19
    7.121   0.271444E+00   0.406830E-20   0.102945E-12   0.504389E-20   0.449485E-15   0.199724E-20  -0.104213E-12   0.122343E-19   0.281218E+00   0.160202E-19   0.260801E-09  -0.308724E-21  -0.404044E-15   0.205987E-19  -0.324708E-09  -0.146033E-19   0.286218E+00   0.194241E-19
    7.273   0.270658E+00  -0.260245E-20   0.989018E-13   0.766581E-20   0.432548E-15   0.453879E-20  -0.100306E-12  -0.214547E-21   0.281392E+00   0.536685E-21   0.263886E-09  -0.220670E-20  -0.378005E-15   0.210242E-19  -0.327868E-09  -0.123898E-19   0.286574E+00   0.937311E-20
    7.424   0.269808E+00   0.944573E-21   0.968050E-13   0.108343E-21   0.410996E-15   0.237696E-20  -0.972859E-13   0.133808E-20   0.281585E+00  -0.274712E-20   0.266945E-09  -0.593580E-21  -0.363658E-15   0.212765E-19  -0.330998E-09  -0.236475E-19   0.286951E+00   0.467111E-20
    7.576   0.268891E+00   0.220138E-21   0.928496E-13   0.122698E-20   0.394248E-15   0.311634E-20  -0.941335E-13   0.189930E-21   0.281796E+00  -0.595249E-20   0.269984E-09  -0.233448E-19  -0.355492E-15   0.215534E-19  -0.334103E-09  -0.453832E-19   0.287352E+00   0.262636E-20
    7.727   0.267901E+00   0.968967E-20   0.894692E-13  -0.611035E-20   0.385469E-15   0.944526E-20  -0.902951E-13  -0.104268E-21   0.282029E+00  -0.713350E-20   0.273006E-09  -0.420733E-19  -0.339540E-15   0.270659E-19  -0.337188E-09  -0.611567E-19   0.287777E+00   0.331358E-20
    7.879   0.266834E+00   0.670615E-20   0.865830E-13   0.169056E-20   0.371425E-15   0.323670E-19  -0.870340E-13  -0.289588E-21   0.282284E+00   0.445514E-21   0.276015E-09  -0.155445E-19  -0.331164E-15   0.188222E-19  -0.340258E-09  -0.491887E-19   0.288228E+00   0.554941E-20
    8.030   0.265684E+00  -0.931764E-21   0.830635E-13   0.229258E-20   0.368786E-15  -0.626052E-20  -0.842118E-13   0.857836E-20   0.282561E+00  -0.552363E-20   0.279013E-09   0.214573E-20  -0.322256E-15   0.206400E-19  -0.343314E-09  -0.312677E-19   0.288705E+00   0.551050E-20
    8.182   0.264444E+00  -0.635027E-20   0.799936E-13  -0.134080E-19   0.351579E-15   0.762493E-20  -0.812221E-13   0.104890E-21   0.282865E+00  -0.704303E-21   0.282006E-09   0.406765E-21  -0.309692E-15   0.152763E-19  -0.346364E-09  -0.157393E-19   0.289210E+00   0.321545E-21
    8.333   0.263109E+00   0.892704E-20   0.769430E-13   0.896172E-20   0.334739E-15  -0.371671E-20  -0.783661E-13   0.603109E-20   0.283195E+00   0.461778E-20   0.284996E-09   0.348241E-20  -0.304657E-15   0.175181E-19  -0.349409E-09  -0.448832E-21   0.289743E+00  -0.130249E-19
    8.485   0.261671E+00   0.947374E-20   0.742540E-13   0.856100E-20   0.315151E-15  -0.270002E-20  -0.757963E-13   0.177957E-20   0.283554E+00   0.276452E-20   0.287986E-09  -0.387139E-20  -0.288067E-15   0.208482E-19  -0.352454E-09   0.105686E-19   0.290307E+00  -0.243868E-19
    8.636   0.260125E+00   0.143014E-19   0.717881E-13   0.689626E-20   0.304883E-15  -0.598826E-20  -0.728421E-13  -0.562533E-20   0.283943E+00  -0.161891E-20   0.290979E-09  -0.203909E-20  -0.279651E-15   0.149705E-19  -0.355501E-09   0.417841E-20   0.290902E+00  -0.253181E-19
    8.788   0.258462E+00   0.262768E-19   0.685957E-13   0.116163E-19   0.289431E-15  -0.102066E-19  -0.702018E-13  -0.114143E-21   0.284364E+00  -0.659752E-20   0.293977E-09   0.793701E-21  -0.269314E-15   0.159978E-19  -0.358556E-09   0.111916E-21   0.291529E+00  -0.288921E-19
    8.939   0.256675E+00   0.171095E-19   0.660775E-13   0.202914E-19   0.282891E-15  -0.101480E-19  -0.673060E-13  -0.772774E-20   0.284819E+00  -0.187444E-20   0.296984E-09  -0.531518E-20  -0.257082E-15   0.105993E-19  -0.361619E-09   0.546722E-21   0.292189E+00  -0.225226E-19
    9.091   0.254756E+00  -0.258346E-20   0.635408E-13   0.998815E-21   0.271691E-15  -0.132214E-20  -0.646911E-13  -0.280117E-19   0.285309E+00  -0.843422E-21   0.300001E-09  -0.482686E-20  -0.242848E-15   0.629022E-20  -0.364695E-09   0.201703E-20   0.292883E+00  -0.178861E-19
    9.242   0.252695E+00   0.256952E-20   0.613223E-13  -0.175328E-20   0.250776E-15   0.861668E-20  -0.623558E-13  -0.854423E-21   0.285837E+00  -0.455642E-21   0.303030E-09   0.740894E-20  -0.225039E-15   0.528936E-20  -0.367787E-09   0.242975E-20   0.293613E+00  -0.153298E-19
    9.394   0.250483E+00   0.101963E-19   0.590845E-13   0.164862E-19   0.247943E-15  -0.668976E-20  -0.601971E-13   0.253288E-19   0.286404E+00   0.399990E-20   0.306074E-09  -0.113283E-19  -0.230575E-15   0.421872E-20  -0.370897E-09  -0.280127E-20   0.294378E+00  -0.147455E-19
    9.545   0.248112E+00   0.263112E-21   0.563764E-13   0.182965E-19   0.239568E-15   0.765640E-20  -0.574640E-13   0.419422E-18   0.287012E+00   0.149192E-19   0.309132E-09  -0.397427E-20  -0.218326E-15   0.572497E-20  -0.374026E-09  -0.518085E-20   0.295179E+00  -0.130189E-19
    9.697   0.245572E+00   0.603875E-19   0.539922E-13  -0.210300E-16   0.224599E-15   0.125128E-18  -0.546313E-13   0.149423E-16   0.287662E+00   0.438193E-19   0.312205E-09  -0.270267E-19  -0.212492E-15   0.282935E-20  -0.377176E-09  -0.814278E-20   0.296017E+00  -0.172162E-20
    9.848   0.242853E+00   0.203565E-18   0.517189E-13  -0.282877E-18   0.217256E-15  -0.674936E-20  -0.524833E-13   0.404029E-17   0.288355E+00   0.458163E-20   0.315295E-09  -0.574117E-20  -0.198234E-15   0.496294E-20  -0.380349E-09  -0.556784E-20   0.296891E+00  -0.135534E-20
   10.000   0.239944E+00  -0.109306E-20   0.491219E-13   0.235732E-19   0.212032E-15  -0.981284E-20  -0.502768E-13   0.104527E-18   0.289094E+00   0.210600E-19   0.318400E-09   0.669234E-20  -0.192787E-15   0.118670E-19  -0.383546E-09  -0.832300E-21   0.297802E+00   0.245122E-21
   10.152   0.236835E+00   0.251356E-19   0.475496E-13   0.215750E-19   0.194122E-15  -0.166205E-20  -0.479000E-13   0.160822E-18   0.289878E+00  -0.238231E-19   0.321521E-09   0.930141E-22  -0.180570E-15   0.102520E-19  -0.386767E-09   0.165665E-19   0.298750E+00   0.143093E-19
   10.303   0.233515E+00   0.710642E-19   0.455004E-13   0.386209E-19   0.194857E-15   0.146457E-19  -0.460582E-13   0.226944E-18   0.290710E+00   0.217470E-19   0.324657E-09   0.161272E-20  -0.181159E-15   0.886704E-20  -0.390011E-09   0.213393E-19   0.299734E+00   0.350623E-19
   10.455   0.229976E+00   0.721291E-19   0.430773E-13   0.439438E-19   0.182854E-15   0.359901E-19  -0.435278E-13   0.529228E-18   0.291588E+00   0.569078E-19   0.327804E-09   0.516300E-19  -0.153377E-15   0.201451E-19  -0.393279E-09   0.253780E-19   0.300753E+00   0.488070E-19
   10.606   0.226202E+00   0.873890E-18   0.414387E-13  -0.379153E-17   0.181482E-15   0.393825E-18  -0.418338E-13   0.807091E-17   0.292516E+00   0.314590E-19   0.330961E-09   0.702329E-19  -0.152748E-15   0.144177E-19  -0.396570E-09   0.280514E-19   0.301806E+00   0.439685E-19
   10.758   0.222187E+00   0.357466E-18   0.394302E-13  -0.305384E-16   0.166954E-15   0.495070E-18  -0.396611E-13   0.178124E-16   0.293490E+00   0.115293E-19   0.334126E-09   0.606721E-19  -0.149399E-15   0.242218E-19  -0.399880E-09   0.278110E-19   0.302890E+00   0.386518E-19
   10.909   0.217920E+00   0.105114E-17   0.374458E-13  -0.198409E-17   0.157178E-15   0.179435E-18  -0.378767E-13   0.725081E-17   0.294511E+00   0.114122E-19   0.337292E-09   0.406197E-19  -0.143614E-15   0.217540E-19  -0.403207E-09   0.174016E-19   0.304004E+00   0.395547E-19
   11.061   0.213387E+00   0.693632E-19   0.358138E-13   0.418717E-19   0.155633E-15   0.202069E-20  -0.361644E-13   0.988568E-18   0.295579E+00  -0.189375E-19   0.340458E-09   0.176387E-19  -0.118705E-15   0.231101E-19  -0.406550E-09   0.106466E-19   0.305145E+00   0.282960E-19
   11.212   0.208579E+00   0.308484E-18   0.336038E-13   0.400191E-17   0.145220E-15   0.567426E-18  -0.339956E-13  -0.652062E-17   0.296695E+00   0.187606E-18   0.343617E-09   0.109130E-19  -0.115905E-15   0.165798E-19  -0.409906E-09  -0.208994E-20   0.306311E+00   0.354492E-19
   11.364   0.203486E+00   0.711692E-20   0.319576E-13   0.928566E-19   0.139995E-15  -0.203440E-19  -0.319691E-13   0.206119E-17   0.297854E+00  -0.225512E-19   0.346764E-09  -0.103710E-19  -0.121158E-15   0.854085E-20  -0.413267E-09  -0.601303E-20   0.307497E+00   0.279698E-19
   11.515   0.198102E+00   0.254271E-19   0.301961E-13  -0.157677E-17   0.134153E-15  -0.164873E-18  -0.300251E-13   0.391138E-17   0.299054E+00   0.271917E-19   0.349891E-09  -0.619863E-19  -0.107827E-15   0.797602E-20  -0.416629E-09  -0.160729E-19   0.308699E+00   0.375512E-19
   11.667   0.192420E+00  -0.127052E-19   0.280702E-13  -0.884721E-19   0.133023E-15  -0.736747E-20  -0.284827E-13   0.592851E-17   0.300293E+00  -0.105183E-18   0.352989E-09  -0.105871E-18  -0.942552E-16  -0.131070E-19  -0.419985E-09  -0.303982E-19   0.309912E+00   0.262728E-19
   11.818   0.186430E+00  -0.163699E-19   0.266294E-13   0.213438E-18   0.119120E-15   0.106385E-19  -0.265601E-13   0.240315E-17   0.301568E+00   0.300588E-19   0.356052E-09  -0.350618E-19  -0.938194E-16  -0.118329E-19  -0.423327E-09  -0.311847E-19   0.311132E+00   0.945895E-20
   11.970   0.180130E+00  -0.210502E-19   0.250674E-13   0.158283E-18   0.119003E-15  -0.367927E-20  -0.251964E-13   0.423450E-17   0.302873E+00   0.269511E-19   0.359069E-09  -0.240615E-19  -0.898656E-16  -0.202705E-19  -0.426648E-09  -0.266846E-19   0.312351E+00   0.147741E-19
   12.121   0.173514E+00   0.303457E-18   0.232751E-13  -0.584268E-18   0.118664E-15   0.442886E-19  -0.235516E-13   0.748881E-17   0.304207E+00  -0.382932E-19   0.362028E-09  -0.582900E-19  -0.908661E-16  -0.284701E-20  -0.429941E-09  -0.173751E-19   0.313563E+00   0.234201E-19
   12.273   0.166576E+00   0.102870E-18   0.216611E-13  -0.259969E-18   0.113016E-15  -0.725492E-20  -0.216577E-13   0.484154E-17   0.305566E+00  -0.443461E-19   0.364922E-09  -0.848383E-19  -0.774956E-16  -0.578938E-21  -0.433197E-09  -0.267573E-19   0.314761E+00   0.393569E-19
   12.424   0.159321E+00   0.369036E-18   0.200980E-13  -0.322084E-17   0.111834E-15   0.633220E-19  -0.202716E-13   0.826337E-17   0.306943E+00   0.227588E-18   0.367735E-09  -0.127959E-18  -0.779475E-16  -0.736985E-20  -0.436405E-09  -0.349765E-19   0.315938E+00   0.455961E-19
   12.576   0.151751E+00   0.779559E-18   0.186326E-13  -0.217318E-16   0.105278E-15   0.283247E-18  -0.185030E-13   0.210221E-16   0.308331E+00   0.113748E-18   0.370457E-09  -0.911977E-19  -0.742761E-16  -0.112685E-19  -0.439554E-09  -0.122120E-19   0.317084E+00   0.315496E-19
   12.727   0.143870E+00   0.110549E-17   0.170714E-13  -0.215309E-16   0.974021E-16   0.755482E-19  -0.173960E-13   0.213830E-16   0.309726E+00   0.849072E-19   0.373074E-09  -0.247028E-19  -0.749297E-16  -0.109381E-19  -0.442634E-09  -0.871840E-20   0.318192E+00   0.520200E-19
   12.879   0.135679E+00   0.589160E-18   0.158886E-13  -0.900808E-17   0.992459E-16  -0.341109E-18  -0.157758E-13   0.192634E-16   0.311125E+00  -0.352761E-19   0.375574E-09   0.165274E-20  -0.615995E-16  -0.758271E-20  -0.445638E-09  -0.129552E-19   0.319253E+00   0.562472E-19
   13.030   0.127196E+00   0.441605E-18   0.141373E-13  -0.244640E-16   0.981102E-16  -0.138675E-18  -0.145490E-13   0.220714E-16   0.312519E+00   0.227905E-18   0.377941E-09  -0.716574E-19  -0.499316E-16  -0.640953E-20  -0.448554E-09   0.290153E-20   0.320256E+00   0.632216E-19
   13.182   0.118428E+00  -0.140134E-19   0.130611E-13  -0.211603E-16   0.900189E-16   0.903670E-21  -0.133464E-13   0.222955E-16   0.313904E+00   0.182192E-18   0.380162E-09  -0.146265E-18  -0.499800E-16  -0.135449E-19  -0.451373E-09  -0.143306E-20   0.321193E+00   0.569649E-19
   13.333   0.109391E+00   0.266954E-18   0.117120E-13  -0.709510E-17   0.885442E-16  -0.261178E-19  -0.120962E-13   0.182320E-16   0.315277E+00   0.143953E-18   0.382224E-09  -0.753526E-19  -0.342856E-16  -0.150440E-19  -0.454089E-09  -0.959194E-21   0.322054E+00   0.477214E-19
   13.485   0.100108E+00  -0.374410E-18   0.104459E-13  -0.185578E-16   0.807636E-16   0.913164E-18  -0.107426E-13   0.210919E-16   0.316633E+00  -0.630852E-20   0.384114E-09  -0.588344E-19  -0.419270E-16  -0.412699E-20  -0.456693E-09   0.925377E-21   0.322830E+00   0.373261E-19
   13.636   0.905950E-01  -0.163741E-18   0.942180E-14  -0.333590E-17   0.737415E-16   0.789744E-19  -0.983871E-14   0.140752E-16   0.317972E+00  -0.703253E-19   0.385817E-09  -0.115754E-18  -0.294845E-16  -0.102645E-19  -0.459185E-09  -0.217186E-19   0.323512E+00   0.480440E-19
   13.788   0.808824E-01  -0.833141E-18   0.829865E-14  -0.922695E-17   0.739573E-16   0.635066E-19  -0.858944E-14   0.181192E-16   0.319292E+00   0.573888E-19   0.387323E-09  -0.469928E-19  -0.339467E-16  -0.131835E-19  -0.461563E-09  -0.199127E-19   0.324092E+00   0.340024E-19
   13.939   0.709923E-01  -0.584355E-18   0.679462E-14  -0.107347E-16   0.721014E-16   0.661719E-19  -0.735276E-14   0.175820E-16   0.320599E+00   0.132064E-18   0.388620E-09  -0.107446E-19  -0.261520E-16   0.568351E-20  -0.463833E-09  -0.178625E-19   0.324561E+00   0.241901E-19
   14.091   0.609618E-01  -0.693150E-18   0.568800E-14  -0.218963E-16   0.705512E-16   0.887232E-19  -0.621565E-14   0.220304E-16   0.321898E+00   0.144136E-18   0.389698E-09  -0.642546E-19  -0.280401E-16   0.192119E-20  -0.466004E-09  -0.572168E-20   0.324914E+00   0.271662E-19
   14.242   0.508226E-01   0.360029E-19   0.418887E-14  -0.209271E-16   0.695657E-16  -0.128208E-18  -0.495038E-14   0.229124E-16   0.323201E+00   0.100872E-18   0.390551E-09  -0.647657E-19  -0.101348E-16  -0.409220E-20  -0.468096E-09  -0.326935E-20   0.325144E+00   0.816105E-20
   14.394   0.406144E-01  -0.844870E-19   0.336180E-14  -0.192862E-16   0.676201E-16   0.731216E-19  -0.401591E-14   0.192086E-16   0.324530E+00   0.555254E-19   0.391171E-09  -0.661516E-19  -0.838379E-17   0.628870E-20  -0.470141E-09  -0.948054E-20   0.325249E+00   0.205387E-20
   14.545   0.303790E-01   0.578721E-19   0.197176E-14  -0.324029E-17   0.666583E-16  -0.246270E-19  -0.303852E-14   0.954459E-17   0.325915E+00   0.147691E-19   0.391559E-09  -0.467551E-19  -0.188010E-17   0.282702E-20  -0.472188E-09   0.546230E-21   0.325230E+00  -0.137381E-20
   14.697   0.201610E-01  -0.294306E-19   0.654184E-15  -0.117401E-17   0.653350E-16  -0.141199E-19  -0.200045E-14   0.666721E-17   0.327411E+00   0.511350E-19   0.391718E-09  -0.432325E-19   0.344551E-17  -0.941843E-20  -0.474323E-09   0.911435E-20   0.325092E+00   0.198074E-20
   14.848   0.100147E-01  -0.120944E-18  -0.754341E-15  -0.930460E-18   0.644229E-16   0.265206E-19  -0.879256E-15   0.288408E-17   0.329117E+00   0.443158E-19   0.391667E-09  -0.448053E-19   0.192045E-17  -0.753670E-20  -0.476701E-09   0.116980E-19   0.324856E+00  -0.129965E-19
   15.000  -0.195191E-07  -0.951790E-20  -0.184333E-14  -0.483261E-18   0.643198E-16   0.629344E-19   0.919846E-16  -0.346698E-18   0.331294E+00  -0.327669E-21   0.391472E-09  -0.621673E-19  -0.205762E-17  -0.114673E-19  -0.479738E-09   0.333995E-21   0.324594E+00  -0.160133E-19
