    0.000   0.229168E-03  -0.137702E-05  -0.122250E-04  -0.112642E-03  -0.674173E-01  -0.463070E-06  -0.379806E-05   0.115086E-03   0.161456E-03  -0.184845E-04   0.282347E-06  -0.672658E-01   0.316032E+00   0.163922E-05  -0.154775E-05   0.315972E+00   0.259937E-03  -0.224545E-04
    0.152   0.563445E-03   0.401954E-07  -0.125652E-06  -0.281174E-03  -0.674451E-01  -0.365130E-06   0.104793E-06   0.278983E-03   0.416910E-03   0.497869E-06   0.368590E-06  -0.672361E-01   0.316025E+00   0.159342E-05  -0.159413E-05   0.315958E+00   0.555327E-03   0.895709E-06
    0.303   0.113072E-02  -0.831105E-07  -0.448076E-07  -0.538854E-03  -0.678091E-01  -0.364323E-06   0.172798E-06   0.576128E-03   0.745297E-03   0.473767E-06   0.367029E-06  -0.670151E-01   0.316073E+00   0.159395E-05  -0.159513E-05   0.315842E+00   0.106830E-02   0.841960E-06
    0.455   0.171843E-02  -0.274336E-07  -0.328851E-07  -0.803149E-03  -0.684245E-01  -0.368442E-06   0.979496E-07   0.880744E-03   0.105803E-02   0.121972E-06   0.363282E-06  -0.666465E-01   0.316139E+00   0.159458E-05  -0.159333E-05   0.315661E+00   0.161428E-02   0.308511E-06
    0.606   0.232326E-02   0.160750E-09  -0.170823E-07  -0.106736E-02  -0.692855E-01  -0.372976E-06   0.509667E-07   0.119070E-02   0.135313E-02   0.436418E-07   0.360302E-06  -0.661342E-01   0.316227E+00   0.159514E-05  -0.159171E-05   0.315416E+00   0.217268E-02   0.158345E-06
    0.758   0.294578E-02   0.116643E-07  -0.553649E-08  -0.133260E-02  -0.703959E-01  -0.378411E-06   0.251208E-07   0.150662E-02   0.163749E-02   0.253798E-07   0.357107E-06  -0.654777E-01   0.316337E+00   0.159575E-05  -0.158996E-05   0.315101E+00   0.274687E-02   0.113446E-06
    0.909   0.358656E-02   0.183664E-07   0.323136E-08  -0.159941E-02  -0.717578E-01  -0.385020E-06   0.867875E-08   0.182844E-02   0.191705E-02   0.183914E-07   0.353395E-06  -0.646784E-01   0.316467E+00   0.159648E-05  -0.158794E-05   0.314712E+00   0.333923E-02   0.924057E-07
    1.061   0.424705E-02   0.233559E-07   0.105408E-07  -0.186879E-02  -0.733748E-01  -0.392803E-06  -0.349045E-08   0.215677E-02   0.219685E-02   0.145177E-07   0.349123E-06  -0.637380E-01   0.316616E+00   0.159731E-05  -0.158556E-05   0.314246E+00   0.395280E-02   0.830809E-07
    1.212   0.492862E-02   0.277570E-07   0.174146E-07  -0.214183E-02  -0.752500E-01  -0.401806E-06  -0.133413E-07   0.249251E-02   0.248172E-02   0.122866E-07   0.344277E-06  -0.626589E-01   0.316782E+00   0.159824E-05  -0.158282E-05   0.313699E+00   0.459028E-02   0.795361E-07
    1.364   0.563294E-02   0.319407E-07   0.236987E-07  -0.241980E-02  -0.773872E-01  -0.412043E-06  -0.219194E-07   0.283694E-02   0.277627E-02   0.106647E-07   0.338865E-06  -0.614441E-01   0.316962E+00   0.159926E-05  -0.157966E-05   0.313063E+00   0.525463E-02   0.797958E-07
    1.515   0.636148E-02   0.362593E-07   0.297766E-07  -0.270429E-02  -0.797901E-01  -0.423567E-06  -0.299240E-07   0.319152E-02   0.308526E-02   0.936532E-08   0.332895E-06  -0.600974E-01   0.317153E+00   0.160037E-05  -0.157605E-05   0.312334E+00   0.594878E-02   0.814839E-07
    1.667   0.711603E-02   0.405512E-07   0.356688E-07  -0.299680E-02  -0.824621E-01  -0.436375E-06  -0.372640E-07   0.355799E-02   0.341367E-02   0.832186E-08   0.326386E-06  -0.586236E-01   0.317353E+00   0.160153E-05  -0.157195E-05   0.311504E+00   0.667585E-02   0.848655E-07
    1.818   0.789799E-02   0.451018E-07   0.415027E-07  -0.329920E-02  -0.854067E-01  -0.450511E-06  -0.444276E-07   0.393823E-02   0.376682E-02   0.737522E-08   0.319370E-06  -0.570285E-01   0.317557E+00   0.160274E-05  -0.156732E-05   0.310564E+00   0.743894E-02   0.888608E-07
    1.970   0.870913E-02   0.498245E-07   0.473654E-07  -0.361342E-02  -0.886267E-01  -0.465971E-06  -0.513764E-07   0.433436E-02   0.415050E-02   0.655473E-08   0.311879E-06  -0.553190E-01   0.317761E+00   0.160398E-05  -0.156212E-05   0.309507E+00   0.824128E-02   0.938131E-07
    2.121   0.955072E-02   0.546758E-07   0.532980E-07  -0.394172E-02  -0.921244E-01  -0.482763E-06  -0.583154E-07   0.474874E-02   0.457114E-02   0.581015E-08   0.303957E-06  -0.535035E-01   0.317963E+00   0.160523E-05  -0.155628E-05   0.308320E+00   0.908620E-02   0.996859E-07
    2.273   0.104244E-01   0.596586E-07   0.593478E-07  -0.428629E-02  -0.959011E-01  -0.500899E-06  -0.653307E-07   0.518388E-02   0.503591E-02   0.514847E-08   0.295651E-06  -0.515913E-01   0.318156E+00   0.160647E-05  -0.154976E-05   0.306994E+00   0.997708E-02   0.106325E-06
    2.424   0.113316E-01   0.648013E-07   0.655523E-07  -0.464975E-02  -0.999577E-01  -0.520391E-06  -0.724702E-07   0.564249E-02   0.555294E-02   0.459854E-08   0.287011E-06  -0.495929E-01   0.318337E+00   0.160767E-05  -0.154247E-05   0.305515E+00   0.109173E-01   0.113537E-06
    2.576   0.122733E-01   0.701264E-07   0.719614E-07  -0.503484E-02  -0.104294E+00  -0.541250E-06  -0.797820E-07   0.612754E-02   0.613156E-02   0.420916E-08   0.278094E-06  -0.475198E-01   0.318500E+00   0.160882E-05  -0.153436E-05   0.303869E+00   0.119104E-01   0.121181E-06
    2.727   0.132511E-01   0.756112E-07   0.786101E-07  -0.544434E-02  -0.108909E+00  -0.563469E-06  -0.873331E-07   0.664211E-02   0.678240E-02   0.403672E-08   0.268961E-06  -0.453840E-01   0.318642E+00   0.160990E-05  -0.152532E-05   0.302041E+00   0.129600E-01   0.129350E-06
    2.879   0.142657E-01   0.812547E-07   0.855270E-07  -0.588134E-02  -0.113801E+00  -0.587043E-06  -0.951051E-07   0.718949E-02   0.751786E-02   0.416320E-08   0.259672E-06  -0.431980E-01   0.318756E+00   0.161089E-05  -0.151529E-05   0.300013E+00   0.140694E-01   0.138068E-06
    3.030   0.153182E-01   0.870579E-07   0.927239E-07  -0.634914E-02  -0.118966E+00  -0.611964E-06  -0.103131E-06   0.777312E-02   0.835233E-02   0.466878E-08   0.250294E-06  -0.409744E-01   0.318837E+00   0.161175E-05  -0.150415E-05   0.297766E+00   0.152422E-01   0.147307E-06
    3.182   0.164089E-01   0.930181E-07   0.100239E-06  -0.685118E-02  -0.124401E+00  -0.638222E-06  -0.111447E-06   0.839653E-02   0.930263E-02   0.565975E-08   0.240889E-06  -0.387261E-01   0.318881E+00   0.161248E-05  -0.149179E-05   0.295282E+00   0.164813E-01   0.157006E-06
    3.333   0.175383E-01   0.991468E-07   0.108082E-06  -0.739051E-02  -0.130096E+00  -0.665797E-06  -0.120072E-06   0.906326E-02   0.103884E-01   0.725598E-08   0.231524E-06  -0.364661E-01   0.318882E+00   0.161304E-05  -0.147809E-05   0.292539E+00   0.177892E-01   0.167094E-06
    3.485   0.187065E-01   0.105442E-06   0.116277E-06  -0.797041E-02  -0.136042E+00  -0.694656E-06  -0.129040E-06   0.977681E-02   0.116328E-01   0.960486E-08   0.222264E-06  -0.342076E-01   0.318835E+00   0.161342E-05  -0.146292E-05   0.289514E+00   0.191675E-01   0.177500E-06
    3.636   0.199132E-01   0.111898E-06   0.124832E-06  -0.859389E-02  -0.142223E+00  -0.724745E-06  -0.138362E-06   0.105406E-01   0.130628E-01   0.128800E-07   0.213178E-06  -0.319636E-01   0.318735E+00   0.161361E-05  -0.144614E-05   0.286185E+00   0.206168E-01   0.188173E-06
    3.788   0.211571E-01   0.118510E-06   0.133760E-06  -0.926395E-02  -0.148622E+00  -0.755996E-06  -0.148051E-06   0.113576E-01   0.147107E-01   0.172841E-07   0.204329E-06  -0.297468E-01   0.318577E+00   0.161357E-05  -0.142759E-05   0.282528E+00   0.221364E-01   0.199038E-06
    3.939   0.224373E-01   0.125284E-06   0.143072E-06  -0.998259E-02  -0.155217E+00  -0.788329E-06  -0.158125E-06   0.122306E-01   0.166140E-01   0.230493E-07   0.195775E-06  -0.275681E-01   0.318356E+00   0.161329E-05  -0.140711E-05   0.278516E+00   0.237254E-01   0.210002E-06
    4.091   0.237519E-01   0.132213E-06   0.152772E-06  -0.107515E-01  -0.161988E+00  -0.821653E-06  -0.168583E-06   0.131612E-01   0.188175E-01   0.304487E-07   0.187563E-06  -0.254360E-01   0.318067E+00   0.161275E-05  -0.138450E-05   0.274117E+00   0.253819E-01   0.221016E-06
    4.242   0.250980E-01   0.139296E-06   0.162860E-06  -0.115714E-01  -0.168912E+00  -0.855878E-06  -0.179422E-06   0.141503E-01   0.213735E-01   0.398062E-07   0.179733E-06  -0.233561E-01   0.317704E+00   0.161194E-05  -0.135953E-05   0.269298E+00   0.271041E-01   0.232011E-06
    4.394   0.264723E-01   0.146520E-06   0.173317E-06  -0.124417E-01  -0.175968E+00  -0.890910E-06  -0.190630E-06   0.151972E-01   0.243439E-01   0.515067E-07   0.172316E-06  -0.213311E-01   0.317262E+00   0.161083E-05  -0.133194E-05   0.264019E+00   0.288893E-01   0.242915E-06
    4.545   0.278704E-01   0.153882E-06   0.184110E-06  -0.133599E-01  -0.183129E+00  -0.926654E-06  -0.202184E-06   0.162993E-01   0.278007E-01   0.660053E-07   0.165345E-06  -0.193619E-01   0.316736E+00   0.160940E-05  -0.130141E-05   0.258238E+00   0.307337E-01   0.253603E-06
    4.697   0.292864E-01   0.161353E-06   0.195177E-06  -0.143207E-01  -0.190366E+00  -0.962987E-06  -0.214046E-06   0.174517E-01   0.318276E-01   0.838328E-07   0.158858E-06  -0.174486E-01   0.316118E+00   0.160762E-05  -0.126760E-05   0.251908E+00   0.326308E-01   0.263960E-06
    4.848   0.307130E-01   0.168914E-06   0.206453E-06  -0.153170E-01  -0.197641E+00  -0.999752E-06  -0.226152E-06   0.186462E-01   0.365218E-01   0.105594E-06   0.152901E-06  -0.155913E-01   0.315403E+00   0.160546E-05  -0.123012E-05   0.244975E+00   0.345717E-01   0.273831E-06
    5.000   0.321426E-01   0.176536E-06   0.217850E-06  -0.163365E-01  -0.204911E+00  -0.103675E-05  -0.238427E-06   0.198706E-01   0.419946E-01   0.131963E-06   0.147521E-06  -0.137908E-01   0.314581E+00   0.160289E-05  -0.118855E-05   0.237382E+00   0.365443E-01   0.283081E-06
    5.152   0.335657E-01   0.184176E-06   0.229282E-06  -0.173637E-01  -0.212128E+00  -0.107373E-05  -0.250767E-06   0.211079E-01   0.483731E-01   0.163692E-06   0.142769E-06  -0.120478E-01   0.313643E+00   0.159985E-05  -0.114241E-05   0.229056E+00   0.385345E-01   0.291606E-06
    5.303   0.349712E-01   0.191777E-06   0.240632E-06  -0.183769E-01  -0.219240E+00  -0.111042E-05  -0.263038E-06   0.223352E-01   0.557980E-01   0.201611E-06   0.138699E-06  -0.103638E-01   0.312579E+00   0.159629E-05  -0.109114E-05   0.219912E+00   0.405267E-01   0.299324E-06
    5.455   0.363476E-01   0.199273E-06   0.251765E-06  -0.193519E-01  -0.226188E+00  -0.114651E-05  -0.275064E-06   0.235218E-01   0.644175E-01   0.246608E-06   0.135380E-06  -0.874120E-02   0.311378E+00   0.159215E-05  -0.103408E-05   0.209854E+00   0.425034E-01   0.306152E-06
    5.606   0.376825E-01   0.206586E-06   0.262492E-06  -0.202556E-01  -0.232907E+00  -0.118165E-05  -0.286628E-06   0.246287E-01   0.743704E-01   0.299532E-06   0.132902E-06  -0.718649E-02   0.310028E+00   0.158734E-05  -0.970617E-06   0.198787E+00   0.444442E-01   0.311976E-06
    5.758   0.389631E-01   0.213619E-06   0.272592E-06  -0.210495E-01  -0.239321E+00  -0.121544E-05  -0.297466E-06   0.256083E-01   0.857548E-01   0.361004E-06   0.131360E-06  -0.571182E-02   0.308516E+00   0.158179E-05  -0.900277E-06   0.186644E+00   0.463250E-01   0.316690E-06
    5.909   0.401774E-01   0.220277E-06   0.281837E-06  -0.216929E-01  -0.245347E+00  -0.124742E-05  -0.307269E-06   0.264044E-01   0.985761E-01   0.431103E-06   0.130823E-06  -0.433655E-02   0.306833E+00   0.157540E-05  -0.823045E-06   0.173427E+00   0.481174E-01   0.320219E-06
    6.061   0.413156E-01   0.226462E-06   0.289967E-06  -0.221394E-01  -0.250898E+00  -0.127713E-05  -0.315712E-06   0.269585E-01   0.112681E+00   0.508970E-06   0.131291E-06  -0.308490E-02   0.304970E+00   0.156809E-05  -0.739720E-06   0.159270E+00   0.497931E-01   0.322581E-06
    6.212   0.423716E-01   0.232091E-06   0.296717E-06  -0.223463E-01  -0.255902E+00  -0.130415E-05  -0.322489E-06   0.272173E-01   0.127708E+00   0.592541E-06   0.132670E-06  -0.198239E-02   0.302921E+00   0.155977E-05  -0.652168E-06   0.144486E+00   0.513271E-01   0.323898E-06
    6.364   0.433413E-01   0.237108E-06   0.301871E-06  -0.222829E-01  -0.260314E+00  -0.132823E-05  -0.327375E-06   0.271446E-01   0.143124E+00   0.678740E-06   0.134770E-06  -0.104932E-02   0.300685E+00   0.155037E-05  -0.563169E-06   0.129539E+00   0.527038E-01   0.324389E-06
    6.515   0.442258E-01   0.241496E-06   0.305303E-06  -0.219383E-01  -0.264128E+00  -0.134929E-05  -0.330277E-06   0.267305E-01   0.158339E+00   0.764163E-06   0.137349E-06  -0.295145E-03   0.298270E+00   0.153988E-05  -0.475795E-06   0.114943E+00   0.539202E-01   0.324325E-06
    6.667   0.450290E-01   0.245275E-06   0.307019E-06  -0.213245E-01  -0.267373E+00  -0.136748E-05  -0.331247E-06   0.259926E-01   0.172849E+00   0.845900E-06   0.140177E-06   0.282880E-03   0.295690E+00   0.152832E-05  -0.392647E-06   0.101135E+00   0.549849E-01   0.323958E-06
    6.818   0.457548E-01   0.248484E-06   0.307155E-06  -0.204742E-01  -0.270108E+00  -0.138307E-05  -0.330460E-06   0.249700E-01   0.186318E+00   0.922013E-06   0.143066E-06   0.697806E-03   0.292964E+00   0.151578E-05  -0.315420E-06   0.883974E-01   0.559143E-01   0.323490E-06
    6.970   0.464077E-01   0.251173E-06   0.305928E-06  -0.194310E-01  -0.272403E+00  -0.139642E-05  -0.328160E-06   0.237137E-01   0.198579E+00   0.991511E-06   0.145883E-06   0.969505E-03   0.290118E+00   0.150239E-05  -0.244926E-06   0.768624E-01   0.567283E-01   0.323055E-06
    7.121   0.469928E-01   0.253400E-06   0.303575E-06  -0.182400E-01  -0.274333E+00  -0.140792E-05  -0.324623E-06   0.222777E-01   0.209588E+00   0.105413E-05   0.148537E-06   0.112017E-02   0.287177E+00   0.148827E-05  -0.181312E-06   0.665495E-01   0.574460E-01   0.322734E-06
    7.273   0.475140E-01   0.255215E-06   0.300333E-06  -0.169448E-01  -0.275968E+00  -0.141790E-05  -0.320117E-06   0.207137E-01   0.219385E+00   0.111007E-05   0.150973E-06   0.117173E-02   0.284164E+00   0.147358E-05  -0.124313E-06   0.574080E-01   0.580841E-01   0.322564E-06
    7.424   0.479733E-01   0.256659E-06   0.296426E-06  -0.155848E-01  -0.277368E+00  -0.142668E-05  -0.314887E-06   0.190679E-01   0.228054E+00   0.115978E-05   0.153158E-06   0.114395E-02   0.281099E+00   0.145843E-05  -0.734448E-07   0.493512E-01   0.586555E-01   0.322551E-06
    7.576   0.483724E-01   0.257762E-06   0.292031E-06  -0.141917E-01  -0.278587E+00  -0.143452E-05  -0.309144E-06   0.173796E-01   0.235701E+00   0.120382E-05   0.155074E-06   0.105471E-02   0.277996E+00   0.144293E-05  -0.281311E-07   0.422758E-01   0.591709E-01   0.322685E-06
    7.727   0.487125E-01   0.258553E-06   0.287301E-06  -0.127918E-01  -0.279668E+00  -0.144165E-05  -0.303062E-06   0.156808E-01   0.242438E+00   0.124280E-05   0.156714E-06   0.918679E-03   0.274866E+00   0.142715E-05   0.122271E-07   0.360759E-01   0.596375E-01   0.322944E-06
    7.879   0.489931E-01   0.259045E-06   0.282358E-06  -0.114061E-01  -0.280648E+00  -0.144822E-05  -0.296781E-06   0.139973E-01   0.248374E+00   0.127733E-05   0.158074E-06   0.748699E-03   0.271714E+00   0.141114E-05   0.482026E-07   0.306502E-01   0.600609E-01   0.323302E-06
    8.030   0.492162E-01   0.259261E-06   0.277289E-06  -0.100497E-01  -0.281555E+00  -0.145440E-05  -0.290407E-06   0.123488E-01   0.253614E+00   0.130795E-05   0.159158E-06   0.554532E-03   0.268544E+00   0.139493E-05   0.803277E-07   0.259049E-01   0.604446E-01   0.323728E-06
    8.182   0.493793E-01   0.259198E-06   0.272166E-06  -0.873504E-02  -0.282411E+00  -0.146028E-05  -0.284024E-06   0.107502E-01   0.258251E+00   0.133517E-05   0.159971E-06   0.344536E-03   0.265355E+00   0.137852E-05   0.109079E-06   0.217566E-01   0.607914E-01   0.324194E-06
    8.333   0.494833E-01   0.258867E-06   0.267035E-06  -0.746989E-02  -0.283236E+00  -0.146596E-05  -0.277686E-06   0.921207E-02   0.262368E+00   0.135944E-05   0.160516E-06   0.125404E-03   0.262142E+00   0.136193E-05   0.134881E-06   0.181301E-01   0.611035E-01   0.324674E-06
    8.485   0.495265E-01   0.258265E-06   0.261927E-06  -0.626027E-02  -0.284044E+00  -0.147150E-05  -0.271434E-06   0.774176E-02   0.266041E+00   0.138118E-05   0.160800E-06  -0.977126E-04   0.258900E+00   0.134512E-05   0.158106E-06   0.149598E-01   0.613820E-01   0.325144E-06
    8.636   0.495092E-01   0.257397E-06   0.256860E-06  -0.510934E-02  -0.284845E+00  -0.147696E-05  -0.265289E-06   0.634376E-02   0.269335E+00   0.140072E-05   0.160830E-06  -0.320952E-03   0.255623E+00   0.132808E-05   0.179078E-06   0.121886E-01   0.616280E-01   0.325582E-06
    8.788   0.494304E-01   0.256259E-06   0.251844E-06  -0.401937E-02  -0.285649E+00  -0.148237E-05  -0.259261E-06   0.502062E-02   0.272307E+00   0.141839E-05   0.160610E-06  -0.540830E-03   0.252302E+00   0.131076E-05   0.198076E-06   0.976699E-02   0.618421E-01   0.325969E-06
    8.939   0.492905E-01   0.254854E-06   0.246879E-06  -0.299082E-02  -0.286462E+00  -0.148777E-05  -0.253351E-06   0.377313E-02   0.275005E+00   0.143444E-05   0.160147E-06  -0.755155E-03   0.248928E+00   0.129313E-05   0.215344E-06   0.765194E-02   0.620253E-01   0.326292E-06
    9.091   0.490877E-01   0.253174E-06   0.241959E-06  -0.202340E-02  -0.287290E+00  -0.149319E-05  -0.247552E-06   0.260104E-02   0.277473E+00   0.144911E-05   0.159445E-06  -0.961946E-03   0.245492E+00   0.127514E-05   0.231089E-06   0.580614E-02   0.621784E-01   0.326538E-06
    9.242   0.488212E-01   0.251213E-06   0.237072E-06  -0.111612E-02  -0.288136E+00  -0.149864E-05  -0.241850E-06   0.150293E-02   0.279746E+00   0.146260E-05   0.158510E-06  -0.116005E-02   0.241983E+00   0.125673E-05   0.245491E-06   0.419718E-02   0.623020E-01   0.326700E-06
    9.394   0.484908E-01   0.248969E-06   0.232205E-06  -0.267532E-03  -0.289003E+00  -0.150412E-05  -0.236230E-06   0.477099E-03   0.281857E+00   0.147507E-05   0.157345E-06  -0.134832E-02   0.238390E+00   0.123787E-05   0.258702E-06   0.279737E-02   0.623971E-01   0.326769E-06
    9.545   0.480970E-01   0.246445E-06   0.227343E-06   0.524077E-03  -0.289892E+00  -0.150966E-05  -0.230671E-06  -0.478755E-03   0.283832E+00   0.148669E-05   0.155954E-06  -0.152600E-02   0.234704E+00   0.121850E-05   0.270856E-06   0.158243E-02   0.624644E-01   0.326742E-06
    9.697   0.476378E-01   0.243628E-06   0.222469E-06   0.126069E-02  -0.290805E+00  -0.151526E-05  -0.225153E-06  -0.136707E-02   0.285695E+00   0.149756E-05   0.154340E-06  -0.169248E-02   0.230913E+00   0.119856E-05   0.282065E-06   0.531200E-03   0.625051E-01   0.326616E-06
    9.848   0.471168E-01   0.240536E-06   0.217562E-06   0.194434E-02  -0.291742E+00  -0.152091E-05  -0.219654E-06  -0.219054E-02   0.287464E+00   0.150782E-05   0.152508E-06  -0.184776E-02   0.227008E+00   0.117801E-05   0.292426E-06  -0.374694E-03   0.625199E-01   0.326389E-06
   10.000   0.465293E-01   0.237141E-06   0.212608E-06   0.257688E-02  -0.292703E+00  -0.152662E-05  -0.214151E-06  -0.295174E-02   0.289157E+00   0.151754E-05   0.150460E-06  -0.199137E-02   0.222977E+00   0.115680E-05   0.302023E-06  -0.115129E-02   0.625104E-01   0.326066E-06
   10.152   0.458781E-01   0.233459E-06   0.207587E-06   0.316029E-02  -0.293688E+00  -0.153239E-05  -0.208625E-06  -0.365291E-02   0.290787E+00   0.152681E-05   0.148201E-06  -0.212327E-02   0.218812E+00   0.113487E-05   0.310924E-06  -0.181233E-02   0.624777E-01   0.325647E-06
   10.303   0.451624E-01   0.229484E-06   0.202483E-06   0.369648E-02  -0.294694E+00  -0.153820E-05  -0.203054E-06  -0.429660E-02   0.292366E+00   0.153569E-05   0.145733E-06  -0.224357E-02   0.214502E+00   0.111217E-05   0.319190E-06  -0.237019E-02   0.624230E-01   0.325135E-06
   10.455   0.443839E-01   0.225221E-06   0.197283E-06   0.418695E-02  -0.295720E+00  -0.154406E-05  -0.197418E-06  -0.488493E-02   0.293905E+00   0.154424E-05   0.143059E-06  -0.235194E-02   0.210038E+00   0.108867E-05   0.326873E-06  -0.283574E-02   0.623475E-01   0.324534E-06
   10.606   0.435405E-01   0.220660E-06   0.191972E-06   0.463329E-02  -0.296765E+00  -0.154995E-05  -0.191701E-06  -0.541993E-02   0.295410E+00   0.155252E-05   0.140182E-06  -0.244859E-02   0.205412E+00   0.106432E-05   0.334019E-06  -0.321851E-02   0.622530E-01   0.323851E-06
   10.758   0.426366E-01   0.215821E-06   0.186537E-06   0.503670E-02  -0.297825E+00  -0.155586E-05  -0.185888E-06  -0.590311E-02   0.296888E+00   0.156055E-05   0.137108E-06  -0.253360E-02   0.200616E+00   0.103909E-05   0.340663E-06  -0.352692E-02   0.621407E-01   0.323092E-06
   10.909   0.416706E-01   0.210696E-06   0.180971E-06   0.539825E-02  -0.298898E+00  -0.156177E-05  -0.179965E-06  -0.633616E-02   0.298345E+00   0.156837E-05   0.133840E-06  -0.260686E-02   0.195642E+00   0.101292E-05   0.346839E-06  -0.376850E-02   0.620119E-01   0.322262E-06
   11.061   0.406418E-01   0.205280E-06   0.175264E-06   0.571903E-02  -0.299981E+00  -0.156768E-05  -0.173922E-06  -0.672015E-02   0.299784E+00   0.157601E-05   0.130382E-06  -0.266851E-02   0.190483E+00   0.985804E-06   0.352572E-06  -0.394991E-02   0.618685E-01   0.321369E-06
   11.212   0.395501E-01   0.199569E-06   0.169413E-06   0.599958E-02  -0.301070E+00  -0.157357E-05  -0.167748E-06  -0.705615E-02   0.301208E+00   0.158348E-05   0.126739E-06  -0.271845E-02   0.185134E+00   0.957704E-06   0.357889E-06  -0.407724E-02   0.617119E-01   0.320422E-06
   11.364   0.383983E-01   0.193580E-06   0.163412E-06   0.624051E-02  -0.302161E+00  -0.157942E-05  -0.161441E-06  -0.734480E-02   0.302620E+00   0.159081E-05   0.122918E-06  -0.275689E-02   0.179591E+00   0.928601E-06   0.362807E-06  -0.415586E-02   0.615439E-01   0.319427E-06
   11.515   0.371884E-01   0.187321E-06   0.157263E-06   0.644222E-02  -0.303248E+00  -0.158520E-05  -0.154998E-06  -0.758668E-02   0.304019E+00   0.159800E-05   0.118924E-06  -0.278384E-02   0.173849E+00   0.898480E-06   0.367346E-06  -0.419078E-02   0.613660E-01   0.318395E-06
   11.667   0.359233E-01   0.180804E-06   0.150969E-06   0.660478E-02  -0.304329E+00  -0.159090E-05  -0.148417E-06  -0.778218E-02   0.305406E+00   0.160506E-05   0.114766E-06  -0.279922E-02   0.167906E+00   0.867332E-06   0.371523E-06  -0.418653E-02   0.611795E-01   0.317330E-06
   11.818   0.346031E-01   0.174031E-06   0.144533E-06   0.672833E-02  -0.305397E+00  -0.159649E-05  -0.141705E-06  -0.793124E-02   0.306781E+00   0.161200E-05   0.110451E-06  -0.280316E-02   0.161760E+00   0.835152E-06   0.375349E-06  -0.414721E-02   0.609864E-01   0.316245E-06
   11.970   0.332305E-01   0.167014E-06   0.137963E-06   0.681282E-02  -0.306447E+00  -0.160195E-05  -0.134864E-06  -0.803408E-02   0.308143E+00   0.161881E-05   0.105991E-06  -0.279581E-02   0.155413E+00   0.801947E-06   0.378840E-06  -0.407685E-02   0.607880E-01   0.315145E-06
   12.121   0.318060E-01   0.159754E-06   0.131268E-06   0.685830E-02  -0.307473E+00  -0.160725E-05  -0.127903E-06  -0.809056E-02   0.309490E+00   0.162549E-05   0.101396E-06  -0.277735E-02   0.148864E+00   0.767726E-06   0.382010E-06  -0.397910E-02   0.605858E-01   0.314038E-06
   12.273   0.303288E-01   0.152246E-06   0.124461E-06   0.686439E-02  -0.308469E+00  -0.161237E-05  -0.120832E-06  -0.810032E-02   0.310822E+00   0.163206E-05   0.966765E-07  -0.274761E-02   0.142117E+00   0.732510E-06   0.384872E-06  -0.385731E-02   0.603817E-01   0.312936E-06
   12.424   0.288076E-01   0.144533E-06   0.117557E-06   0.683092E-02  -0.309430E+00  -0.161727E-05  -0.113668E-06  -0.806307E-02   0.312137E+00   0.163849E-05   0.918496E-07  -0.270708E-02   0.135178E+00   0.696326E-06   0.387437E-06  -0.371485E-02   0.601768E-01   0.311843E-06
   12.576   0.272436E-01   0.136621E-06   0.110573E-06   0.675747E-02  -0.310349E+00  -0.162192E-05  -0.106426E-06  -0.797841E-02   0.313432E+00   0.164479E-05   0.869304E-07  -0.265589E-02   0.128051E+00   0.659209E-06   0.389722E-06  -0.355485E-02   0.599727E-01   0.310768E-06
   12.727   0.256419E-01   0.128533E-06   0.103529E-06   0.664386E-02  -0.311220E+00  -0.162631E-05  -0.991260E-07  -0.784589E-02   0.314707E+00   0.165096E-05   0.819369E-07  -0.259433E-02   0.120744E+00   0.621206E-06   0.391739E-06  -0.338038E-02   0.597707E-01   0.309718E-06
   12.879   0.239990E-01   0.120250E-06   0.964450E-07   0.649008E-02  -0.312037E+00  -0.163040E-05  -0.917849E-07  -0.766532E-02   0.315959E+00   0.165699E-05   0.768896E-07  -0.252277E-02   0.113268E+00   0.582366E-06   0.393506E-06  -0.319451E-02   0.595721E-01   0.308700E-06
   13.030   0.223260E-01   0.111828E-06   0.893461E-07   0.629562E-02  -0.312793E+00  -0.163415E-05  -0.844300E-07  -0.743608E-02   0.317189E+00   0.166289E-05   0.718122E-07  -0.244189E-02   0.105634E+00   0.542755E-06   0.395042E-06  -0.300014E-02   0.593782E-01   0.307719E-06
   13.182   0.206232E-01   0.103266E-06   0.822582E-07   0.606062E-02  -0.313482E+00  -0.163755E-05  -0.770837E-07  -0.715798E-02   0.318395E+00   0.166867E-05   0.667304E-07  -0.235222E-02   0.978536E-01   0.502441E-06   0.396366E-06  -0.280021E-02   0.591899E-01   0.306782E-06
   13.333   0.188951E-01   0.945861E-07   0.752076E-07   0.578513E-02  -0.314098E+00  -0.164057E-05  -0.697722E-07  -0.683070E-02   0.319578E+00   0.167432E-05   0.616728E-07  -0.225446E-02   0.899429E-01   0.461503E-06   0.397499E-06  -0.259762E-02   0.590084E-01   0.305892E-06
   13.485   0.171506E-01   0.858319E-07   0.682243E-07   0.546918E-02  -0.314636E+00  -0.164317E-05  -0.625244E-07  -0.645403E-02   0.320741E+00   0.167988E-05   0.566727E-07  -0.214968E-02   0.819178E-01   0.420030E-06   0.398469E-06  -0.239527E-02   0.588345E-01   0.305054E-06
   13.636   0.153899E-01   0.770018E-07   0.613398E-07   0.511333E-02  -0.315089E+00  -0.164534E-05  -0.553671E-07  -0.602793E-02   0.321886E+00   0.168536E-05   0.517663E-07  -0.203890E-02   0.737962E-01   0.378114E-06   0.399302E-06  -0.219606E-02   0.586692E-01   0.304271E-06
   13.788   0.136225E-01   0.681441E-07   0.545856E-07   0.471818E-02  -0.315454E+00  -0.164705E-05  -0.483306E-07  -0.555237E-02   0.323019E+00   0.169080E-05   0.469954E-07  -0.192360E-02   0.655976E-01   0.335859E-06   0.400032E-06  -0.200292E-02   0.585128E-01   0.303545E-06
   13.939   0.118495E-01   0.592611E-07   0.479987E-07   0.428475E-02  -0.315726E+00  -0.164829E-05  -0.414438E-07  -0.502746E-02   0.324148E+00   0.169625E-05   0.424066E-07  -0.180530E-02   0.573427E-01   0.293372E-06   0.400695E-06  -0.181878E-02   0.583661E-01   0.302877E-06
   14.091   0.100821E-01   0.504100E-07   0.416159E-07   0.381436E-02  -0.315901E+00  -0.164903E-05  -0.347372E-07  -0.445345E-02   0.325283E+00   0.170176E-05   0.380534E-07  -0.168603E-02   0.490536E-01   0.250771E-06   0.401333E-06  -0.164665E-02   0.582294E-01   0.302267E-06
   14.242   0.832470E-02   0.416120E-07   0.354816E-07   0.330917E-02  -0.315978E+00  -0.164928E-05  -0.282412E-07  -0.383061E-02   0.326442E+00   0.170744E-05   0.339986E-07  -0.156827E-02   0.407538E-01   0.208177E-06   0.401997E-06  -0.148958E-02   0.581031E-01   0.301714E-06
   14.394   0.658632E-02   0.329120E-07   0.296443E-07   0.277232E-02  -0.315955E+00  -0.164903E-05  -0.219860E-07  -0.315934E-02   0.327648E+00   0.171341E-05   0.303156E-07  -0.145516E-02   0.324678E-01   0.165716E-06   0.402745E-06  -0.135076E-02   0.579874E-01   0.301216E-06
   14.545   0.487499E-02   0.243506E-07   0.241663E-07   0.220897E-02  -0.315836E+00  -0.164829E-05  -0.160023E-07  -0.244010E-02   0.328934E+00   0.171985E-05   0.270943E-07  -0.135076E-02   0.242212E-01   0.123523E-06   0.403656E-06  -0.123354E-02   0.578827E-01   0.300770E-06
   14.697   0.319873E-02   0.159690E-07   0.191386E-07   0.162869E-02  -0.315627E+00  -0.164712E-05  -0.103213E-07  -0.167334E-02   0.330356E+00   0.172707E-05   0.244489E-07  -0.126062E-02   0.160413E-01   0.817366E-07   0.404832E-06  -0.114167E-02   0.577896E-01   0.300375E-06
   14.848   0.157002E-02   0.783172E-08   0.147248E-07   0.105329E-02  -0.315350E+00  -0.164561E-05  -0.497584E-08  -0.859634E-03   0.332014E+00   0.173558E-05   0.225366E-07  -0.119252E-02   0.795704E-02   0.405081E-07   0.406441E-06  -0.107967E-02   0.577106E-01   0.300033E-06
   15.000   0.228738E-09   0.113920E-14   0.115946E-07   0.595145E-03  -0.315075E+00  -0.164416E-05  -0.110158E-14  -0.131277E-09   0.334171E+00   0.174678E-05   0.216200E-07  -0.115942E-02   0.118037E-08   0.600326E-14   0.408871E-06  -0.105483E-02   0.576551E-01   0.299778E-06
