    0.000  -0.206866E-16   0.145062E-16  -0.345771E-18  -0.174418E-16   0.906984E-12   0.268011E-08   0.373893E-18   0.180471E-16   0.783277E-17   0.341723E-16  -0.268056E-08   0.908307E-12  -0.200862E-11   0.169796E-08  -0.169763E-08  -0.200859E-11  -0.368354E-16  -0.859250E-17
    0.408   0.389974E-01  -0.800079E-15   0.606878E-15   0.921285E-02   0.838893E-12   0.230240E-08   0.348232E-16  -0.921074E-02   0.376139E-01   0.591983E-15  -0.244702E-08   0.743176E-12  -0.194541E-11   0.162618E-08  -0.154722E-08  -0.188019E-11   0.979046E-01  -0.134672E-14
    0.816   0.758871E-01  -0.620352E-15   0.113296E-14   0.165858E-01   0.696107E-12   0.166342E-08   0.395256E-16  -0.169481E-01   0.725638E-01   0.344670E-15  -0.195457E-08   0.465844E-12  -0.178000E-11   0.144559E-08  -0.121438E-08  -0.156895E-11   0.171317E+00  -0.181076E-14
    1.224   0.109132E+00  -0.161124E-14  -0.575741E-14   0.216234E-01   0.553584E-12   0.115451E-08   0.517745E-14  -0.227502E-01   0.104410E+00  -0.879774E-15  -0.146083E-08   0.256436E-12  -0.155855E-11   0.122031E-08  -0.878282E-09  -0.119944E-11   0.218912E+00  -0.297739E-14
    1.633   0.138139E+00  -0.664946E-15  -0.566648E-15   0.245131E-01   0.435933E-12   0.806493E-09   0.171795E-14  -0.266331E-01   0.132922E+00  -0.352068E-14  -0.105767E-08   0.129616E-12  -0.131970E-11   0.997153E-09  -0.614783E-09  -0.856375E-12   0.248306E+00  -0.353830E-14
    2.041   0.162858E+00  -0.497499E-15  -0.606220E-14   0.256835E-01   0.344606E-12   0.571286E-09   0.546273E-14  -0.288553E-01   0.157949E+00  -0.319119E-15  -0.750137E-09   0.596947E-13  -0.109169E-11   0.797897E-09  -0.431014E-09  -0.579127E-12   0.266131E+00  -0.281207E-14
    2.449   0.183559E+00  -0.132520E-14   0.269602E-14   0.256148E-01   0.274187E-12   0.409550E-09  -0.505966E-15  -0.297641E-01   0.179488E+00  -0.248522E-14  -0.520775E-09   0.235170E-13  -0.888468E-12   0.629592E-09  -0.311607E-09  -0.375232E-12   0.276717E+00  -0.289781E-14
    2.857   0.200683E+00  -0.115917E-14  -0.945628E-14   0.247392E-01   0.218958E-12   0.296408E-09   0.823420E-14  -0.297051E-01   0.197690E+00  -0.982744E-15  -0.350873E-09   0.621860E-14  -0.715776E-12   0.492199E-09  -0.238425E-09  -0.235215E-12   0.282772E+00  -0.306889E-14
    3.265   0.214733E+00  -0.150980E-14  -0.172273E-14   0.233955E-01   0.175566E-12   0.216179E-09   0.265491E-14  -0.289763E-01   0.212831E+00  -0.172958E-14  -0.225055E-09  -0.114781E-14  -0.571823E-12   0.382555E-09  -0.196387E-09  -0.143632E-12   0.286000E+00  -0.249816E-14
    3.673   0.226206E+00  -0.148483E-14   0.263886E-14   0.218230E-01   0.143543E-12   0.158674E-09  -0.942458E-15  -0.278125E-01   0.225260E+00  -0.258232E-14  -0.131613E-09  -0.375352E-14  -0.456009E-12   0.296418E-09  -0.174393E-09  -0.858061E-13   0.287486E+00  -0.300222E-14
    4.082   0.235554E+00  -0.149073E-14  -0.464257E-14   0.201779E-01   0.114407E-12   0.117090E-09   0.431271E-14  -0.263888E-01   0.235359E+00  -0.285187E-14  -0.618887E-10  -0.418305E-14  -0.362676E-12   0.229485E-09  -0.164784E-09  -0.502102E-13   0.287926E+00  -0.307489E-14
    4.490   0.243166E+00  -0.109500E-14  -0.364033E-14   0.185555E-01   0.928351E-13   0.867979E-10   0.357551E-14  -0.248305E-01   0.243505E+00  -0.523552E-14  -0.954378E-11  -0.373547E-14  -0.288059E-12   0.177859E-09  -0.162527E-09  -0.287081E-13   0.287761E+00  -0.293894E-14
    4.898   0.249367E+00  -0.149113E-14  -0.202252E-14   0.170095E-01   0.757014E-13   0.645865E-10   0.236792E-14  -0.232252E-01   0.250044E+00  -0.395644E-14   0.300385E-10  -0.303570E-14  -0.229334E-12   0.138220E-09  -0.164404E-09  -0.159150E-13   0.287273E+00  -0.256288E-14
    5.306   0.254424E+00  -0.180904E-14  -0.318973E-14   0.155674E-01   0.619264E-13   0.482194E-10   0.369742E-14  -0.216325E-01   0.255280E+00  -0.141569E-14   0.602014E-10  -0.230557E-14  -0.181530E-12   0.107871E-09  -0.168431E-09  -0.841680E-14   0.286635E+00  -0.200272E-14
    5.714   0.258548E+00  -0.870445E-15  -0.700884E-14   0.142406E-01   0.483866E-13   0.361034E-10   0.654827E-14  -0.200915E-01   0.259471E+00  -0.333195E-14   0.833823E-10  -0.167766E-14  -0.144463E-12   0.846551E-10  -0.173423E-09  -0.411859E-14   0.285955E+00  -0.212696E-14
    6.122   0.261911E+00  -0.175879E-14  -0.413752E-14   0.130310E-01   0.382259E-13   0.270984E-10   0.483789E-14  -0.186267E-01   0.262830E+00  -0.161804E-14   0.101365E-09  -0.128487E-14  -0.115631E-12   0.668877E-10  -0.178692E-09  -0.167630E-14   0.285296E+00  -0.207472E-14
    6.531   0.264649E+00  -0.104668E-14  -0.101401E-13   0.119352E-01   0.327555E-13   0.203842E-10   0.852783E-14  -0.172527E-01   0.265530E+00  -0.486211E-15   0.115452E-09  -0.875852E-15  -0.920928E-13   0.532700E-10  -0.183862E-09  -0.393649E-15   0.284694E+00  -0.176542E-14
    6.939   0.266868E+00  -0.958032E-15  -0.267341E-14   0.109470E-01   0.263159E-13   0.153645E-10   0.329192E-14  -0.159765E-01   0.267710E+00  -0.752657E-15   0.126608E-09  -0.643594E-15  -0.733878E-13   0.428091E-10  -0.188741E-09   0.284004E-15   0.284166E+00  -0.177433E-14
    7.347   0.268652E+00  -0.989174E-15   0.977191E-15   0.100588E-01   0.207800E-13   0.116026E-10   0.421921E-15  -0.148003E-01   0.269481E+00  -0.302472E-15   0.135548E-09  -0.502258E-15  -0.583293E-13   0.347474E-10  -0.193255E-09   0.558922E-15   0.283723E+00  -0.143013E-14
    7.755   0.270066E+00  -0.764281E-15  -0.403735E-14   0.926258E-02   0.168386E-13   0.877841E-11   0.393216E-14  -0.137229E-01   0.270932E+00   0.170370E-15   0.142805E-09  -0.355023E-15  -0.471809E-13   0.285131E-10  -0.197386E-09   0.663868E-15   0.283365E+00  -0.102830E-14
    8.163   0.271159E+00  -0.695496E-15  -0.677136E-14   0.855033E-02   0.146344E-13   0.665419E-11   0.604412E-14  -0.127410E-01   0.272133E+00  -0.896446E-15   0.148781E-09  -0.255108E-15  -0.378130E-13   0.236706E-10  -0.201152E-09   0.685050E-15   0.283094E+00  -0.103911E-14
    8.571   0.271968E+00  -0.480289E-15  -0.174777E-14   0.791451E-02   0.107532E-13   0.505405E-11   0.223420E-14  -0.118500E-01   0.273141E+00  -0.653318E-15   0.153782E-09  -0.171595E-15  -0.298509E-13   0.198915E-10  -0.204592E-09   0.620490E-15   0.282909E+00  -0.652160E-15
    8.980   0.272518E+00  -0.296757E-15  -0.268078E-14   0.734818E-02   0.863140E-14   0.384674E-11   0.252069E-14  -0.110446E-01   0.274002E+00  -0.579890E-15   0.158044E-09  -0.985818E-16  -0.231492E-13   0.169270E-10  -0.207753E-09   0.546630E-15   0.282809E+00  -0.455107E-15
    9.388   0.272823E+00  -0.169043E-15   0.275966E-14   0.684493E-02   0.817581E-14   0.293476E-11  -0.194571E-14  -0.103192E-01   0.274752E+00  -0.433304E-15   0.161747E-09  -0.136472E-15  -0.192160E-13   0.145893E-10  -0.210680E-09   0.457646E-15   0.282794E+00  -0.173730E-15
    9.796   0.272890E+00  -0.124100E-15   0.468256E-14   0.639904E-02   0.558051E-14   0.224505E-11  -0.326785E-14  -0.966863E-02   0.275424E+00  -0.403356E-15   0.165034E-09  -0.318470E-16  -0.160714E-13   0.127364E-10  -0.213423E-09   0.373074E-15   0.282865E+00  -0.751204E-16
   10.204   0.272715E+00  -0.819647E-16  -0.514134E-14   0.600550E-02   0.401944E-14   0.172292E-11   0.424314E-14  -0.908751E-02   0.276045E+00   0.783576E-16   0.168015E-09  -0.464290E-16  -0.127326E-13   0.112604E-10  -0.216025E-09   0.320159E-15   0.283028E+00   0.148928E-15
   10.612   0.272284E+00   0.374575E-16  -0.486066E-14   0.565988E-02   0.414096E-14   0.132727E-11   0.396022E-14  -0.857108E-02   0.276639E+00   0.295818E-15   0.170789E-09  -0.228630E-16  -0.864740E-14   0.100796E-10  -0.218533E-09   0.262258E-15   0.283287E+00   0.218794E-15
   11.020   0.271575E+00   0.457818E-15   0.137439E-14   0.535827E-02   0.357404E-14   0.102708E-11  -0.685924E-15  -0.811504E-02   0.277230E+00   0.791055E-15   0.173425E-09  -0.134063E-16  -0.792580E-14   0.913181E-11  -0.220984E-09   0.217449E-15   0.283650E+00   0.435756E-15
   11.429   0.270555E+00   0.523628E-15   0.325404E-14   0.509731E-02   0.262663E-14   0.799010E-12  -0.205187E-14  -0.771533E-02   0.277840E+00   0.591748E-15   0.175987E-09   0.527173E-17  -0.543806E-14   0.836968E-11  -0.223421E-09   0.178184E-15   0.284129E+00   0.588413E-15
   11.837   0.269181E+00   0.732726E-15  -0.820516E-14   0.487400E-02   0.199958E-14   0.625337E-12   0.623375E-14  -0.736834E-02   0.278492E+00   0.690398E-15   0.178533E-09   0.240731E-16  -0.473057E-14   0.775693E-11  -0.225878E-09   0.127754E-15   0.284735E+00   0.627769E-15
   12.245   0.267395E+00   0.817820E-15  -0.114419E-14   0.468564E-02   0.132996E-14   0.492537E-12   0.845878E-15  -0.707077E-02   0.279209E+00   0.320171E-15   0.181104E-09  -0.570700E-17  -0.339370E-14   0.726569E-11  -0.228392E-09   0.112565E-15   0.285485E+00   0.921206E-15
   12.653   0.265126E+00   0.755301E-15   0.104763E-13   0.452966E-02   0.170094E-14   0.390274E-12  -0.738582E-14  -0.681954E-02   0.280018E+00   0.113734E-14   0.183746E-09   0.153021E-16  -0.251851E-14   0.687441E-11  -0.230996E-09   0.834650E-16   0.286394E+00   0.928734E-15
   13.061   0.262289E+00   0.102519E-14  -0.651111E-14   0.440359E-02   0.828818E-15   0.310491E-12   0.441658E-14  -0.661127E-02   0.280945E+00   0.115330E-14   0.186492E-09  -0.128124E-16  -0.269370E-14   0.656579E-11  -0.233720E-09   0.636751E-16   0.287483E+00   0.102757E-14
   13.469   0.258779E+00   0.988335E-15  -0.178376E-14   0.430472E-02   0.371734E-15   0.247090E-12   0.147206E-14  -0.644250E-02   0.282018E+00   0.123030E-14   0.189373E-09  -0.208485E-16  -0.201956E-14   0.632589E-11  -0.236592E-09   0.593991E-16   0.288770E+00   0.110457E-14
   13.878   0.254475E+00   0.954773E-15  -0.799586E-15   0.422990E-02   0.325799E-15   0.194985E-12   0.556934E-15  -0.630900E-02   0.283268E+00   0.100352E-14   0.192414E-09  -0.156317E-16  -0.361378E-15   0.614262E-11  -0.239640E-09   0.394321E-16   0.290276E+00   0.122371E-14
   14.286   0.249233E+00   0.894768E-15   0.277118E-14   0.417517E-02   0.508715E-15   0.150038E-12  -0.189123E-14  -0.620571E-02   0.284725E+00   0.724264E-15   0.195638E-09  -0.586928E-16  -0.129982E-14   0.600499E-11  -0.242888E-09   0.208370E-16   0.292019E+00   0.130378E-14
   14.694   0.242894E+00   0.952555E-15  -0.169684E-15   0.413558E-02   0.320255E-15   0.109347E-12  -0.119656E-16  -0.612569E-02   0.286417E+00   0.874305E-15   0.199052E-09  -0.163106E-16  -0.688612E-15   0.590175E-11  -0.246349E-09   0.272678E-16   0.294012E+00   0.130467E-14
   15.102   0.235271E+00   0.871401E-15   0.446918E-14   0.410464E-02  -0.451314E-15   0.700382E-13  -0.287349E-14  -0.606081E-02   0.288373E+00   0.175240E-14   0.202658E-09   0.233348E-16   0.111660E-15   0.582153E-11  -0.250039E-09   0.194270E-16   0.296261E+00   0.131078E-14
   15.510   0.226175E+00   0.829370E-15  -0.491200E-14   0.407419E-02  -0.122392E-14   0.298040E-13   0.368141E-14  -0.599913E-02   0.290609E+00   0.121271E-14   0.206446E-09  -0.123124E-16   0.201591E-15   0.575021E-11  -0.253951E-09   0.113625E-16   0.298764E+00   0.137999E-14
   15.918   0.215406E+00   0.795572E-15  -0.841312E-14   0.403384E-02  -0.254038E-15  -0.127183E-13   0.691425E-14  -0.592620E-02   0.293131E+00   0.165804E-14   0.210391E-09   0.907430E-17   0.114259E-15   0.567191E-11  -0.258070E-09   0.137443E-16   0.301501E+00   0.141121E-14
   16.327   0.202758E+00   0.814586E-15   0.363553E-15   0.397063E-02  -0.131805E-15  -0.591255E-13   0.424085E-15  -0.582482E-02   0.295936E+00   0.167027E-14   0.214443E-09  -0.157810E-16  -0.251555E-16   0.556857E-11  -0.262361E-09   0.160629E-17   0.304434E+00   0.153178E-14
   16.735   0.188063E+00   0.799461E-15  -0.112177E-14   0.386954E-02  -0.329066E-15  -0.109418E-12   0.126237E-14  -0.567317E-02   0.298991E+00   0.191594E-14   0.218532E-09  -0.182904E-16  -0.696432E-16   0.541821E-11  -0.266770E-09  -0.293139E-17   0.307498E+00   0.166188E-14
   17.143   0.171173E+00   0.784937E-15  -0.287248E-14   0.371305E-02  -0.631577E-15  -0.164026E-12   0.236580E-14  -0.544779E-02   0.302251E+00   0.243482E-14   0.222570E-09  -0.262178E-16  -0.330417E-17   0.519758E-11  -0.271224E-09  -0.840699E-17   0.310605E+00   0.160049E-14
   17.551   0.152019E+00   0.731614E-15  -0.428868E-14   0.348270E-02  -0.422952E-15  -0.221679E-12   0.288190E-14  -0.512294E-02   0.305642E+00   0.188267E-14   0.226437E-09  -0.667157E-17  -0.156507E-16   0.488184E-11  -0.275622E-09  -0.355248E-17   0.313637E+00   0.161234E-14
   17.959   0.130620E+00   0.658637E-15   0.113719E-13   0.315988E-02  -0.737792E-15  -0.280646E-12  -0.821002E-14  -0.467338E-02   0.309075E+00   0.185709E-14   0.229999E-09   0.633271E-17   0.733003E-16   0.444696E-11  -0.279850E-09  -0.694634E-17   0.316450E+00   0.161919E-14
   18.367   0.107121E+00   0.501495E-15   0.732411E-15   0.272778E-02  -0.137587E-14  -0.338309E-12  -0.888148E-15  -0.407661E-02   0.312453E+00   0.190168E-14   0.233099E-09   0.132871E-16  -0.424857E-16   0.387215E-11  -0.283794E-09  -0.448846E-18   0.318882E+00   0.168014E-14
   18.776   0.817998E-01   0.351789E-15  -0.146992E-14   0.217387E-02  -0.101606E-14  -0.391291E-12   0.110613E-14  -0.331578E-02   0.315703E+00   0.139783E-14   0.235591E-09  -0.584923E-17  -0.140035E-15   0.314265E-11  -0.287365E-09  -0.144790E-17   0.320767E+00   0.161559E-14
   19.184   0.550881E-01   0.285273E-15  -0.333469E-14   0.149347E-02  -0.747575E-15  -0.435420E-12   0.244722E-14  -0.238162E-02   0.318818E+00   0.169906E-14   0.237331E-09  -0.133243E-16  -0.121755E-15   0.225152E-11  -0.290540E-09  -0.107122E-16   0.321955E+00   0.164752E-14
   19.592   0.275747E-01   0.193242E-15   0.312019E-14   0.699329E-03  -0.919281E-15  -0.465779E-12  -0.200243E-14  -0.127352E-02   0.321965E+00   0.179137E-14   0.238223E-09  -0.385140E-18  -0.194983E-15   0.120058E-11  -0.293482E-09  -0.626866E-17   0.322347E+00   0.164742E-14
   20.000   0.634449E-08   0.203711E-16  -0.787655E-15  -0.748625E-04  -0.931378E-15  -0.475784E-12   0.148022E-14  -0.274516E-09   0.325873E+00   0.169788E-14   0.238275E-09  -0.910114E-17   0.368327E-16   0.256108E-18  -0.296912E-09  -0.165663E-16   0.322024E+00   0.164346E-14
