    0.000   0.593079E-18   0.875866E-19  -0.233058E-18  -0.174436E-18  -0.756957E-01  -0.181715E-08   0.359961E-18  -0.187607E-18   0.211104E-18  -0.152311E-17   0.162463E-08  -0.757077E-01   0.313428E+00   0.158370E-06   0.431358E-07   0.313416E+00   0.885987E-17   0.351712E-17
    0.202   0.229044E-02   0.527233E-10   0.153649E-11  -0.923045E-03  -0.759898E-01  -0.913904E-09  -0.183507E-11   0.107310E-02   0.147540E-02   0.130576E-10   0.584538E-09  -0.755455E-01   0.313485E+00  -0.296759E-08   0.123898E-08   0.313274E+00   0.207625E-02   0.668362E-11
    0.404   0.469433E-02   0.459041E-10   0.599510E-11  -0.194672E-02  -0.768688E-01  -0.568641E-09   0.509162E-12   0.208931E-02   0.291401E-02   0.139007E-10   0.378100E-09  -0.749976E-01   0.313476E+00   0.216057E-09  -0.166966E-08   0.312987E+00   0.473445E-02   0.151394E-10
    0.606   0.718637E-02   0.495114E-10   0.687628E-11  -0.289267E-02  -0.783127E-01  -0.470672E-09  -0.419559E-11   0.317439E-02   0.411885E-02   0.153651E-10   0.308960E-09  -0.740734E-01   0.313503E+00   0.122779E-08  -0.119978E-08   0.312499E+00   0.731995E-02   0.205603E-10
    0.808   0.978550E-02   0.544630E-10   0.835531E-11  -0.382519E-02  -0.803412E-01  -0.418180E-09  -0.789971E-11   0.428458E-02   0.523072E-02   0.176053E-10   0.268274E-09  -0.727723E-01   0.313546E+00   0.124786E-08  -0.986266E-09   0.311797E+00   0.999724E-02   0.251754E-10
    1.010   0.124947E-01   0.624114E-10   0.981954E-11  -0.474653E-02  -0.829644E-01  -0.385249E-09  -0.101209E-10   0.540549E-02   0.630669E-02   0.196829E-10   0.238198E-09  -0.710956E-01   0.313590E+00   0.120694E-08  -0.884092E-09   0.310873E+00   0.128323E-01   0.300487E-10
    1.212   0.153257E-01   0.645809E-10   0.112741E-10  -0.565870E-02  -0.861922E-01  -0.358101E-09  -0.122335E-10   0.653478E-02   0.738197E-02   0.214823E-10   0.216244E-09  -0.690445E-01   0.313621E+00   0.106118E-08  -0.813119E-09   0.309708E+00   0.158678E-01   0.350512E-10
    1.414   0.182898E-01   0.700508E-10   0.124033E-10  -0.656544E-02  -0.900327E-01  -0.342630E-09  -0.140296E-10   0.767302E-02   0.848942E-02   0.234220E-10   0.196024E-09  -0.666237E-01   0.313624E+00   0.989851E-09  -0.762259E-09   0.308278E+00   0.191404E-01   0.405282E-10
    1.616   0.213987E-01   0.766881E-10   0.134724E-10  -0.747111E-02  -0.944910E-01  -0.335058E-09  -0.155614E-10   0.882228E-02   0.966150E-02   0.253518E-10   0.177101E-09  -0.638433E-01   0.313584E+00   0.941148E-09  -0.718420E-09   0.306551E+00   0.226862E-01   0.466151E-10
    1.818   0.246634E-01   0.821589E-10   0.145768E-10  -0.838164E-02  -0.995663E-01  -0.328396E-09  -0.171835E-10   0.998627E-02   0.109337E-01   0.274048E-10   0.161745E-09  -0.607209E-01   0.313481E+00   0.887333E-09  -0.680007E-09   0.304488E+00   0.265408E-01   0.531145E-10
    2.020   0.280947E-01   0.886592E-10   0.155248E-10  -0.930388E-02  -0.105250E+00  -0.327169E-09  -0.186322E-10   0.111694E-01   0.123457E-01   0.297341E-10   0.144593E-09  -0.572836E-01   0.313294E+00   0.847630E-09  -0.646768E-09   0.302042E+00   0.307354E-01   0.602294E-10
    2.222   0.317008E-01   0.941731E-10   0.165699E-10  -0.102451E-01  -0.111521E+00  -0.324858E-09  -0.201342E-10   0.123761E-01   0.139433E-01   0.323208E-10   0.131538E-09  -0.535683E-01   0.313003E+00   0.805092E-09  -0.614508E-09   0.299160E+00   0.352941E-01   0.677030E-10
    2.424   0.354897E-01   0.100383E-09   0.175461E-10  -0.112135E-01  -0.118349E+00  -0.324628E-09  -0.214390E-10   0.136115E-01   0.157806E-01   0.352785E-10   0.118687E-09  -0.496229E-01   0.312586E+00   0.770337E-09  -0.583885E-09   0.295780E+00   0.402317E-01   0.755562E-10
    2.626   0.394673E-01   0.104285E-09   0.187202E-10  -0.122164E-01  -0.125683E+00  -0.324468E-09  -0.230906E-10   0.148804E-01   0.179221E-01   0.386902E-10   0.106933E-09  -0.455050E-01   0.312023E+00   0.724859E-09  -0.554556E-09   0.291837E+00   0.455482E-01   0.837726E-10
    2.828   0.436372E-01   0.108849E-09   0.198577E-10  -0.132598E-01  -0.133456E+00  -0.324616E-09  -0.246109E-10   0.161870E-01   0.204460E-01   0.426479E-10   0.964279E-10  -0.412812E-01   0.311294E+00   0.688923E-09  -0.526357E-09   0.287262E+00   0.512249E-01   0.922456E-10
    3.030   0.480018E-01   0.114057E-09   0.209217E-10  -0.143474E-01  -0.141582E+00  -0.327479E-09  -0.259074E-10   0.175345E-01   0.234475E-01   0.472135E-10   0.849949E-10  -0.370215E-01   0.310380E+00   0.658536E-09  -0.499072E-09   0.281983E+00   0.572255E-01   0.101045E-09
    3.232   0.525609E-01   0.118178E-09   0.221726E-10  -0.154793E-01  -0.149970E+00  -0.328190E-09  -0.274961E-10   0.189234E-01   0.270438E-01   0.525056E-10   0.759883E-10  -0.327885E-01   0.309265E+00   0.626732E-09  -0.472698E-09   0.275921E+00   0.635015E-01   0.109834E-09
    3.434   0.573118E-01   0.122832E-09   0.233790E-10  -0.166514E-01  -0.158528E+00  -0.330209E-09  -0.288829E-10   0.203505E-01   0.313797E-01   0.587053E-10   0.667455E-10  -0.286296E-01   0.307931E+00   0.599306E-09  -0.447130E-09   0.268980E+00   0.699994E-01   0.118634E-09
    3.636   0.622479E-01   0.126097E-09   0.247722E-10  -0.178527E-01  -0.167167E+00  -0.330308E-09  -0.306690E-10   0.218065E-01   0.366326E-01   0.660356E-10   0.592945E-10  -0.245753E-01   0.306365E+00   0.569652E-09  -0.422000E-09   0.261049E+00   0.766630E-01   0.127228E-09
    3.838   0.673586E-01   0.131205E-09   0.258238E-10  -0.190618E-01  -0.175793E+00  -0.332816E-09  -0.318027E-10   0.232735E-01   0.430187E-01   0.747638E-10   0.506461E-10  -0.206465E-01   0.304551E+00   0.548104E-09  -0.396747E-09   0.251997E+00   0.834302E-01   0.135658E-09
    4.040   0.726276E-01   0.135617E-09   0.268641E-10  -0.202447E-01  -0.184297E+00  -0.334571E-09  -0.330327E-10   0.247219E-01   0.508006E-01   0.851701E-10   0.427521E-10  -0.168613E-01   0.302474E+00   0.525840E-09  -0.370901E-09   0.241663E+00   0.902318E-01   0.143716E-09
    4.242   0.780333E-01   0.139259E-09   0.278420E-10  -0.213520E-01  -0.192560E+00  -0.335933E-09  -0.342966E-10   0.261057E-01   0.602944E-01   0.975998E-10   0.353003E-10  -0.132366E-01   0.300117E+00   0.502618E-09  -0.344371E-09   0.229842E+00   0.969960E-01   0.151326E-09
    4.444   0.835473E-01   0.143576E-09   0.284240E-10  -0.223175E-01  -0.200453E+00  -0.336682E-09  -0.350669E-10   0.273573E-01   0.718604E-01   0.112417E-09   0.284106E-10  -0.979354E-02   0.297461E+00   0.483156E-09  -0.317037E-09   0.216276E+00   0.103652E+00   0.158364E-09
    4.646   0.891340E-01   0.147645E-09   0.286212E-10  -0.230562E-01  -0.207826E+00  -0.336680E-09  -0.355122E-10   0.283816E-01   0.858529E-01   0.129944E-09   0.220866E-10  -0.656933E-02   0.294488E+00   0.464332E-09  -0.288672E-09   0.200687E+00   0.110128E+00   0.164813E-09
    4.848   0.947503E-01   0.151990E-09   0.282079E-10  -0.234674E-01  -0.214494E+00  -0.336244E-09  -0.352641E-10   0.290554E-01   0.102489E+00   0.150324E-09   0.160838E-10  -0.363319E-02   0.291184E+00   0.447263E-09  -0.259005E-09   0.182895E+00   0.116339E+00   0.170613E-09
    5.051   0.100348E+00   0.156230E-09   0.271338E-10  -0.234506E-01  -0.220252E+00  -0.334842E-09  -0.342999E-10   0.292383E-01   0.121602E+00   0.173194E-09   0.108009E-10  -0.108602E-02   0.287542E+00   0.430957E-09  -0.228009E-09   0.163037E+00   0.122193E+00   0.175661E-09
    5.253   0.105879E+00   0.160282E-09   0.253484E-10  -0.229331E-01  -0.224915E+00  -0.332234E-09  -0.324954E-10   0.288056E-01   0.142375E+00   0.197382E-09   0.637488E-11   0.966576E-03   0.283571E+00   0.415258E-09  -0.196420E-09   0.141833E+00   0.127616E+00   0.179886E-09
    5.455   0.111300E+00   0.163987E-09   0.229117E-10  -0.219016E-01  -0.228383E+00  -0.328340E-09  -0.298686E-10   0.277007E-01   0.163384E+00   0.221005E-09   0.291250E-11   0.245987E-02   0.279296E+00   0.399831E-09  -0.165688E-09   0.120567E+00   0.132578E+00   0.183294E-09
    5.657   0.116580E+00   0.167365E-09   0.199415E-10  -0.204138E-01  -0.230682E+00  -0.323208E-09  -0.265136E-10   0.259685E-01   0.183161E+00   0.242220E-09   0.419960E-12   0.340290E-02   0.274770E+00   0.384794E-09  -0.137404E-09   0.100583E+00   0.137113E+00   0.185957E-09
    5.859   0.121703E+00   0.170528E-09   0.165836E-10  -0.185811E-01  -0.231940E+00  -0.317208E-09  -0.225808E-10   0.237402E-01   0.200742E+00   0.259926E-09  -0.133638E-11   0.387076E-02   0.270065E+00   0.370354E-09  -0.112617E-09   0.827612E-01   0.141299E+00   0.188025E-09
    6.061   0.126660E+00   0.173423E-09   0.130324E-10  -0.165324E-01  -0.232337E+00  -0.310475E-09  -0.183426E-10   0.211833E-01   0.215776E+00   0.273845E-09  -0.244870E-11   0.396960E-02   0.265262E+00   0.356492E-09  -0.916658E-10   0.674155E-01   0.145221E+00   0.189627E-09
    6.263   0.131452E+00   0.176364E-09   0.938630E-11  -0.143867E-01  -0.232052E+00  -0.303429E-09  -0.138756E-10   0.184585E-01   0.228328E+00   0.284228E-09  -0.321429E-11   0.380485E-02   0.260439E+00   0.343720E-09  -0.743790E-10   0.544752E-01   0.148955E+00   0.190897E-09
    6.465   0.136080E+00   0.178661E-09   0.593971E-11  -0.122390E-01  -0.231243E+00  -0.295941E-09  -0.966673E-11   0.156983E-01   0.238658E+00   0.291548E-09  -0.355561E-11   0.346552E-02   0.255662E+00   0.330879E-09  -0.603201E-10   0.436889E-01   0.152553E+00   0.191891E-09
    6.667   0.140547E+00   0.180633E-09   0.271638E-11  -0.101587E-01  -0.230038E+00  -0.288286E-09  -0.569400E-11   0.130015E-01   0.247091E+00   0.296339E-09  -0.367642E-11   0.302038E-02   0.250978E+00   0.318544E-09  -0.489818E-10   0.347520E-01   0.156049E+00   0.192671E-09
    6.869   0.144857E+00   0.182325E-09  -0.251871E-12  -0.819232E-02  -0.228534E+00  -0.280590E-09  -0.201904E-11   0.104361E-01   0.253944E+00   0.299090E-09  -0.367231E-11   0.251982E-02   0.246420E+00   0.306777E-09  -0.398566E-10   0.273679E-01   0.159461E+00   0.193275E-09
    7.071   0.149014E+00   0.183758E-09  -0.293227E-11  -0.636834E-02  -0.226807E+00  -0.272929E-09   0.131255E-11   0.804514E-02   0.259502E+00   0.300213E-09  -0.359412E-11   0.199943E-02   0.242010E+00   0.295579E-09  -0.324823E-10   0.212729E-01   0.162800E+00   0.193723E-09
    7.273   0.153023E+00   0.184937E-09  -0.531649E-11  -0.470176E-02  -0.224913E+00  -0.265350E-09   0.428296E-11   0.585255E-02   0.264006E+00   0.300048E-09  -0.347055E-11   0.148358E-02   0.237756E+00   0.284922E-09  -0.264417E-10   0.162425E-01   0.166069E+00   0.194023E-09
    7.475   0.156888E+00   0.185882E-09  -0.740165E-11  -0.319789E-02  -0.222894E+00  -0.257889E-09   0.689082E-11   0.386841E-02   0.267658E+00   0.298873E-09  -0.332331E-11   0.988359E-03   0.233664E+00   0.274789E-09  -0.213891E-10   0.120899E-01   0.169267E+00   0.194184E-09
    7.677   0.160614E+00   0.186614E-09  -0.920905E-11  -0.185531E-02  -0.220783E+00  -0.250582E-09   0.915866E-11   0.209301E-02   0.270621E+00   0.296914E-09  -0.317265E-11   0.523936E-03   0.229730E+00   0.265160E-09  -0.171006E-10   0.866131E-02   0.172395E+00   0.194213E-09
    7.879   0.164208E+00   0.187147E-09  -0.107656E-10  -0.668093E-03  -0.218604E+00  -0.243443E-09   0.111133E-10   0.520091E-03   0.273028E+00   0.294356E-09  -0.302217E-11   0.962191E-04   0.225952E+00   0.256004E-09  -0.134908E-10   0.583106E-02   0.175449E+00   0.194113E-09
    8.081   0.167673E+00   0.187494E-09  -0.120995E-10   0.372482E-03  -0.216375E+00  -0.236483E-09   0.127872E-10  -0.860862E-03   0.274986E+00   0.291344E-09  -0.287523E-11  -0.291861E-03   0.222321E+00   0.247293E-09  -0.105634E-10   0.349630E-02   0.178428E+00   0.193891E-09
    8.283   0.171016E+00   0.187661E-09  -0.132493E-10   0.127678E-02  -0.214111E+00  -0.229702E-09   0.142195E-10  -0.206286E-02   0.276581E+00   0.287992E-09  -0.273803E-11  -0.639439E-03   0.218830E+00   0.238993E-09  -0.831220E-11   0.157288E-02   0.181331E+00   0.193551E-09
    8.485   0.174242E+00   0.187662E-09  -0.142431E-10   0.205594E-02  -0.211823E+00  -0.223105E-09   0.154434E-10  -0.310008E-02   0.277881E+00   0.284390E-09  -0.262941E-11  -0.947065E-03   0.215471E+00   0.231079E-09  -0.665342E-11  -0.801121E-05   0.184155E+00   0.193098E-09
    8.687   0.177356E+00   0.187514E-09  -0.151054E-10   0.272129E-02  -0.209520E+00  -0.216691E-09   0.164883E-10  -0.398721E-02   0.278942E+00   0.280608E-09  -0.256658E-11  -0.121622E-02   0.212236E+00   0.223529E-09  -0.542995E-11  -0.130311E-02   0.186900E+00   0.192538E-09
    8.889   0.180362E+00   0.187226E-09  -0.158503E-10   0.328396E-02  -0.207209E+00  -0.210460E-09   0.173747E-10  -0.473873E-02   0.279808E+00   0.276698E-09  -0.255312E-11  -0.144900E-02   0.209117E+00   0.216319E-09  -0.446686E-11  -0.235917E-02   0.189567E+00   0.191875E-09
    9.091   0.183265E+00   0.186810E-09  -0.164865E-10   0.375463E-02  -0.204896E+00  -0.204408E-09   0.181167E-10  -0.536857E-02   0.280515E+00   0.272701E-09  -0.257927E-11  -0.164784E-02   0.206104E+00   0.209427E-09  -0.363023E-11  -0.321494E-02   0.192155E+00   0.191114E-09
    9.293   0.186069E+00   0.186273E-09  -0.170181E-10   0.414334E-02  -0.202586E+00  -0.198532E-09   0.187253E-10  -0.588993E-02   0.281090E+00   0.268645E-09  -0.262679E-11  -0.181537E-02   0.203192E+00   0.202828E-09  -0.285151E-11  -0.390265E-02   0.194666E+00   0.190260E-09
    9.495   0.188779E+00   0.185626E-09  -0.174443E-10   0.445945E-02  -0.200283E+00  -0.192827E-09   0.192075E-10  -0.631505E-02   0.281558E+00   0.264555E-09  -0.267846E-11  -0.195428E-02   0.200373E+00   0.196505E-09  -0.213147E-11  -0.444917E-02   0.197099E+00   0.189316E-09
    9.697   0.191399E+00   0.184877E-09  -0.177723E-10   0.471157E-02  -0.197990E+00  -0.187289E-09   0.195732E-10  -0.665524E-02   0.281937E+00   0.260454E-09  -0.272063E-11  -0.206723E-02   0.197640E+00   0.190440E-09  -0.151853E-11  -0.487704E-02   0.199456E+00   0.188288E-09
    9.899   0.193931E+00   0.184033E-09  -0.180068E-10   0.490754E-02  -0.195709E+00  -0.181916E-09   0.198329E-10  -0.692083E-02   0.282242E+00   0.256364E-09  -0.274673E-11  -0.215682E-02   0.194987E+00   0.184616E-09  -0.107205E-11  -0.520518E-02   0.201739E+00   0.187182E-09
   10.101   0.196381E+00   0.183100E-09  -0.181594E-10   0.505448E-02  -0.193444E+00  -0.176702E-09   0.199983E-10  -0.712118E-02   0.282487E+00   0.252302E-09  -0.276104E-11  -0.222552E-02   0.192410E+00   0.179020E-09  -0.815617E-12  -0.544952E-02   0.203948E+00   0.186004E-09
   10.303   0.198750E+00   0.182085E-09  -0.182405E-10   0.515881E-02  -0.191196E+00  -0.171644E-09   0.200837E-10  -0.726474E-02   0.282680E+00   0.248277E-09  -0.277882E-11  -0.227564E-02   0.189902E+00   0.173638E-09  -0.716086E-12  -0.562355E-02   0.206087E+00   0.184760E-09
   10.505   0.201041E+00   0.180993E-09  -0.182648E-10   0.522630E-02  -0.188968E+00  -0.166737E-09   0.201030E-10  -0.735907E-02   0.282831E+00   0.244293E-09  -0.281882E-11  -0.230937E-02   0.187460E+00   0.168457E-09  -0.695331E-12  -0.573865E-02   0.208156E+00   0.183452E-09
   10.707   0.203259E+00   0.179832E-09  -0.182469E-10   0.526207E-02  -0.186760E+00  -0.161975E-09   0.200726E-10  -0.741098E-02   0.282946E+00   0.240349E-09  -0.289029E-11  -0.232869E-02   0.185079E+00   0.163468E-09  -0.677811E-12  -0.580452E-02   0.210158E+00   0.182086E-09
   10.909   0.205404E+00   0.178606E-09  -0.182003E-10   0.527071E-02  -0.184574E+00  -0.157357E-09   0.200044E-10  -0.742648E-02   0.283032E+00   0.236448E-09  -0.298492E-11  -0.233546E-02   0.182756E+00   0.158658E-09  -0.629569E-12  -0.582935E-02   0.212095E+00   0.180666E-09
   11.111   0.207481E+00   0.177320E-09  -0.181380E-10   0.525628E-02  -0.182411E+00  -0.152877E-09   0.199136E-10  -0.741093E-02   0.283092E+00   0.232594E-09  -0.308229E-11  -0.233134E-02   0.180487E+00   0.154019E-09  -0.565374E-12  -0.582014E-02   0.213967E+00   0.179198E-09
   11.313   0.209491E+00   0.175979E-09  -0.180704E-10   0.522234E-02  -0.180273E+00  -0.148532E-09   0.198095E-10  -0.736906E-02   0.283131E+00   0.228791E-09  -0.316419E-11  -0.231787E-02   0.178269E+00   0.149542E-09  -0.517054E-12  -0.578284E-02   0.215778E+00   0.177686E-09
   11.515   0.211436E+00   0.174589E-09  -0.180012E-10   0.517207E-02  -0.178159E+00  -0.144319E-09   0.196969E-10  -0.730504E-02   0.283153E+00   0.225041E-09  -0.322538E-11  -0.229640E-02   0.176099E+00   0.145218E-09  -0.502908E-12  -0.572251E-02   0.217530E+00   0.176134E-09
   11.717   0.213320E+00   0.173153E-09  -0.179308E-10   0.510823E-02  -0.176071E+00  -0.140231E-09   0.195789E-10  -0.722254E-02   0.283159E+00   0.221347E-09  -0.327185E-11  -0.226818E-02   0.173975E+00   0.141042E-09  -0.518393E-12  -0.564343E-02   0.219223E+00   0.174543E-09
   11.919   0.215143E+00   0.171675E-09  -0.178560E-10   0.503325E-02  -0.174009E+00  -0.136266E-09   0.194530E-10  -0.712477E-02   0.283153E+00   0.217709E-09  -0.331203E-11  -0.223431E-02   0.171895E+00   0.137004E-09  -0.550463E-12  -0.554928E-02   0.220861E+00   0.172918E-09
   12.121   0.216908E+00   0.170159E-09  -0.177719E-10   0.494923E-02  -0.171974E+00  -0.132420E-09   0.193184E-10  -0.701456E-02   0.283137E+00   0.214130E-09  -0.335160E-11  -0.219576E-02   0.169856E+00   0.133100E-09  -0.592049E-12  -0.544318E-02   0.222445E+00   0.171261E-09
   12.323   0.218617E+00   0.168608E-09  -0.176785E-10   0.485803E-02  -0.169965E+00  -0.128691E-09   0.191728E-10  -0.689435E-02   0.283112E+00   0.210612E-09  -0.339402E-11  -0.215341E-02   0.167856E+00   0.129323E-09  -0.643130E-12  -0.532778E-02   0.223977E+00   0.169576E-09
   12.525   0.220272E+00   0.167025E-09  -0.175654E-10   0.476124E-02  -0.167985E+00  -0.125072E-09   0.190114E-10  -0.676627E-02   0.283080E+00   0.207153E-09  -0.344104E-11  -0.210803E-02   0.165895E+00   0.125668E-09  -0.709270E-12  -0.520533E-02   0.225458E+00   0.167865E-09
   12.727   0.221874E+00   0.165413E-09  -0.174404E-10   0.466024E-02  -0.166031E+00  -0.121562E-09   0.188393E-10  -0.663217E-02   0.283042E+00   0.203748E-09  -0.349034E-11  -0.206028E-02   0.163970E+00   0.122129E-09  -0.795627E-12  -0.507772E-02   0.226891E+00   0.166132E-09
   12.929   0.223426E+00   0.163774E-09  -0.173093E-10   0.455621E-02  -0.164106E+00  -0.118155E-09   0.186618E-10  -0.649364E-02   0.282999E+00   0.200394E-09  -0.353512E-11  -0.201076E-02   0.162079E+00   0.118701E-09  -0.898039E-12  -0.494655E-02   0.228278E+00   0.164377E-09
   13.131   0.224928E+00   0.162111E-09  -0.171701E-10   0.445017E-02  -0.162208E+00  -0.114849E-09   0.184795E-10  -0.635204E-02   0.282952E+00   0.197092E-09  -0.356753E-11  -0.195998E-02   0.160223E+00   0.115380E-09  -0.996869E-12  -0.481318E-02   0.229619E+00   0.162604E-09
   13.333   0.226384E+00   0.160426E-09  -0.170398E-10   0.434298E-02  -0.160337E+00  -0.111643E-09   0.183044E-10  -0.620855E-02   0.282902E+00   0.193843E-09  -0.358235E-11  -0.190839E-02   0.158398E+00   0.112162E-09  -0.106452E-11  -0.467873E-02   0.230917E+00   0.160818E-09
   13.535   0.227793E+00   0.158723E-09  -0.169190E-10   0.423538E-02  -0.158495E+00  -0.108532E-09   0.181382E-10  -0.606415E-02   0.282849E+00   0.190646E-09  -0.357900E-11  -0.185636E-02   0.156606E+00   0.109043E-09  -0.108736E-11  -0.454415E-02   0.232173E+00   0.159021E-09
   13.737   0.229158E+00   0.157003E-09  -0.168184E-10   0.412800E-02  -0.156679E+00  -0.105513E-09   0.179902E-10  -0.591971E-02   0.282795E+00   0.187501E-09  -0.356075E-11  -0.180424E-02   0.154843E+00   0.106019E-09  -0.107981E-11  -0.441021E-02   0.233388E+00   0.157213E-09
   13.939   0.230480E+00   0.155269E-09  -0.167366E-10   0.402134E-02  -0.154892E+00  -0.102583E-09   0.178571E-10  -0.577592E-02   0.282739E+00   0.184405E-09  -0.353473E-11  -0.175229E-02   0.153110E+00   0.103087E-09  -0.107330E-11  -0.427756E-02   0.234565E+00   0.155397E-09
   14.141   0.231761E+00   0.153523E-09  -0.166708E-10   0.391584E-02  -0.153131E+00  -0.997384E-10   0.177393E-10  -0.563339E-02   0.282683E+00   0.181358E-09  -0.351088E-11  -0.170076E-02   0.151406E+00   0.100244E-09  -0.109265E-11  -0.414674E-02   0.235705E+00   0.153573E-09
   14.343   0.233001E+00   0.151767E-09  -0.166156E-10   0.381186E-02  -0.151397E+00  -0.969763E-10   0.176301E-10  -0.549261E-02   0.282626E+00   0.178359E-09  -0.349786E-11  -0.164985E-02   0.149730E+00   0.974860E-10  -0.113771E-11  -0.401816E-02   0.236809E+00   0.151744E-09
   14.545   0.234203E+00   0.150002E-09  -0.165583E-10   0.370968E-02  -0.149690E+00  -0.942945E-10   0.175198E-10  -0.535398E-02   0.282569E+00   0.175410E-09  -0.349694E-11  -0.159971E-02   0.148081E+00   0.948103E-10  -0.119870E-11  -0.389217E-02   0.237877E+00   0.149911E-09
   14.747   0.235368E+00   0.148230E-09  -0.164809E-10   0.360954E-02  -0.148010E+00  -0.916907E-10   0.173935E-10  -0.521784E-02   0.282512E+00   0.172508E-09  -0.349988E-11  -0.155049E-02   0.146458E+00   0.922139E-10  -0.127023E-11  -0.376903E-02   0.238913E+00   0.148075E-09
   14.949   0.236496E+00   0.146453E-09  -0.163740E-10   0.351162E-02  -0.146356E+00  -0.891622E-10   0.172436E-10  -0.508445E-02   0.282456E+00   0.169651E-09  -0.349506E-11  -0.150229E-02   0.144861E+00   0.896940E-10  -0.135743E-11  -0.364894E-02   0.239916E+00   0.146238E-09
   15.152   0.237590E+00   0.144672E-09  -0.162289E-10   0.341606E-02  -0.144727E+00  -0.867066E-10   0.170629E-10  -0.495401E-02   0.282400E+00   0.166838E-09  -0.347748E-11  -0.145521E-02   0.143289E+00   0.872480E-10  -0.144972E-11  -0.353206E-02   0.240889E+00   0.144400E-09
   15.354   0.238650E+00   0.142887E-09  -0.160386E-10   0.332295E-02  -0.143124E+00  -0.843215E-10   0.168455E-10  -0.482667E-02   0.282345E+00   0.164067E-09  -0.345212E-11  -0.140931E-02   0.141742E+00   0.848735E-10  -0.151715E-11  -0.341849E-02   0.241831E+00   0.142562E-09
   15.556   0.239677E+00   0.141101E-09  -0.158084E-10   0.323238E-02  -0.141547E+00  -0.820053E-10   0.165964E-10  -0.470255E-02   0.282291E+00   0.161338E-09  -0.342737E-11  -0.136463E-02   0.140218E+00   0.825680E-10  -0.152790E-11  -0.330830E-02   0.242745E+00   0.140726E-09
   15.758   0.240672E+00   0.139314E-09  -0.155504E-10   0.314439E-02  -0.139994E+00  -0.797558E-10   0.163247E-10  -0.458173E-02   0.282238E+00   0.158653E-09  -0.340665E-11  -0.132123E-02   0.138719E+00   0.803294E-10  -0.148250E-11  -0.320152E-02   0.243631E+00   0.138894E-09
   15.960   0.241637E+00   0.137526E-09  -0.152815E-10   0.305900E-02  -0.138465E+00  -0.775706E-10   0.160447E-10  -0.446425E-02   0.282186E+00   0.156009E-09  -0.338627E-11  -0.127912E-02   0.137242E+00   0.781558E-10  -0.142340E-11  -0.309816E-02   0.244491E+00   0.137067E-09
   16.162   0.242573E+00   0.135741E-09  -0.150184E-10   0.297622E-02  -0.136961E+00  -0.754470E-10   0.157707E-10  -0.435013E-02   0.282135E+00   0.153404E-09  -0.335989E-11  -0.123832E-02   0.135788E+00   0.760451E-10  -0.141024E-11  -0.299821E-02   0.245324E+00   0.135244E-09
   16.364   0.243480E+00   0.133957E-09  -0.147823E-10   0.289603E-02  -0.135480E+00  -0.733824E-10   0.155193E-10  -0.423938E-02   0.282086E+00   0.150836E-09  -0.332436E-11  -0.119884E-02   0.134356E+00   0.739958E-10  -0.147748E-11  -0.290166E-02   0.246134E+00   0.133427E-09
   16.566   0.244359E+00   0.132176E-09  -0.145848E-10   0.281841E-02  -0.134022E+00  -0.713753E-10   0.153012E-10  -0.413198E-02   0.282038E+00   0.148305E-09  -0.328355E-11  -0.116067E-02   0.132946E+00   0.720061E-10  -0.160194E-11  -0.280845E-02   0.246919E+00   0.131615E-09
   16.768   0.245212E+00   0.130398E-09  -0.144324E-10   0.274334E-02  -0.132588E+00  -0.694246E-10   0.151218E-10  -0.402789E-02   0.281991E+00   0.145812E-09  -0.324605E-11  -0.112380E-02   0.131557E+00   0.700745E-10  -0.171385E-11  -0.271854E-02   0.247681E+00   0.129811E-09
   16.970   0.246039E+00   0.128625E-09  -0.143209E-10   0.267076E-02  -0.131176E+00  -0.675292E-10   0.149778E-10  -0.392706E-02   0.281946E+00   0.143358E-09  -0.321695E-11  -0.108824E-02   0.130188E+00   0.681994E-10  -0.174929E-11  -0.263186E-02   0.248421E+00   0.128015E-09
   17.172   0.246842E+00   0.126856E-09  -0.142444E-10   0.260064E-02  -0.129786E+00  -0.656872E-10   0.148645E-10  -0.382946E-02   0.281903E+00   0.140942E-09  -0.319019E-11  -0.105397E-02   0.128840E+00   0.663794E-10  -0.169840E-11  -0.254835E-02   0.249140E+00   0.126227E-09
   17.374   0.247620E+00   0.125092E-09  -0.141936E-10   0.253291E-02  -0.128417E+00  -0.638968E-10   0.147736E-10  -0.373501E-02   0.281860E+00   0.138559E-09  -0.315166E-11  -0.102097E-02   0.127512E+00   0.646132E-10  -0.161336E-11  -0.246796E-02   0.249838E+00   0.124447E-09
   17.576   0.248375E+00   0.123333E-09  -0.141488E-10   0.246752E-02  -0.127070E+00  -0.621561E-10   0.146899E-10  -0.364364E-02   0.281820E+00   0.136208E-09  -0.309302E-11  -0.989227E-03   0.126204E+00   0.628996E-10  -0.156127E-11  -0.239060E-02   0.250516E+00   0.122674E-09
   17.778   0.249108E+00   0.121580E-09  -0.141007E-10   0.240441E-02  -0.125744E+00  -0.604640E-10   0.146039E-10  -0.355528E-02   0.281781E+00   0.133888E-09  -0.302186E-11  -0.958734E-03   0.124914E+00   0.612379E-10  -0.156805E-11  -0.231622E-02   0.251175E+00   0.120909E-09
   17.980   0.249818E+00   0.119832E-09  -0.140337E-10   0.234352E-02  -0.124438E+00  -0.588196E-10   0.145033E-10  -0.346986E-02   0.281744E+00   0.131599E-09  -0.295651E-11  -0.929477E-03   0.123643E+00   0.596275E-10  -0.160851E-11  -0.224475E-02   0.251816E+00   0.119154E-09
   18.182   0.250508E+00   0.118089E-09  -0.139365E-10   0.228479E-02  -0.123153E+00  -0.572221E-10   0.143770E-10  -0.338731E-02   0.281708E+00   0.129341E-09  -0.290995E-11  -0.901451E-03   0.122391E+00   0.580680E-10  -0.164325E-11  -0.217615E-02   0.252439E+00   0.117407E-09
   18.384   0.251177E+00   0.116352E-09  -0.138028E-10   0.222816E-02  -0.121887E+00  -0.556708E-10   0.142216E-10  -0.330754E-02   0.281674E+00   0.127115E-09  -0.288079E-11  -0.874655E-03   0.121157E+00   0.565593E-10  -0.165703E-11  -0.211037E-02   0.253044E+00   0.115670E-09
   18.586   0.251827E+00   0.114619E-09  -0.136325E-10   0.217358E-02  -0.120640E+00  -0.541652E-10   0.140335E-10  -0.323049E-02   0.281641E+00   0.124917E-09  -0.285974E-11  -0.849098E-03   0.119940E+00   0.551018E-10  -0.166210E-11  -0.204739E-02   0.253633E+00   0.113941E-09
   18.788   0.252457E+00   0.112891E-09  -0.134221E-10   0.212098E-02  -0.119412E+00  -0.527056E-10   0.138127E-10  -0.315608E-02   0.281610E+00   0.122745E-09  -0.284040E-11  -0.824799E-03   0.118740E+00   0.536963E-10  -0.167164E-11  -0.198722E-02   0.254205E+00   0.112220E-09
   18.990   0.253068E+00   0.111166E-09  -0.131797E-10   0.207032E-02  -0.118203E+00  -0.512932E-10   0.135648E-10  -0.308423E-02   0.281581E+00   0.120598E-09  -0.282042E-11  -0.801797E-03   0.117557E+00   0.523446E-10  -0.168573E-11  -0.192987E-02   0.254762E+00   0.110505E-09
   19.192   0.253661E+00   0.109443E-09  -0.129126E-10   0.202156E-02  -0.117011E+00  -0.499304E-10   0.132944E-10  -0.301490E-02   0.281553E+00   0.118472E-09  -0.279603E-11  -0.780153E-03   0.116391E+00   0.510493E-10  -0.169558E-11  -0.187545E-02   0.255304E+00   0.108796E-09
   19.394   0.254236E+00   0.107719E-09  -0.126281E-10   0.197466E-02  -0.115837E+00  -0.486220E-10   0.130100E-10  -0.294801E-02   0.281528E+00   0.116365E-09  -0.276182E-11  -0.759969E-03   0.115240E+00   0.498151E-10  -0.169313E-11  -0.182413E-02   0.255831E+00   0.107087E-09
   19.596   0.254793E+00   0.105990E-09  -0.123409E-10   0.192961E-02  -0.114679E+00  -0.473774E-10   0.127229E-10  -0.288354E-02   0.281504E+00   0.114274E-09  -0.271734E-11  -0.741411E-03   0.114104E+00   0.486498E-10  -0.167203E-11  -0.177627E-02   0.256344E+00   0.105375E-09
   19.798   0.255333E+00   0.104247E-09  -0.120567E-10   0.188646E-02  -0.113538E+00  -0.462168E-10   0.124391E-10  -0.282148E-02   0.281482E+00   0.112192E-09  -0.266940E-11  -0.724790E-03   0.112982E+00   0.475691E-10  -0.163286E-11  -0.173260E-02   0.256842E+00   0.103649E-09
   20.000   0.255855E+00   0.102465E-09  -0.117949E-10   0.184544E-02  -0.112410E+00  -0.452029E-10   0.121726E-10  -0.276199E-02   0.281463E+00   0.110104E-09  -0.262664E-11  -0.710889E-03   0.111871E+00   0.466169E-10  -0.159182E-11  -0.169535E-02   0.257327E+00   0.101876E-09
