    0.000  -0.331548E-17   0.259059E-08
    0.408   0.216050E-01   0.650400E-01
    0.816   0.376477E-01   0.116814E+00
    1.224   0.485664E-01   0.154617E+00
    1.633   0.560551E-01   0.182315E+00
    2.041   0.611910E-01   0.203133E+00
    2.449   0.645785E-01   0.219108E+00
    2.857   0.665939E-01   0.231524E+00
    3.265   0.675111E-01   0.241240E+00
    3.673   0.675547E-01   0.248870E+00
    4.082   0.669193E-01   0.254875E+00
    4.490   0.657737E-01   0.259610E+00
    4.898   0.642614E-01   0.263350E+00
    5.306   0.624999E-01   0.266314E+00
    5.714   0.605833E-01   0.268669E+00
    6.122   0.585842E-01   0.270548E+00
    6.531   0.565573E-01   0.272051E+00
    6.939   0.545421E-01   0.273260E+00
    7.347   0.525670E-01   0.274234E+00
    7.755   0.506506E-01   0.275021E+00
    8.163   0.488052E-01   0.275658E+00
    8.571   0.470375E-01   0.276172E+00
    8.980   0.453508E-01   0.276586E+00
    9.388   0.437454E-01   0.276916E+00
    9.796   0.422199E-01   0.277173E+00
   10.204   0.407715E-01   0.277367E+00
   10.612   0.393964E-01   0.277503E+00
   11.020   0.380905E-01   0.277586E+00
   11.429   0.368495E-01   0.277615E+00
   11.837   0.356687E-01   0.277590E+00
   12.245   0.345439E-01   0.277508E+00
   12.653   0.334703E-01   0.277363E+00
   13.061   0.324445E-01   0.277149E+00
   13.469   0.314628E-01   0.276857E+00
   13.878   0.305227E-01   0.276476E+00
   14.286   0.296217E-01   0.275993E+00
   14.694   0.287595E-01   0.275396E+00
   15.102   0.279353E-01   0.274673E+00
   15.510   0.271523E-01   0.273813E+00
   15.918   0.264150E-01   0.272812E+00
   16.327   0.257282E-01   0.271673E+00
   16.735   0.251016E-01   0.270410E+00
   17.143   0.245443E-01   0.269057E+00
   17.551   0.240676E-01   0.267665E+00
   17.959   0.236831E-01   0.266309E+00
   18.367   0.234014E-01   0.265086E+00
   18.776   0.232321E-01   0.264113E+00
   19.184   0.231850E-01   0.263529E+00
   19.592   0.232752E-01   0.263522E+00
   20.000   0.235433E-01   0.264508E+00
