    0.000   0.167837E-21   0.280606E+00
    0.152   0.493093E-23   0.280601E+00
    0.303  -0.769544E-21   0.280601E+00
    0.455  -0.919788E-21   0.280601E+00
    0.606   0.184430E-22   0.280599E+00
    0.758   0.126540E-21   0.280597E+00
    0.909  -0.197177E-20   0.280594E+00
    1.061   0.160604E-21   0.280591E+00
    1.212   0.721085E-21   0.280588E+00
    1.364  -0.160056E-20   0.280584E+00
    1.515   0.585569E-21   0.280580E+00
    1.667   0.207017E-20   0.280576E+00
    1.818   0.231077E-20   0.280571E+00
    1.970   0.988043E-22   0.280566E+00
    2.121   0.665421E-21   0.280560E+00
    2.273   0.130317E-21   0.280554E+00
    2.424   0.210935E-20   0.280548E+00
    2.576   0.200318E-20   0.280541E+00
    2.727  -0.691164E-21   0.280533E+00
    2.879  -0.316840E-20   0.280525E+00
    3.030  -0.180968E-20   0.280516E+00
    3.182   0.178866E-20   0.280507E+00
    3.333   0.460642E-20   0.280497E+00
    3.485   0.698858E-20   0.280485E+00
    3.636   0.205184E-20   0.280473E+00
    3.788   0.205606E-20   0.280460E+00
    3.939  -0.112649E-20   0.280446E+00
    4.091   0.434469E-20   0.280431E+00
    4.242   0.892179E-21   0.280415E+00
    4.394   0.531929E-20   0.280397E+00
    4.545  -0.254615E-20   0.280378E+00
    4.697  -0.407691E-20   0.280358E+00
    4.848  -0.459857E-20   0.280336E+00
    5.000  -0.927236E-20   0.280312E+00
    5.152  -0.636273E-20   0.280286E+00
    5.303  -0.103610E-19   0.280258E+00
    5.455   0.264791E-19   0.280228E+00
    5.606   0.307781E-19   0.280196E+00
    5.758   0.551800E-19   0.280161E+00
    5.909  -0.884261E-21   0.280124E+00
    6.061   0.585626E-20   0.280083E+00
    6.212   0.190491E-20   0.280039E+00
    6.364  -0.280173E-23   0.279992E+00
    6.515  -0.796826E-20   0.279941E+00
    6.667  -0.190185E-19   0.279886E+00
    6.818   0.124220E-19   0.279827E+00
    6.970  -0.658961E-20   0.279763E+00
    7.121   0.652786E-20   0.279694E+00
    7.273   0.267665E-20   0.279620E+00
    7.424   0.400826E-20   0.279540E+00
    7.576  -0.206650E-19   0.279454E+00
    7.727   0.272982E-20   0.279361E+00
    7.879   0.368947E-19   0.279261E+00
    8.030   0.148427E-19   0.279153E+00
    8.182   0.537594E-20   0.279037E+00
    8.333  -0.137781E-19   0.278913E+00
    8.485   0.269596E-19   0.278779E+00
    8.636   0.326446E-19   0.278635E+00
    8.788   0.346028E-19   0.278481E+00
    8.939   0.400533E-19   0.278315E+00
    9.091   0.858538E-19   0.278138E+00
    9.242   0.109035E-18   0.277948E+00
    9.394   0.818532E-19   0.277745E+00
    9.545   0.226584E-18   0.277528E+00
    9.697   0.110825E-18   0.277297E+00
    9.848   0.158679E-18   0.277050E+00
   10.000   0.147454E-18   0.276788E+00
   10.152   0.312429E-18   0.276509E+00
   10.303   0.499908E-18   0.276214E+00
   10.455   0.729892E-18   0.275902E+00
   10.606   0.997153E-18   0.275572E+00
   10.758   0.277541E-18   0.275225E+00
   10.909  -0.234411E-18   0.274860E+00
   11.061   0.537177E-18   0.274478E+00
   11.212   0.335568E-18   0.274080E+00
   11.364   0.148650E-17   0.273665E+00
   11.515   0.993941E-18   0.273236E+00
   11.667   0.206377E-17   0.272792E+00
   11.818   0.160835E-17   0.272337E+00
   11.970   0.200424E-17   0.271871E+00
   12.121   0.244830E-17   0.271398E+00
   12.273   0.235986E-17   0.270920E+00
   12.424   0.258093E-17   0.270440E+00
   12.576   0.108783E-17   0.269962E+00
   12.727   0.128005E-17   0.269490E+00
   12.879   0.655678E-18   0.269029E+00
   13.030  -0.783622E-19   0.268583E+00
   13.182   0.992197E-19   0.268158E+00
   13.333  -0.150014E-18   0.267759E+00
   13.485  -0.297434E-17   0.267393E+00
   13.636  -0.551561E-18   0.267067E+00
   13.788  -0.144349E-17   0.266786E+00
   13.939  -0.322283E-17   0.266561E+00
   14.091  -0.509711E-17   0.266398E+00
   14.242  -0.162150E-17   0.266309E+00
   14.394  -0.561288E-17   0.266306E+00
   14.545  -0.963474E-17   0.266407E+00
   14.697  -0.398970E-17   0.266639E+00
   14.848  -0.648587E-17   0.267052E+00
   15.000  -0.110527E-16   0.267779E+00
