    0.000 0.393993196E-11 0.174577978E-18 -.237458465E-17 -.178431198E-12
    0.144 0.246215968E-01 0.175180794E-16 0.828838593E-02 -.175438452E-12
    0.289 0.482169918E-01 -.213315085E-16 0.161195290E-01 -.167137661E-12
    0.433 0.700899979E-01 -.148008102E-16 0.232168511E-01 -.155147893E-12
    0.578 0.899348951E-01 0.677685834E-16 0.294893622E-01 -.141262932E-12
    0.723 0.107735304E+00 0.363091254E-16 0.349678640E-01 -.126930327E-12
    0.868 0.123628372E+00 -.188350860E-16 0.397368773E-01 -.113069896E-12
    1.014 0.137811370E+00 -.126314548E-16 0.438925986E-01 -.100189543E-12
    1.160 0.150491219E+00 -.388781293E-17 0.475237387E-01 -.884874403E-13
    1.306 0.161861046E+00 0.473723156E-16 0.507052867E-01 -.780121167E-13
    1.453 0.172091424E+00 -.237110138E-16 0.534981679E-01 -.687263399E-13
    1.601 0.181328693E+00 -.244824175E-15 0.559510112E-01 -.605367836E-13
    1.750 0.189696724E+00 0.154530716E-15 0.581025502E-01 -.533229431E-13
    1.899 0.197299670E+00 -.436832702E-16 0.599837129E-01 -.470037623E-13
    2.049 0.204225103E+00 0.131461538E-15 0.616194864E-01 -.414447542E-13
    2.199 0.210546869E+00 -.210245339E-16 0.630303486E-01 -.365601610E-13
    2.351 0.216327588E+00 -.427924974E-16 0.642333884E-01 -.322652091E-13
    2.504 0.221620768E+00 0.609701435E-16 0.652431878E-01 -.284858552E-13
    2.658 0.226472521E+00 0.208955392E-15 0.660724763E-01 -.251539074E-13
    2.813 0.230922944E+00 0.562078264E-16 0.667326626E-01 -.222290300E-13
    2.970 0.235007247E+00 0.174131563E-15 0.672341823E-01 -.196386560E-13
    3.127 0.238756620E+00 -.200535071E-15 0.675868069E-01 -.173480261E-13
    3.287 0.242198934E+00 -.113026229E-16 0.677998163E-01 -.153212269E-13
    3.447 0.245359282E+00 0.278667434E-16 0.678821434E-01 -.135350730E-13
    3.610 0.248260417E+00 -.536794686E-16 0.678424639E-01 -.119509390E-13
    3.774 0.250923075E+00 0.176283031E-16 0.676892224E-01 -.105410743E-13
    3.939 0.253366243E+00 0.965815339E-16 0.674306577E-01 -.929663587E-14
    4.107 0.255607368E+00 -.200275904E-15 0.670748061E-01 -.820265177E-14
    4.277 0.257662524E+00 0.162621663E-16 0.666294834E-01 -.721733270E-14
    4.449 0.259546545E+00 0.169857175E-17 0.661022667E-01 -.635948394E-14
    4.623 0.261273130E+00 0.433947581E-16 0.655004656E-01 -.558475848E-14
    4.799 0.262854943E+00 -.803429697E-16 0.648311049E-01 -.490681296E-14
    4.978 0.264303688E+00 0.754568764E-16 0.641009006E-01 -.429554106E-14
    5.159 0.265630186E+00 -.159611932E-15 0.633162446E-01 -.376127143E-14
    5.343 0.266844430E+00 -.148973056E-15 0.624831948E-01 -.329480225E-14
    5.530 0.267955648E+00 -.419520044E-16 0.616074624E-01 -.286836426E-14
    5.720 0.268972354E+00 -.385581238E-16 0.606944104E-01 -.250093501E-14
    5.913 0.269902395E+00 0.404937511E-16 0.597490499E-01 -.217469296E-14
    6.110 0.270753004E+00 -.102603063E-16 0.587760483E-01 -.188896856E-14
    6.310 0.271530836E+00 -.681979835E-16 0.577797292E-01 -.163369850E-14
    6.514 0.272242016E+00 0.427122290E-16 0.567640864E-01 -.141141729E-14
    6.721 0.272892171E+00 -.325046165E-16 0.557327937E-01 -.121713051E-14
    6.933 0.273486474E+00 -.574603140E-16 0.546892158E-01 -.104815275E-14
    7.149 0.274029671E+00 0.205056399E-16 0.536364219E-01 -.898505691E-15
    7.369 0.274526119E+00 0.605975270E-16 0.525772017E-01 -.770055713E-15
    7.594 0.274979814E+00 -.635052151E-16 0.515140793E-01 -.653883119E-15
    7.824 0.275394419E+00 0.307909313E-16 0.504493292E-01 -.555636999E-15
    8.060 0.275773294E+00 0.205178892E-16 0.493849913E-01 -.473418620E-15
    8.301 0.276119513E+00 -.170631809E-16 0.483228850E-01 -.398439975E-15
    8.547 0.276435896E+00 -.180298344E-16 0.472646252E-01 -.335608192E-15
    8.800 0.276725020E+00 -.220675450E-16 0.462116362E-01 -.283075027E-15
    9.060 0.276989249E+00 0.352288265E-16 0.451651658E-01 -.234851706E-15
    9.326 0.277230743E+00 -.880335830E-17 0.441262989E-01 -.193206469E-15
    9.599 0.277451483E+00 -.200649441E-16 0.430959695E-01 -.163101642E-15
    9.881 0.277653276E+00 -.220910126E-16 0.420749735E-01 -.133873870E-15
   10.170 0.277837778E+00 -.302086708E-16 0.410639801E-01 -.108925814E-15
   10.468 0.278006503E+00 0.141812343E-16 0.400635426E-01 -.877808025E-16
   10.775 0.278160836E+00 0.647521155E-17 0.390741086E-01 -.724894037E-16
   11.092 0.278302041E+00 -.141865130E-16 0.380960299E-01 -.559974833E-16
   11.419 0.278431275E+00 0.486327084E-18 0.371295711E-01 -.440683058E-16
   11.757 0.278549594E+00 0.152717515E-16 0.361749185E-01 -.358974621E-16
   12.107 0.278657963E+00 -.223832905E-17 0.352321877E-01 -.271959690E-16
   12.470 0.278757262E+00 -.171383222E-16 0.343014313E-01 -.222455297E-16
   12.845 0.278848295E+00 0.415821883E-17 0.333826449E-01 -.166580744E-16
   13.235 0.278931795E+00 -.641386977E-17 0.324757743E-01 -.130250228E-16
   13.640 0.279008432E+00 -.704145738E-17 0.315807212E-01 -.783895664E-17
   14.061 0.279078815E+00 -.173617096E-16 0.306973480E-01 -.598377394E-17
   14.500 0.279143499E+00 -.289065714E-16 0.298254838E-01 -.626522847E-17
   14.957 0.279202990E+00 -.325867870E-16 0.289649280E-01 -.522547382E-17
   15.435 0.279257749E+00 -.359564724E-17 0.281154550E-01 -.344899362E-17
   15.934 0.279308192E+00 0.363040103E-17 0.272768181E-01 -.199743815E-17
   16.457 0.279354700E+00 -.148500434E-16 0.264487528E-01 -.179103755E-17
   17.005 0.279397617E+00 -.150075059E-16 0.256309802E-01 -.172652705E-17
   17.581 0.279437258E+00 -.193478630E-16 0.248232096E-01 -.130636377E-18
   18.187 0.279473904E+00 -.302931218E-16 0.240251410E-01 -.147827454E-17
   18.825 0.279507813E+00 0.128841658E-16 0.232364679E-01 -.583300998E-18
   19.499 0.279539216E+00 -.104888088E-16 0.224568790E-01 -.289030723E-17
   20.213 0.279568325E+00 -.147347950E-16 0.216860596E-01 0.172336356E-17
   20.969 0.279595327E+00 -.998188088E-17 0.209236940E-01 0.127389687E-18
   21.772 0.279620395E+00 -.124202677E-16 0.201694659E-01 0.147145050E-17
   22.628 0.279643682E+00 -.211351426E-16 0.194230603E-01 0.352243279E-18
   23.541 0.279665327E+00 -.210662911E-16 0.186841638E-01 0.169578546E-18
   24.518 0.279685455E+00 0.680869577E-17 0.179524659E-01 0.772921135E-18
   25.567 0.279704179E+00 -.163811839E-16 0.172276591E-01 0.386556948E-18
   26.697 0.279721599E+00 -.633476995E-17 0.165094396E-01 0.303358007E-18
   27.917 0.279737809E+00 -.162727922E-17 0.157975077E-01 -.876940083E-18
   29.240 0.279752888E+00 -.111678147E-16 0.150915680E-01 0.612645497E-19
   30.679 0.279766912E+00 0.195249416E-17 0.143913293E-01 -.143230049E-17
   32.251 0.279779946E+00 0.645167790E-17 0.136965050E-01 -.104959475E-17
   33.978 0.279792052E+00 -.476889461E-17 0.130068128E-01 -.106753611E-17
   35.882 0.279803284E+00 0.365953579E-17 0.123219749E-01 -.693439118E-18
   37.994 0.279813692E+00 0.687198205E-17 0.116417179E-01 0.149505809E-19
   40.351 0.279823325E+00 0.133763834E-17 0.109657722E-01 -.195774897E-18
   43.000 0.279832260E+00 0.489004697E-17 0.102938705E-01 -.337815190E-18
   45.999 0.279841029E+00 0.177236255E-17 0.962573243E-02 -.165283244E-18
   49.425 0.279853755E+00 -.259728627E-17 0.895981689E-02 -.561489599E-18
   53.378 0.279865609E+00 -.401147643E-18 0.829725889E-02 -.341703309E-18
   57.990 0.279876489E+00 -.241768908E-17 0.763806560E-02 -.438141920E-18
   63.445 0.279886416E+00 0.628182305E-18 0.698196119E-02 0.308128756E-18
   70.000 0.279895407E+00 0.641008035E-18 0.632866915E-02 -.386238311E-18
