    0.000 0.427925952E-18 0.594322427E-18 0.276119247E-11 0.930844324E-12 -.587255590E-18 -.283960868E-18 -.615636275E-11 0.421580923E-12 -.199207530E-17 0.142560157E-18 -.468522326E-15 0.102475543E-15 -.140876485E-17 -.769934329E-20 -.188074919E-14 -.454172888E-16 -.915241565E-18 0.462156047E-18
    0.144 0.189522882E-03 -.300779305E-16 0.270545146E-11 0.914132987E-12 0.104011371E-01 0.476875992E-16 -.611524410E-11 0.417414473E-12 0.375077795E-01 0.300625943E-16 -.151531072E-13 0.174748237E-14 0.174233474E-01 -.321743121E-17 0.228269892E-13 -.546058041E-14 0.207266418E-03 0.132787625E-16
    0.289 0.517033531E-03 -.520320851E-16 0.255441463E-11 0.868807640E-12 0.207513286E-01 0.164024814E-15 -.599647752E-11 0.405504867E-12 0.731600618E-01 0.627204800E-16 -.568857510E-13 0.637745248E-14 0.345119201E-01 -.782435960E-16 0.872565958E-13 -.190019312E-13 0.531671682E-03 0.286039870E-16
    0.433 0.894697146E-03 -.296009690E-16 0.234477835E-11 0.805678075E-12 0.310283043E-01 0.678770148E-16 -.581066025E-11 0.387253511E-12 0.105630250E+00 0.588065075E-16 -.119557735E-12 0.130961335E-13 0.511433223E-01 0.391791184E-17 0.169996644E-12 -.352184203E-13 0.937037831E-03 0.185009475E-17
    0.578 0.126526812E-02 -.213388255E-15 0.211174316E-11 0.735025448E-12 0.412274621E-01 0.163958874E-15 -.557119892E-11 0.364435194E-12 0.134331842E+00 0.108461142E-15 -.196088067E-12 0.208974798E-13 0.672054557E-01 -.577977507E-16 0.252128439E-12 -.498132851E-13 0.139086717E-02 0.194236183E-15
    0.723 0.159313005E-02 -.357985922E-16 0.187910822E-11 0.663733678E-12 0.513323761E-01 0.124907174E-15 -.529160850E-11 0.338816238E-12 0.159224661E+00 0.109642657E-15 -.279881689E-12 0.288727107E-13 0.826267183E-01 0.279954926E-16 0.323177976E-12 -.608392827E-13 0.186257365E-02 0.724276835E-16
    0.868 0.185616135E-02 0.115871117E-15 0.166004409E-11 0.595617387E-12 0.613225955E-01 0.141302466E-15 -.498426573E-11 0.311890044E-12 0.180563433E+00 0.163319945E-15 -.365515358E-12 0.363370725E-13 0.973624720E-01 0.474594733E-16 0.379315378E-12 -.680102138E-13 0.232649091E-02 -.120387469E-15
    1.014 0.204172573E-02 0.263081482E-17 0.146061603E-11 0.532454877E-12 0.711756078E-01 0.663654174E-16 -.465994857E-11 0.284776100E-12 0.198724240E+00 0.160083414E-15 -.448663784E-12 0.428890696E-13 0.111385937E+00 0.156531912E-15 0.420332898E-12 -.717944853E-13 0.276306070E-02 -.116310544E-16
    1.160 0.214431913E-02 0.107522224E-15 0.128278697E-11 0.474895300E-12 0.808678116E-01 0.145113458E-15 -.432788238E-11 0.258290581E-12 0.214109311E+00 0.161650647E-15 -.526074523E-12 0.483016267E-13 0.124682977E+00 0.570412974E-16 0.447679690E-12 -.729012142E-13 0.315876313E-02 -.886786767E-16
    1.306 0.216372082E-02 0.865259638E-16 0.112630272E-11 0.422966563E-12 0.903753602E-01 0.188590365E-15 -.399572343E-11 0.232956871E-12 0.227101363E+00 0.170159791E-15 -.595334107E-12 0.525139405E-13 0.137249014E+00 0.150311303E-15 0.463352613E-12 -.720186358E-13 0.350513768E-02 -.171937459E-15
    1.453 0.210362239E-02 -.174262932E-15 0.989745655E-12 0.376398077E-12 0.996749226E-01 0.225215978E-15 -.366964700E-11 0.209104174E-12 0.238045045E+00 0.210582879E-15 -.654749972E-12 0.555497495E-13 0.149087198E+00 0.518421894E-17 0.469383214E-12 -.697426231E-13 0.379778963E-02 0.160472358E-16
    1.601 0.197047750E-02 -.166862089E-15 0.871242404E-12 0.334766973E-12 0.108744382E+00 0.414682571E-15 -.335460230E-11 0.186951842E-12 0.247241763E+00 0.162874094E-15 -.703416987E-12 0.574557959E-13 0.160207015E+00 -.447605613E-16 0.467675425E-12 -.665257761E-13 0.403532814E-02 0.312827556E-16
    1.750 0.177263489E-02 0.358822651E-16 0.768718587E-12 0.297643522E-12 0.117563373E+00 0.145689344E-15 -.305417207E-11 0.166556303E-12 0.254951309E+00 0.209601184E-15 -.740855135E-12 0.583723058E-13 0.170623228E+00 0.731767812E-16 0.459857918E-12 -.627445312E-13 0.421861027E-02 -.964270267E-16
    1.899 0.151966461E-02 -.427522753E-16 0.680171849E-12 0.264560353E-12 0.126113751E+00 0.319458751E-15 -.277090545E-11 0.147910501E-12 0.261395569E+00 0.222577422E-15 -.767143232E-12 0.584363177E-13 0.180354996E+00 0.181219921E-16 0.447368958E-12 -.586423582E-13 0.435018289E-02 -.264878980E-16
    2.049 0.122181281E-02 0.203205284E-15 0.603704083E-12 0.235104312E-12 0.134379879E+00 0.159565980E-15 -.250641654E-11 0.130969547E-12 0.266763475E+00 0.236759951E-15 -.782767237E-12 0.577809634E-13 0.189424981E+00 0.150936733E-15 0.431381591E-12 -.544287270E-13 0.443380553E-02 -.195721863E-15
    2.199 0.889551742E-03 -.133460824E-15 0.537594162E-12 0.208884389E-12 0.142348870E+00 0.399547074E-15 -.226153857E-11 0.115714574E-12 0.271215648E+00 0.208907115E-15 -.788521572E-12 0.564714728E-13 0.197858572E+00 -.561515103E-16 0.412874432E-12 -.502329890E-13 0.447410235E-02 0.129853413E-15
    2.351 0.533182993E-03 0.243033892E-15 0.480328038E-12 0.185553698E-12 0.150010699E+00 0.219973486E-15 -.203634728E-11 0.101928721E-12 0.274888694E+00 0.235206394E-15 -.785313817E-12 0.547512865E-13 0.205683133E+00 0.837623684E-16 0.392674880E-12 -.461501000E-13 0.447623135E-02 -.270428546E-15
    2.504 0.162532680E-03 0.823638497E-16 0.430582652E-12 0.164750203E-12 0.157358222E+00 0.283387591E-15 -.183052690E-11 0.896172710E-13 0.277898971E+00 0.220114548E-15 -.774284780E-12 0.526103950E-13 0.212927351E+00 0.227147985E-16 0.371446804E-12 -.422038004E-13 0.444560697E-02 -.101355725E-15
    2.658 -.213261547E-03 -.100133722E-15 0.387187063E-12 0.146252795E-12 0.164387091E+00 0.378944756E-15 -.164333900E-11 0.786077133E-13 0.280345775E+00 0.251570272E-15 -.756577985E-12 0.502103649E-13 0.219620677E+00 -.129245512E-15 0.349681688E-12 -.384852653E-13 0.438769031E-02 0.186330735E-15
    2.813 -.585980575E-03 -.125596292E-15 0.349199442E-12 0.129794273E-12 0.171095701E+00 0.391875159E-15 -.147381678E-11 0.688335507E-13 0.282313880E+00 0.261961874E-15 -.733377665E-12 0.475856594E-13 0.225792942E+00 -.138636162E-15 0.327848680E-12 -.349964958E-13 0.430782711E-02 0.132677986E-15
    2.970 -.948396991E-03 -.208940972E-15 0.315758818E-12 0.115118604E-12 0.177484918E+00 -.219703795E-16 -.132078144E-11 0.601439738E-13 0.283875933E+00 0.270835441E-15 -.705765921E-12 0.448514869E-13 0.231473853E+00 0.449082868E-15 0.306245423E-12 -.317304954E-13 0.421103888E-02 0.103954830E-15
    3.127 -.129436246E-02 0.125734306E-15 0.286212484E-12 0.102085163E-12 0.183557894E+00 0.378000792E-15 -.118302124E-11 0.524769077E-13 0.285094183E+00 0.266978242E-15 -.674812023E-12 0.420249320E-13 0.236692788E+00 0.766941087E-16 0.285155371E-12 -.287289226E-13 0.410197869E-02 -.219292568E-15
    3.287 -.161884318E-02 -.328269739E-15 0.259932693E-12 0.904657629E-13 0.189319819E+00 0.496741541E-15 -.105923040E-11 0.456721767E-13 0.286022036E+00 0.280783050E-15 -.641421726E-12 0.392190879E-13 0.241478514E+00 -.880465251E-16 0.264727615E-12 -.259415370E-13 0.398479655E-02 0.258408806E-15
    3.447 -.191785459E-02 -.315173773E-16 0.236468327E-12 0.801306646E-13 0.194777600E+00 0.315787657E-15 -.948185061E-12 0.396925752E-13 0.286705376E+00 0.262810232E-15 -.606451471E-12 0.364201739E-13 0.245858992E+00 0.989057244E-16 0.245128491E-12 -.233939467E-13 0.386314538E-02 0.611597054E-16
    3.610 -.218843170E-02 0.414708830E-15 0.215425953E-12 0.709300065E-13 0.199939602E+00 0.133701144E-15 -.848655631E-12 0.344407622E-13 0.287183639E+00 0.245874858E-15 -.570600732E-12 0.336736162E-13 0.249861241E+00 0.245088263E-15 0.226453975E-12 -.210528856E-13 0.374014594E-02 -.356244074E-15
    3.774 -.242855882E-02 0.140755856E-15 0.196421604E-12 0.627537629E-13 0.204815373E+00 0.507955641E-15 -.759507355E-12 0.298033200E-13 0.287490686E+00 0.271817093E-15 -.534483035E-12 0.310396168E-13 0.253511236E+00 -.178993124E-15 0.208711085E-12 -.189305334E-13 0.361838202E-02 -.108141832E-15
    3.939 -.263706505E-02 0.942779910E-16 0.179246207E-12 0.554601889E-13 0.209415368E+00 0.503423246E-15 -.679692483E-12 0.257832365E-13 0.287655613E+00 0.248119657E-15 -.498615014E-12 0.284623574E-13 0.256833812E+00 -.231399246E-15 0.191998615E-12 -.169757216E-13 0.349993030E-02 -.516099043E-16
    4.107 -.281352019E-02 -.280059284E-15 0.163612787E-12 0.489991615E-13 0.213750699E+00 0.443754787E-15 -.608242690E-12 0.221953774E-13 0.287703402E+00 0.241997850E-15 -.463407336E-12 0.260820155E-13 0.259852626E+00 -.493084778E-16 0.176256122E-12 -.152254854E-13 0.338640472E-02 0.264599882E-15
    4.277 -.295813162E-02 0.141785999E-15 0.149381705E-12 0.432229020E-13 0.217832913E+00 0.162024442E-15 -.544273588E-12 0.191304812E-13 0.287655473E+00 0.228856173E-15 -.429185035E-12 0.237547974E-13 0.262590132E+00 0.239228058E-15 0.161533619E-12 -.136060862E-13 0.327899698E-02 -.137635930E-15
    4.449 -.307164193E-02 0.530453121E-16 0.136348307E-12 0.381320338E-13 0.221673808E+00 0.232721568E-15 -.486975071E-12 0.164242660E-13 0.287530169E+00 0.242076277E-15 -.396187811E-12 0.216010158E-13 0.265067565E+00 0.186907429E-15 0.147766680E-12 -.121821358E-13 0.317852121E-02 -.115227510E-15
    4.623 -.315523007E-02 0.982678713E-16 0.124429810E-12 0.335752985E-13 0.225285248E+00 0.435714687E-15 -.435604810E-12 0.140911765E-13 0.287343163E+00 0.250172588E-15 -.364571319E-12 0.195615618E-13 0.267304945E+00 -.276274349E-16 0.134965697E-12 -.108615275E-13 0.308546123E-02 -.151199826E-15
    4.799 -.321041890E-02 -.226386333E-15 0.113448905E-12 0.295351388E-13 0.228679038E+00 0.666395815E-15 -.389606283E-12 0.120427685E-13 0.287107818E+00 0.243038618E-15 -.334548662E-12 0.176829074E-13 0.269321098E+00 -.271146042E-15 0.123028818E-12 -.967069880E-14 0.300002716E-02 0.269608802E-15
    4.978 -.323899285E-02 0.102069428E-15 0.103405824E-12 0.259504355E-13 0.231866793E+00 0.879167400E-16 -.348348429E-12 0.102702155E-13 0.286835501E+00 0.245714027E-15 -.306141211E-12 0.159369356E-13 0.271133684E+00 0.346185217E-15 0.112012964E-12 -.860366037E-14 0.292219638E-02 -.189946031E-15
    5.159 -.324292222E-02 0.122228864E-16 0.941213432E-13 0.227771506E-13 0.234859851E+00 0.975799872E-16 -.311314258E-12 0.872992369E-14 0.286535854E+00 0.241506826E-15 -.279382817E-12 0.143279875E-13 0.272759220E+00 0.330314696E-15 0.101775322E-12 -.764484072E-14 0.285175731E-02 -.196474126E-16
    5.343 -.322430770E-02 0.159668317E-15 0.855873723E-13 0.199506227E-13 0.237669207E+00 0.569321136E-15 -.278057521E-12 0.740694398E-14 0.286217016E+00 0.239525213E-15 -.254291130E-12 0.128397781E-13 0.274213139E+00 -.175554857E-15 0.923278785E-13 -.676844512E-14 0.278834720E-02 -.143781377E-15
    5.530 -.318531580E-02 -.233651607E-15 0.777728289E-13 0.174565396E-13 0.240305450E+00 0.724366206E-15 -.248222947E-12 0.627363493E-14 0.285885835E+00 0.219177066E-15 -.230898973E-12 0.114666713E-13 0.275509820E+00 -.235195328E-15 0.836668818E-13 -.599732616E-14 0.273149000E-02 0.122306879E-15
    5.720 -.312813903E-02 0.106967808E-15 0.705233282E-13 0.152550481E-13 0.242778735E+00 0.326992987E-15 -.221416271E-12 0.529551260E-14 0.285548028E+00 0.238194590E-15 -.209132779E-12 0.102169251E-13 0.276662646E+00 0.181981106E-16 0.756367205E-13 -.530402846E-14 0.268062448E-02 -.932486914E-16
    5.913 -.305495444E-02 0.128534116E-16 0.638728249E-13 0.133042817E-13 0.245098756E+00 0.362360094E-15 -.197325676E-12 0.445321353E-14 0.285208349E+00 0.225805248E-15 -.188948458E-12 0.907932627E-14 0.277684045E+00 0.873501613E-16 0.682780036E-13 -.467800864E-14 0.263513096E-02 -.638698554E-16
    6.110 -.296789566E-02 -.138477780E-15 0.577354516E-13 0.115850020E-13 0.247274732E+00 0.675072358E-15 -.175712412E-12 0.373134912E-14 0.284870719E+00 0.229735716E-15 -.170331224E-12 0.804676618E-14 0.278585548E+00 -.221439092E-15 0.615071742E-13 -.412438961E-14 0.259435446E-02 0.857119157E-16
    6.310 -.286902449E-02 -.154389012E-15 0.520962052E-13 0.100739497E-13 0.249315408E+00 0.483214818E-15 -.156268981E-12 0.310685437E-14 0.284538339E+00 0.232090508E-15 -.153151449E-12 0.712020639E-14 0.279377832E+00 0.126013144E-16 0.553066451E-13 -.363240466E-14 0.255762339E-02 0.660917482E-16
    6.514 -.276031350E-02 -.276667615E-15 0.469321957E-13 0.873590645E-14 0.251229057E+00 0.672363348E-15 -.138820910E-12 0.259251522E-14 0.284213782E+00 0.234659508E-15 -.137387909E-12 0.626547561E-14 0.280070778E+00 -.204216077E-15 0.496447454E-13 -.318682066E-14 0.252426540E-02 0.213104958E-15
    6.721 -.264363592E-02 0.104405824E-15 0.421973799E-13 0.754384918E-14 0.253023489E+00 0.274653442E-15 -.123119849E-12 0.213755096E-14 0.283899101E+00 0.238898598E-15 -.122911723E-12 0.551462527E-14 0.280673509E+00 0.162756341E-15 0.444777583E-13 -.277482613E-14 0.249361666E-02 -.102311826E-15
    6.933 -.252074915E-02 -.587007756E-16 0.378542874E-13 0.651955911E-14 0.254706062E+00 0.289519068E-15 -.109058667E-12 0.177345558E-14 0.283595888E+00 0.236580553E-15 -.109715435E-12 0.481916000E-14 0.281194449E+00 0.107668644E-15 0.397605804E-13 -.242809932E-14 0.246503709E-02 0.999365475E-16
    7.149 -.239328991E-02 0.250917424E-15 0.338714790E-13 0.560327463E-14 0.256283708E+00 0.451294362E-15 -.964359537E-13 0.147676228E-14 0.283305340E+00 0.236448369E-15 -.976787189E-13 0.418730111E-14 0.281641359E+00 0.209080372E-16 0.354591268E-13 -.210633040E-14 0.243791572E-02 -.271693126E-15
    7.369 -.226276968E-02 0.133638615E-15 0.302340266E-13 0.481055669E-14 0.257762942E+00 0.411894151E-15 -.851177182E-13 0.118052719E-14 0.283028332E+00 0.232072808E-15 -.867317439E-13 0.367106128E-14 0.282021387E+00 0.307840375E-16 0.315397039E-13 -.182721972E-14 0.241167893E-02 -.180635673E-15
    7.594 -.213057346E-02 -.223437179E-15 0.269030451E-13 0.412532895E-14 0.259149885E+00 0.615859066E-15 -.749727127E-13 0.949137639E-15 0.282765448E+00 0.226778015E-15 -.767968996E-13 0.319324383E-14 0.282341108E+00 -.158725961E-15 0.279797553E-13 -.158928035E-14 0.238579433E-02 0.194741987E-15
    7.824 -.199795903E-02 -.416137805E-16 0.239026353E-13 0.352954355E-14 0.260450286E+00 0.306462055E-15 -.659131242E-13 0.775887928E-15 0.282517041E+00 0.232697859E-15 -.678251542E-13 0.275004454E-14 0.282606561E+00 0.150525076E-15 0.247794923E-13 -.138191261E-14 0.235977440E-02 0.467143371E-17
    8.060 -.186605795E-02 -.141693929E-16 0.211756896E-13 0.297840829E-14 0.261669544E+00 0.307443842E-15 -.578131552E-13 0.613274004E-15 0.282283256E+00 0.231974953E-15 -.597272777E-13 0.237748022E-14 0.282823295E+00 0.119615519E-15 0.218843857E-13 -.116152351E-14 0.233317997E-02 0.176727320E-16
    8.301 -.173587926E-02 0.895226968E-16 0.187024832E-13 0.255047015E-14 0.262812725E+00 0.305733404E-15 -.505682912E-13 0.483489333E-15 0.282064076E+00 0.229366574E-15 -.524210379E-13 0.204347958E-14 0.282996390E+00 0.116199899E-15 0.192736249E-13 -.101943389E-14 0.230561952E-02 -.993082046E-16
    8.547 -.160831082E-02 0.219093377E-15 0.164555586E-13 0.214978575E-14 0.263884583E+00 0.249378610E-15 -.441414245E-13 0.381402906E-15 0.281859340E+00 0.222574612E-15 -.458904215E-13 0.174680183E-14 0.283130504E+00 0.169982845E-15 0.169147815E-13 -.866157065E-15 0.227675348E-02 -.215994382E-15
    8.800 -.148412635E-02 -.212581374E-15 0.144252207E-13 0.180209217E-14 0.264889581E+00 0.228813700E-15 -.383952456E-13 0.314318474E-15 0.281668773E+00 0.226813291E-15 -.400156055E-13 0.147016056E-14 0.283229895E+00 0.161510639E-15 0.147893703E-13 -.728012897E-15 0.224629048E-02 0.235853654E-15
    9.060 -.136398835E-02 0.687602583E-16 0.126088319E-13 0.152136917E-14 0.265831908E+00 0.332829580E-15 -.333139638E-13 0.253868846E-15 0.281492008E+00 0.222923199E-15 -.347907538E-13 0.123650105E-14 0.283298456E+00 0.722656182E-16 0.128949125E-13 -.628072368E-15 0.221398950E-02 -.592558695E-16
    9.326 -.124845503E-02 0.612480700E-16 0.109631045E-13 0.125962379E-14 0.266715496E+00 0.329921180E-15 -.288222983E-13 0.192757558E-15 0.281328601E+00 0.219380583E-15 -.301490612E-13 0.104703846E-14 0.283339740E+00 0.990855155E-16 0.111848150E-13 -.519392986E-15 0.217965708E-02 -.614913509E-16
    9.599 -.113798365E-02 0.219468357E-15 0.950708801E-14 0.105694797E-14 0.267544038E+00 0.168237461E-15 -.248277900E-13 0.162175834E-15 0.281178049E+00 0.217658245E-15 -.260052503E-13 0.863597970E-15 0.283356984E+00 0.256738985E-15 0.968095649E-14 -.447028071E-15 0.214314804E-02 -.226785264E-15
    9.881 -.103293799E-02 -.190294719E-15 0.819999421E-14 0.866003620E-15 0.268321001E+00 0.575461170E-15 -.213204672E-13 0.118718403E-15 0.281039801E+00 0.223164549E-15 -.223539382E-13 0.726151177E-15 0.283353136E+00 -.143744126E-15 0.833079718E-14 -.363846910E-15 0.210436207E-02 0.160024536E-15
   10.170 -.933594354E-03 -.614779768E-16 0.705803120E-14 0.706763385E-15 0.269049644E+00 0.267190352E-15 -.182170513E-13 0.763465616E-16 0.280913277E+00 0.216292480E-15 -.191144598E-13 0.616071836E-15 0.283330874E+00 0.176676171E-15 0.715858627E-14 -.298080667E-15 0.206324222E-02 0.259602763E-16
   10.468 -.840147437E-03 0.764354729E-16 0.602597971E-14 0.591498442E-15 0.269733025E+00 0.296921251E-15 -.154862564E-13 0.602810506E-16 0.280797869E+00 0.217453117E-15 -.162588620E-13 0.503887670E-15 0.283292630E+00 0.110015146E-15 0.610115792E-14 -.260063741E-15 0.201977235E-02 -.870368814E-16
   10.775 -.752716162E-03 0.174129097E-16 0.513363965E-14 0.468053669E-15 0.270374021E+00 0.889096982E-16 -.131375673E-13 0.440059533E-16 0.280692959E+00 0.211922884E-15 -.137960088E-13 0.413085443E-15 0.283240606E+00 0.345322782E-15 0.518763801E-14 -.198542128E-15 0.197397529E-02 -.619146022E-16
   11.092 -.671350330E-03 0.674542037E-16 0.434278935E-14 0.381000240E-15 0.270975333E+00 0.176850700E-15 -.110791259E-13 0.285834900E-16 0.280597917E+00 0.210821099E-15 -.116352962E-13 0.339117401E-15 0.283176793E+00 0.249070740E-15 0.438328216E-14 -.165481439E-15 0.192590931E-02 -.993380289E-16
   11.419 -.596036834E-03 -.167379151E-15 0.365633101E-14 0.291132669E-15 0.271539500E+00 0.297004723E-15 -.930358436E-14 0.337957012E-16 0.280512118E+00 0.201640077E-15 -.976939434E-14 0.260585949E-15 0.283102990E+00 0.110716114E-15 0.368474357E-14 -.118801938E-15 0.187566569E-02 0.133902746E-15
   11.757 -.526705688E-03 0.765153940E-16 0.306264802E-14 0.228068991E-15 0.272068906E+00 0.585724061E-16 -.775529028E-14 0.259407817E-16 0.280434937E+00 0.197115640E-15 -.814184362E-14 0.207798988E-15 0.283020817E+00 0.325060704E-15 0.307980211E-14 -.914541994E-16 0.182336545E-02 -.731699960E-16
   12.107 -.463235780E-03 0.662311800E-16 0.253438022E-14 0.186577408E-15 0.272565792E+00 0.178738707E-15 -.643915230E-14 0.135809759E-16 0.280365763E+00 0.191035318E-15 -.675709229E-14 0.171039645E-15 0.282931730E+00 0.167832455E-15 0.254663273E-14 -.793575860E-16 0.176915665E-02 -.545417400E-16
   12.470 -.405461202E-03 0.972352871E-18 0.208458527E-14 0.134816019E-15 0.273032260E+00 0.153047741E-16 -.532558732E-14 0.293550242E-16 0.280303995E+00 0.188512617E-15 -.558415671E-14 0.114828741E-15 0.282837035E+00 0.325766404E-15 0.209452182E-14 -.516959339E-16 0.171321099E-02 0.221554955E-16
   12.845 -.353177488E-03 -.124918512E-15 0.169646456E-14 0.107705493E-15 0.273470285E+00 0.264513502E-15 -.434702968E-14 0.323129067E-17 0.280249053E+00 0.178717804E-15 -.455530028E-14 0.108803470E-15 0.282737899E+00 0.116053602E-15 0.170413957E-14 -.446975493E-16 0.165572009E-02 0.884976814E-16
   13.235 -.306146383E-03 -.564799737E-16 0.136479552E-14 0.801507811E-16 0.273881718E+00 0.209345039E-15 -.351528524E-14 0.142574453E-16 0.280200373E+00 0.170752869E-15 -.368171125E-14 0.716586802E-16 0.282635367E+00 0.123953516E-15 0.136756292E-14 -.310588628E-16 0.159689291E-02 0.549828773E-16
   13.640 -.264101464E-03 0.428742586E-16 0.111629705E-14 0.569530386E-16 0.274268297E+00 -.518327701E-16 -.283975923E-14 0.132809558E-16 0.280157416E+00 0.163978522E-15 -.297148726E-14 0.524536364E-16 0.282530364E+00 0.360638792E-15 0.111846036E-14 -.194166195E-16 0.153695252E-02 -.315684610E-16
   14.061 -.226753474E-03 -.242483008E-16 0.873735768E-15 0.465890888E-16 0.274631651E+00 0.377325616E-16 -.223715322E-14 0.234697762E-16 0.280119666E+00 0.157842961E-15 -.233985060E-14 0.261028969E-16 0.282423713E+00 0.256188253E-15 0.873921465E-15 -.178240307E-16 0.147613263E-02 0.427208852E-16
   14.500 -.193796515E-03 -.115157681E-16 0.675075492E-15 0.336238367E-16 0.274973302E+00 -.100544567E-15 -.176964337E-14 0.413518725E-17 0.280086632E+00 0.149502344E-15 -.184891941E-14 0.328735261E-16 0.282316140E+00 0.374151180E-15 0.673343390E-15 -.121055478E-16 0.141467368E-02 0.403162154E-16
   14.957 -.164912876E-03 -.764959718E-16 0.506602961E-15 0.572457359E-17 0.275294675E+00 0.113092828E-15 -.136291577E-14 -.683434663E-17 0.280057850E+00 0.142312935E-15 -.142322137E-14 0.340520129E-16 0.282208284E+00 0.141525053E-15 0.506231497E-15 0.976063522E-17 0.135281983E-02 0.105905548E-15
   15.435 -.139777266E-03 0.109578724E-15 0.370817155E-15 0.582576279E-17 0.275597100E+00 -.967032028E-16 -.103269471E-14 -.491271371E-17 0.280032883E+00 0.135474167E-15 -.107742093E-14 0.246236578E-16 0.282100705E+00 0.342717414E-15 0.370272839E-15 0.436677086E-17 0.129081571E-02 -.846447502E-16
   15.934 -.118062264E-03 0.260695033E-16 0.281997559E-15 0.131869997E-17 0.275881819E+00 -.252158553E-15 -.766854489E-15 0.401851485E-17 0.280011323E+00 0.125663174E-15 -.799666951E-15 0.100797640E-16 0.281993891E+00 0.494890068E-15 0.279187356E-15 0.516025583E-17 0.122890322E-02 -.111236556E-16
   16.457 -.994423934E-04 -.963786005E-16 0.187496865E-15 0.231924687E-17 0.276149986E+00 -.583836899E-16 -.530954313E-15 0.860382343E-17 0.279992790E+00 0.117798978E-15 -.554508541E-15 0.114624907E-17 0.281888267E+00 0.292171502E-15 0.186069775E-15 0.378478040E-17 0.116731846E-02 0.105837762E-15
   17.005 -.835979071E-04 0.772701320E-16 0.120565055E-15 -.214562893E-17 0.276402676E+00 -.329955364E-15 -.336211893E-15 0.345070253E-17 0.279976930E+00 0.110734528E-15 -.352743262E-15 0.346744956E-17 0.281784198E+00 0.540104393E-15 0.118984955E-15 0.407397462E-17 0.110628900E-02 -.648162572E-16
   17.581 -.702188037E-04 -.123314066E-15 0.788368692E-16 0.807596093E-18 0.276640886E+00 -.407722508E-16 -.236573467E-15 -.910147002E-18 0.279963421E+00 0.100924057E-15 -.247663837E-15 0.554394793E-17 0.281681996E+00 0.229120965E-15 0.782662526E-16 0.243279076E-17 0.104603132E-02 0.136888494E-15
   18.187 -.590078434E-04 -.141084787E-15 0.475260713E-16 0.434562137E-17 0.276865540E+00 -.338006805E-16 -.151896029E-15 0.173522932E-16 0.279951964E+00 0.897741113E-16 -.159357829E-15 -.141504257E-16 0.281581928E+00 0.214718045E-15 0.473519255E-16 -.245706249E-17 0.986748361E-03 0.138398455E-15
   18.825 -.496832474E-04 0.146658978E-15 0.231539968E-16 0.461077360E-17 0.277077493E+00 -.226547703E-15 -.903580731E-16 0.950113245E-17 0.279942290E+00 0.767324162E-16 -.949451823E-16 -.746162415E-17 0.281484216E+00 0.370296580E-15 0.235700110E-16 -.236434979E-17 0.928627650E-03 -.134762406E-15
   19.499 -.419818276E-04 -.246679139E-15 0.124461806E-16 0.221555876E-17 0.277277533E+00 -.128291226E-15 -.335752694E-16 0.125821636E-16 0.279934156E+00 0.633430425E-16 -.368006263E-16 -.109929992E-16 0.281389048E+00 0.230984420E-15 0.123427974E-16 -.167106306E-17 0.871839368E-03 0.262610076E-15
   20.213 -.356603095E-04 0.436177943E-16 0.181645574E-16 -.207864865E-16 0.277466388E+00 -.208519539E-15 -.282879863E-16 0.121875623E-16 0.279927342E+00 0.458641048E-16 -.297791690E-16 -.112670943E-16 0.281296575E+00 0.292268366E-15 0.172276771E-16 0.210139002E-16 0.816535011E-03 -.363347585E-16
   20.969 -.304974572E-04 -.160490952E-15 0.696724518E-18 0.336827167E-17 0.277644725E+00 -.597257241E-15 -.172453721E-16 0.468737520E-17 0.279921654E+00 0.292586723E-16 -.182342995E-16 -.401369264E-17 0.281206920E+00 0.647212301E-15 0.100328367E-17 -.357270280E-17 0.762846527E-03 0.182807934E-15
   21.772 -.262943610E-04 0.238418078E-15 0.236076551E-16 0.732504511E-17 0.277813157E+00 -.729056410E-15 -.338915652E-17 0.725137566E-17 0.279916921E+00 0.105840145E-16 -.387269820E-17 -.691969654E-17 0.281120181E+00 0.737120994E-15 0.228201476E-16 -.690636804E-17 0.710885696E-03 -.211059569E-15
   22.628 -.228750211E-04 -.831765553E-16 0.262369980E-17 -.239103660E-17 0.277972246E+00 -.468840512E-15 0.314109780E-17 -.116612384E-17 0.279912992E+00 -.609146858E-17 0.279486080E-17 0.134930553E-17 0.281036432E+00 0.447114712E-15 0.181467304E-17 0.290369626E-17 0.660744227E-03 0.101905635E-15
   23.541 -.200864390E-04 -.351117804E-15 -.353031232E-17 -.433942246E-17 0.278122506E+00 -.235860551E-15 0.101303231E-17 0.687076691E-17 0.279909737E+00 -.226260721E-16 0.971258797E-18 -.675931340E-17 0.280955726E+00 0.189739841E-15 -.355458251E-17 0.463139045E-17 0.612494035E-03 0.360492874E-15
   24.518 -.177978434E-04 -.198008033E-15 -.344390981E-17 -.123023716E-17 0.278264406E+00 -.682372693E-15 0.103187263E-16 -.484165361E-17 0.279907044E+00 -.443839874E-16 0.101951488E-16 0.485779710E-17 0.280878100E+00 0.588073943E-15 -.346150203E-17 0.616497270E-18 0.566187995E-03 0.212565482E-15
   25.567 -.158995333E-04 -.326276905E-15 -.167039026E-16 0.181577632E-17 0.278398374E+00 -.375386618E-15 -.550400040E-18 -.358192931E-17 0.279904817E+00 -.633348784E-16 -.659269964E-18 0.357405833E-17 0.280803576E+00 0.250846337E-15 -.166755619E-16 -.318643383E-17 0.521861208E-03 0.332290960E-15
   26.697 -.143015609E-04 0.261453311E-15 0.259960700E-17 0.294881344E-17 0.278524801E+00 -.117084730E-14 0.169858869E-17 -.134988353E-18 0.279902977E+00 -.819845503E-16 0.171905003E-17 0.126152889E-18 0.280732164E+00 0.996963494E-15 0.285004338E-17 -.327844667E-17 0.479532597E-03 -.240484360E-15
   27.917 -.129317782E-04 0.547390482E-16 0.396773627E-17 -.687042463E-17 0.278644044E+00 -.174376254E-14 0.225353437E-17 0.357935052E-18 0.279901456E+00 -.103616855E-15 0.219021491E-17 -.341656623E-18 0.280663862E+00 0.152717463E-14 0.409231735E-17 0.666698548E-17 0.439206647E-03 -.325277642E-16
   29.240 -.117337765E-04 -.836040853E-16 -.534410363E-17 0.455749750E-17 0.278756425E+00 -.193551312E-14 -.235406525E-17 0.936058069E-18 0.279900199E+00 -.123430649E-15 -.237015681E-17 -.887729276E-18 0.280598660E+00 0.167996279E-14 -.528539970E-17 -.473665052E-17 0.400875572E-03 0.108637134E-15
   30.679 -.106646944E-04 0.319612624E-15 0.335914962E-17 -.284980795E-17 0.278862243E+00 -.203185354E-14 0.563580307E-17 0.220616181E-16 0.279899160E+00 -.141041528E-15 0.567525675E-17 -.221630270E-16 0.280536541E+00 0.174510514E-14 0.351861100E-17 0.270221013E-17 0.364521461E-03 -.294652523E-15
   32.251 -.969287766E-05 0.283909335E-15 0.272378059E-18 0.112226269E-17 0.278961768E+00 -.227577258E-14 -.406709782E-17 -.160717635E-17 0.279898301E+00 -.157841790E-15 -.413259838E-17 0.160089140E-17 0.280477484E+00 0.195428589E-14 0.357292281E-18 -.157722105E-17 0.330118519E-03 -.259362012E-15
   33.978 -.879555914E-05 -.123912683E-15 -.302213445E-17 0.194432816E-16 0.279055246E+00 -.293339605E-14 -.564209273E-17 -.173657991E-17 0.279897592E+00 -.168342396E-15 -.554263128E-17 0.175280784E-17 0.280421462E+00 0.259462789E-14 -.219863700E-17 -.197472199E-16 0.297635337E-03 0.148337735E-15
   35.882 -.795638022E-05 -.263480783E-16 -.575067459E-17 0.274924683E-16 0.279142905E+00 -.255954695E-14 -.560483187E-18 0.156405337E-17 0.279897008E+00 -.173359076E-15 -.509461136E-18 -.154970866E-17 0.280368446E+00 0.220729134E-14 -.531893652E-17 -.282598167E-16 0.267037290E-03 0.520248261E-16
   37.994 -.716204453E-05 -.222856222E-15 -.177853606E-17 0.657426951E-17 0.279224953E+00 -.174507569E-14 -.322819069E-17 0.460572551E-17 0.279896527E+00 -.170817402E-15 -.326566535E-17 -.459725680E-17 0.280318408E+00 0.139834788E-14 -.176521927E-17 -.671766584E-17 0.238289804E-03 0.239998639E-15
   40.351 -.639501629E-05 0.328163224E-15 0.345271669E-17 -.443845639E-17 0.279301586E+00 -.246961891E-14 -.250990970E-17 -.124213762E-16 0.279896130E+00 -.162844653E-15 -.248457817E-17 0.123663125E-16 0.280271324E+00 0.214284944E-14 0.367928964E-17 0.427325253E-17 0.211365756E-03 -.314591708E-15
   43.000 -.561036797E-05 0.418639402E-16 -.172269339E-17 -.214913859E-17 0.279373019E+00 -.194037037E-14 0.280483365E-17 0.112595179E-16 0.279895821E+00 -.147500239E-15 0.278188019E-17 -.112652055E-16 0.280227214E+00 0.164468423E-14 -.129845400E-17 0.208267605E-17 0.186269633E-03 -.312482489E-16
   45.999 -.468246032E-05 -.686893187E-16 -.875573022E-17 0.475542007E-19 0.279439865E+00 -.701733373E-15 -.111236343E-17 0.211218691E-17 0.279896070E+00 -.129182001E-15 -.112641020E-17 -.221936696E-17 0.280186598E+00 0.442027881E-15 -.868430532E-17 0.210890887E-18 0.163100407E-03 0.739438286E-16
   49.425 -.420123649E-05 -.282839186E-15 -.157688976E-17 -.108492066E-16 0.279506303E+00 -.673424865E-15 0.662649522E-17 0.156754538E-17 0.279901438E+00 -.112033266E-15 0.662455740E-17 -.156496193E-17 0.280153108E+00 0.450590866E-15 -.155665287E-17 0.106151004E-16 0.141364589E-03 0.285119950E-15
   53.378 -.361608257E-05 -.190328261E-16 -.807013764E-17 -.995890063E-18 0.279567748E+00 -.257209358E-15 -.228463110E-17 0.234801119E-17 0.279906488E+00 -.956096303E-16 -.229321801E-17 -.233611224E-17 0.280122284E+00 0.676266656E-16 -.799103343E-17 0.106558048E-17 0.121212531E-03 0.177222667E-16
   57.990 -.307196680E-05 -.864472163E-16 -.957834121E-18 -.590630011E-17 0.279624158E+00 -.563143361E-15 -.837592117E-17 -.481071429E-17 0.279911121E+00 -.811171567E-16 -.838523260E-17 0.480215142E-17 0.280093969E+00 0.399671547E-15 -.983035583E-18 0.596170974E-17 0.102702527E-03 0.881517720E-16
   63.445 -.257258516E-05 -.718953747E-16 0.880403081E-17 0.659679880E-17 0.279675635E+00 -.335824043E-15 0.340778307E-17 -.619805487E-17 0.279915346E+00 -.676163411E-16 0.341740624E-17 0.619399706E-17 0.280068114E+00 0.200379649E-15 0.884385716E-17 -.668199251E-17 0.858046052E-04 0.724355388E-16
   70.000 -.211792871E-05 0.279505945E-15 0.864923452E-17 0.305208048E-17 0.279722271E+00 -.420585063E-15 -.533942237E-17 0.799864876E-18 0.279919170E+00 -.555771867E-16 -.535310700E-17 -.807626337E-18 0.280044675E+00 0.307579528E-15 0.867081612E-17 -.311403356E-17 0.704899569E-04 -.277339205E-15
