    0.000 -.124166803E-17 0.382409132E-18 -.204213952E-18 0.260829129E-18 0.195112803E-11 0.658174219E-12 0.720475721E-19 0.108233839E-17 -.754352413E-18 -.674069343E-18 -.658238449E-12 0.195378781E-11 -.435353714E-11 0.298175191E-12 -.298030269E-12 -.435287455E-11 -.199207530E-17 0.142560157E-18
    0.144 0.141106369E-01 0.138355000E-16 0.471308617E-16 0.350223335E-02 0.192918419E-11 0.642528420E-12 -.377416871E-17 -.351997689E-02 0.137138476E-01 0.306346680E-16 -.650250847E-12 0.189690195E-11 -.433484544E-11 0.296392261E-12 -.293920947E-12 -.431341571E-11 0.375077795E-01 0.300625943E-16
    0.289 0.281559769E-01 0.311765600E-16 0.161452241E-15 0.687297667E-02 0.186794364E-11 0.600903380E-12 -.808161689E-16 -.688761482E-02 0.271072717E-01 0.546046581E-16 -.627776168E-12 0.174454417E-11 -.428037422E-11 0.291244781E-12 -.282225701E-12 -.419992562E-11 0.731600618E-01 0.627204800E-16
    0.433 0.420016808E-01 0.220220262E-16 0.477050833E-16 0.100363387E-01 0.177821445E-11 0.544797247E-12 -.162540196E-16 -.100786794E-01 0.401699458E-01 0.497729004E-16 -.594603614E-12 0.153780290E-11 -.419329735E-11 0.283089949E-12 -.264569219E-12 -.402421718E-11 0.105630250E+00 0.588065075E-16
    0.578 0.555445265E-01 0.435045253E-16 0.314690531E-15 0.129261973E-01 0.167150964E-11 0.484518167E-12 0.929339065E-16 -.130517963E-01 0.528883912E-01 0.626565982E-16 -.554964791E-12 0.131494618E-11 -.407808773E-11 0.272471346E-12 -.242917847E-12 -.380077733E-11 0.134331842E+00 0.108461142E-15
    0.723 0.687073990E-01 0.947658791E-16 0.102568979E-15 0.155124493E-01 0.155725150E-11 0.426310715E-12 0.565729700E-17 -.157818929E-01 0.652516953E-01 0.581367879E-16 -.512350454E-12 0.110020882E-11 -.393963850E-11 0.259995349E-12 -.219163170E-12 -.354382602E-11 0.159224661E+00 0.109642657E-15
    0.868 0.814338599E-01 0.921227938E-16 -.712077964E-16 0.177847735E-01 0.144204491E-11 0.373074610E-12 -.165050789E-15 -.182551030E-01 0.772512077E-01 0.966391456E-16 -.469255576E-12 0.905611960E-12 -.378286648E-11 0.246233755E-12 -.194845375E-12 -.326594971E-11 0.180563433E+00 0.163319945E-15
    1.014 0.936831657E-01 0.106948545E-15 -.522141819E-16 0.197444972E-01 0.133003174E-11 0.325736087E-12 0.379523127E-16 -.204658322E-01 0.888783793E-01 0.115948784E-15 -.427268821E-12 0.735591256E-12 -.361233444E-11 0.231694263E-12 -.171039960E-12 -.297782803E-11 0.198724240E+00 0.160083414E-15
    1.160 0.105426935E+00 0.110499152E-15 -.540643701E-16 0.214003606E-01 0.122362471E-11 0.284252744E-12 -.142136531E-15 -.224148046E-01 0.100123853E+00 0.916556041E-16 -.387350630E-12 0.590510022E-12 -.343226584E-11 0.216793429E-12 -.148484613E-12 -.268828412E-11 0.214109311E+00 0.161650647E-15
    1.306 0.116646616E+00 0.126745086E-15 -.110092180E-15 0.227661184E-01 0.112405606E-11 0.248157659E-12 -.148371243E-15 -.241075352E-01 0.110977758E+00 0.212156581E-15 -.350007391E-12 0.468776515E-12 -.324636792E-11 0.201858346E-12 -.127592420E-12 -.240443835E-11 0.227101363E+00 0.170159791E-15
    1.453 0.127331766E+00 0.360922503E-16 0.205170963E-15 0.238590540E-01 0.103175992E-11 0.216838151E-12 -.148607955E-16 -.255532213E-01 0.121430354E+00 0.194307946E-15 -.315469115E-12 0.367951811E-12 -.305781042E-11 0.187138584E-12 -.108579375E-12 -.213185413E-11 0.238045045E+00 0.210582879E-15
    1.601 0.137478601E+00 0.117171338E-15 0.328793988E-15 0.246988912E-01 0.946757876E-12 0.189675169E-12 -.130649144E-15 -.267637418E-01 0.131472796E+00 0.252750671E-15 -.283756824E-12 0.285364948E-12 -.286945295E-11 0.172822298E-12 -.915675323E-13 -.187467111E-11 0.247241763E+00 0.162874094E-15
    1.750 0.147088923E+00 0.791606817E-16 -.298983646E-16 0.253069399E-01 0.868734778E-12 0.166098669E-12 -.102410927E-15 -.277529153E-01 0.141097678E+00 0.139705443E-15 -.254832836E-12 0.218397473E-12 -.268348947E-11 0.159048544E-12 -.764976379E-13 -.163576209E-11 0.254951309E+00 0.209601184E-15
    1.899 0.156169297E+00 0.134170285E-15 0.158800568E-15 0.257053631E-01 0.797291751E-12 0.145606011E-12 -.142536191E-15 -.285358814E-01 0.150299450E+00 0.203410458E-15 -.228538829E-12 0.164616503E-12 -.250177822E-11 0.145909235E-12 -.632678018E-13 -.141687385E-11 0.261395569E+00 0.222577422E-15
    2.049 0.164730239E+00 0.158993067E-15 -.195148950E-15 0.259165547E-01 0.731916099E-12 0.127756932E-12 -.203778197E-15 -.291285474E-01 0.159074621E+00 0.151509646E-15 -.204730776E-12 0.121850403E-12 -.232580415E-11 0.133466766E-12 -.517521438E-13 -.121880411E-11 0.266763475E+00 0.236759951E-15
    2.199 0.172785548E+00 0.169894076E-15 0.359506410E-15 0.259625758E-01 0.672082788E-12 0.112183481E-12 -.961921740E-16 -.295471264E-01 0.167421894E+00 0.173501488E-15 -.183223655E-12 0.881901670E-13 -.215671821E-11 0.121753922E-12 -.418911989E-13 -.104158031E-11 0.271215648E+00 0.208907115E-15
    2.351 0.180351623E+00 0.138170601E-15 -.188625660E-15 0.258646928E-01 0.617306283E-12 0.985732294E-13 -.324836778E-15 -.298077412E-01 0.175342209E+00 0.165565254E-15 -.163839327E-12 0.619801426E-13 -.199521570E-11 0.110789496E-12 -.333594837E-13 -.884614247E-12 0.274888694E+00 0.235206394E-15
    2.504 0.187446856E+00 0.143555257E-15 0.384766086E-16 0.256430273E-01 0.567120467E-12 0.866533920E-13 -.222196183E-15 -.299261015E-01 0.182838716E+00 0.162547132E-15 -.146338579E-12 0.418153591E-13 -.184188000E-11 0.100570147E-12 -.261678130E-13 -.746875964E-12 0.277898971E+00 0.220114548E-15
    2.658 0.194091098E+00 0.167948129E-15 0.397327362E-15 0.253163167E-01 0.521044891E-12 0.762031510E-13 -.110862906E-15 -.299172686E-01 0.189916669E+00 0.817511155E-16 -.130629535E-12 0.265203047E-13 -.169699757E-11 0.910881366E-13 -.200799576E-13 -.627034727E-12 0.280345775E+00 0.251570272E-15
    2.813 0.200305245E+00 0.130160346E-15 0.394392799E-15 0.249017163E-01 0.478745318E-12 0.670321514E-13 -.136118522E-15 -.297955240E-01 0.196583398E+00 0.123078652E-15 -.116524670E-12 0.150972688E-13 -.156072216E-11 0.823208129E-13 -.150245280E-13 -.523569519E-12 0.282313880E+00 0.261961874E-15
    2.970 0.206110707E+00 0.161063173E-15 -.790787227E-16 0.244147496E-01 0.439823417E-12 0.589642969E-13 0.391974525E-15 -.295741854E-01 0.202848065E+00 0.266049315E-15 -.103837994E-12 0.672698644E-14 -.143298538E-11 0.742430022E-13 -.108134212E-13 -.434881646E-12 0.283875933E+00 0.270835441E-15
    3.127 0.211529149E+00 0.180568320E-15 -.218600952E-16 0.238692762E-01 0.404018085E-12 0.518706949E-13 -.323166779E-15 -.292656174E-01 0.208721533E+00 0.274126581E-15 -.924995269E-13 0.747491573E-15 -.131368650E-11 0.668228917E-13 -.739066287E-14 -.359358183E-12 0.285094183E+00 0.266978242E-15
    3.287 0.216582143E+00 0.169417042E-15 0.585733306E-15 0.232775277E-01 0.370990862E-12 0.456255177E-13 0.945239382E-18 -.288811674E-01 0.214216190E+00 0.239277975E-15 -.823123911E-13 -.339052202E-14 -.120254265E-11 0.600271889E-13 -.456302280E-14 -.295435344E-12 0.286022036E+00 0.280783050E-15
    3.447 0.221290941E+00 0.222167855E-15 0.154779507E-15 0.226501957E-01 0.340540376E-12 0.401189180E-13 -.621024248E-16 -.284311957E-01 0.219345651E+00 0.192525526E-15 -.732029547E-13 -.612366050E-14 -.109929403E-11 0.538198410E-13 -.231393716E-14 -.241642139E-12 0.286705376E+00 0.262810232E-15
    3.610 0.225676279E+00 0.218627082E-15 -.441170011E-15 0.219965311E-01 0.312456293E-12 0.352684504E-13 -.329782892E-15 -.279251088E-01 0.224124564E+00 0.160162326E-15 -.650417268E-13 -.779798961E-14 -.100356580E-11 0.481641389E-13 -.542454131E-15 -.196614505E-12 0.287183639E+00 0.245874858E-15
    3.774 0.229758216E+00 0.180788271E-15 0.219025538E-15 0.213244612E-01 0.286472071E-12 0.309877027E-13 -.467923227E-15 -.273714020E-01 0.228568393E+00 0.148174247E-15 -.577595199E-13 -.868997546E-14 -.914989380E-12 0.430224532E-13 0.874193826E-15 -.159116222E-12 0.287490686E+00 0.271817093E-15
    3.939 0.233556023E+00 0.157346043E-15 0.294467298E-15 0.206407241E-01 0.262509732E-12 0.272126278E-13 -.440355193E-15 -.267777195E-01 0.232693158E+00 0.114677957E-15 -.512199235E-13 -.901731412E-14 -.833189222E-12 0.383574273E-13 0.189442460E-14 -.128041106E-12 0.287655613E+00 0.248119657E-15
    4.107 0.237088105E+00 0.189493454E-15 0.518861216E-15 0.199510014E-01 0.240323610E-12 0.238815954E-13 0.257979505E-16 -.261509263E-01 0.236515220E+00 0.204952856E-15 -.454136833E-13 -.894018781E-14 -.757771001E-12 0.341372719E-13 0.274826814E-14 -.102414061E-12 0.287703402E+00 0.241997850E-15
    4.277 0.240371955E+00 0.202701285E-15 -.178312773E-15 0.192600449E-01 0.219850334E-12 0.209422513E-13 -.101109156E-15 -.254971735E-01 0.240051090E+00 0.198551215E-15 -.401841629E-13 -.859270106E-14 -.688339194E-12 0.303244713E-13 0.326988538E-14 -.813798967E-13 0.287655473E+00 0.228856173E-15
    4.449 0.243424126E+00 0.178723399E-15 -.612293413E-16 0.185717972E-01 0.200899634E-12 0.183493488E-13 -.107043481E-15 -.248219604E-01 0.243317247E+00 0.240905598E-15 -.355774905E-13 -.807400867E-14 -.624490463E-12 0.268879346E-13 0.366051488E-14 -.641962876E-13 0.287530169E+00 0.242076277E-15
    4.623 0.246260212E+00 0.177577649E-15 0.106937213E-15 0.178895025E-01 0.183420322E-12 0.160610615E-13 -.356404910E-15 -.241301938E-01 0.246329981E+00 0.230509603E-15 -.314215810E-13 -.744999732E-14 -.565809967E-12 0.237960795E-13 0.386814654E-14 -.502282633E-13 0.287343163E+00 0.250172588E-15
    4.799 0.248894872E+00 0.219236121E-15 0.716768496E-15 0.172158074E-01 0.167215002E-12 0.140462802E-13 -.220773361E-15 -.234262535E-01 0.249105264E+00 0.176013652E-15 -.277227136E-13 -.677402102E-14 -.512054872E-12 0.210192270E-13 0.398818049E-14 -.389316170E-13 0.287107818E+00 0.243038618E-15
    4.978 0.251341840E+00 0.173112677E-15 -.275141968E-15 0.165528507E-01 0.152324086E-12 0.122660223E-13 -.168734910E-16 -.227140400E-01 0.251658636E+00 0.260989280E-15 -.244334355E-13 -.608616706E-14 -.462794063E-12 0.185312542E-13 0.400697622E-14 -.298450102E-13 0.286835501E+00 0.245714027E-15
    5.159 0.253613953E+00 0.210235078E-15 -.132302504E-15 0.159023447E-01 0.138519860E-12 0.107001590E-13 0.100432205E-15 -.219970242E-01 0.254005118E+00 0.217659605E-15 -.215115964E-13 -.541218045E-14 -.417685907E-12 0.163044053E-13 0.395842886E-14 -.225789383E-13 0.286535854E+00 0.241506826E-15
    5.343 0.255723193E+00 0.204826610E-15 0.220713149E-15 0.152656384E-01 0.125805080E-12 0.932120717E-14 -.524162843E-15 -.212782933E-01 0.256159153E+00 0.188939669E-15 -.188932341E-13 -.476625768E-14 -.376427341E-12 0.143165945E-13 0.384159381E-14 -.168053761E-13 0.286217016E+00 0.239525213E-15
    5.530 0.257680722E+00 0.188913075E-15 0.657760010E-15 0.146437823E-01 0.114155114E-12 0.810288752E-14 -.301801523E-15 -.205605881E-01 0.258134548E+00 0.300257803E-15 -.165843875E-13 -.416772476E-14 -.338790359E-12 0.125442908E-13 0.367203124E-14 -.122498997E-13 0.285885835E+00 0.219177066E-15
    5.720 0.259496933E+00 0.179455107E-15 0.542891881E-16 0.140375737E-01 0.103350762E-12 0.703643345E-14 -.254505688E-15 -.198463372E-01 0.259944448E+00 0.165735990E-15 -.145374624E-13 -.361571432E-14 -.304444152E-12 0.109689499E-13 0.347996419E-14 -.868574045E-14 0.285548028E+00 0.238194590E-15
    5.913 0.261181489E+00 0.199346905E-15 0.991433326E-16 0.134476020E-01 0.934447470E-13 0.609969618E-14 -.175866600E-15 -.191376874E-01 0.261601313E+00 0.250363349E-15 -.127153994E-13 -.311493173E-14 -.273137060E-12 0.956895066E-14 0.327115569E-14 -.592358736E-14 0.285208349E+00 0.225805248E-15
    6.110 0.262743370E+00 0.200433701E-15 0.560350573E-15 0.128742831E-01 0.843172693E-13 0.527544960E-14 -.336160877E-15 -.184365332E-01 0.263116911E+00 0.253199565E-15 -.111082173E-13 -.266701067E-14 -.244689802E-12 0.832838520E-14 0.305146066E-14 -.380507448E-14 0.284870719E+00 0.229735716E-15
    6.310 0.264190919E+00 0.203759434E-15 0.345547132E-15 0.123178885E-01 0.759452837E-13 0.455486019E-14 -.125066371E-15 -.177445364E-01 0.264502321E+00 0.292056698E-15 -.969185612E-14 -.227012385E-14 -.218793284E-12 0.723162401E-14 0.283786844E-14 -.220442815E-14 0.284538339E+00 0.232090508E-15
    6.514 0.265531894E+00 0.202292307E-15 0.683175999E-15 0.117785709E-01 0.682902100E-13 0.392379619E-14 -.193403426E-15 -.170631498E-01 0.265767942E+00 0.265854964E-15 -.843064119E-14 -.191806232E-14 -.195309128E-12 0.626354539E-14 0.259717520E-14 -.101328486E-14 0.284213782E+00 0.234659508E-15
    6.721 0.266773489E+00 0.219751891E-15 -.474102740E-16 0.112563841E-01 0.612885780E-13 0.337220854E-14 -.159307375E-15 -.163936367E-01 0.266923509E+00 0.217657892E-15 -.729640528E-14 -.161247102E-14 -.173970593E-12 0.541090571E-14 0.238795215E-14 -.147167145E-15 0.283899101E+00 0.238898598E-15
    6.933 0.267922399E+00 0.219211742E-15 0.170243874E-15 0.107513000E-01 0.548819993E-13 0.289309896E-14 -.116065506E-16 -.157370863E-01 0.267978112E+00 0.177975970E-15 -.632694995E-14 -.134795275E-14 -.154696651E-12 0.466168318E-14 0.215363825E-14 0.464405459E-15 0.283595888E+00 0.236580553E-15
    7.149 0.268984846E+00 0.225713349E-15 -.461121130E-16 0.102632224E-01 0.490241414E-13 0.247271297E-14 -.476498437E-15 -.150944280E-01 0.268940221E+00 0.246489050E-15 -.545151400E-14 -.112263653E-14 -.137259801E-12 0.400509764E-14 0.191664039E-14 0.878767703E-15 0.283305340E+00 0.236448369E-15
    7.369 0.269966619E+00 0.197840565E-15 0.334179128E-16 0.979199818E-02 0.436806238E-13 0.210953780E-14 -.347692200E-15 -.144664468E-01 0.269817710E+00 0.244837623E-15 -.469361671E-14 -.923253260E-15 -.121515920E-12 0.343059111E-14 0.176107354E-14 0.114128855E-14 0.283028332E+00 0.232072808E-15
    7.594 0.270873107E+00 0.214218956E-15 0.596382096E-15 0.933742758E-02 0.388080003E-13 0.179325716E-14 -.178202930E-15 -.138537954E-01 0.270617886E+00 0.242914149E-15 -.404083899E-14 -.761349127E-15 -.107317322E-12 0.292910602E-14 0.158682270E-14 0.128989497E-14 0.282765448E+00 0.226778015E-15
    7.824 0.271709331E+00 0.210022392E-15 0.101111097E-15 0.889927110E-02 0.344234625E-13 0.151860440E-14 -.548258825E-16 -.132570045E-01 0.271347516E+00 0.246964738E-15 -.347292396E-14 -.620031548E-15 -.945672436E-13 0.249321076E-14 0.139593953E-14 0.135200937E-14 0.282517041E+00 0.232697859E-15
    8.060 0.272479981E+00 0.215281350E-15 0.109835224E-15 0.847725632E-02 0.304480713E-13 0.128473155E-14 -.779930990E-16 -.126764942E-01 0.272012859E+00 0.211778011E-15 -.292737385E-14 -.501123808E-15 -.831136372E-13 0.211478259E-14 0.124748218E-14 0.135348904E-14 0.282283256E+00 0.231974953E-15
    8.301 0.273189427E+00 0.206073898E-15 0.351302049E-18 0.807108309E-02 0.268531635E-13 0.108260612E-14 -.189182203E-15 -.121125819E-01 0.272619687E+00 0.215859406E-15 -.252430335E-14 -.403858155E-15 -.728244530E-13 0.178683685E-14 0.110307968E-14 0.131008975E-14 0.282064076E+00 0.229366574E-15
    8.547 0.273841765E+00 0.211230225E-15 -.177845997E-15 0.768042800E-02 0.235963937E-13 0.907662551E-15 -.257241762E-15 -.115654923E-01 0.273173322E+00 0.208131230E-15 -.213259362E-14 -.324719640E-15 -.636621288E-13 0.150486800E-14 0.965482840E-15 0.123672765E-14 0.281859340E+00 0.222574612E-15
    8.800 0.274440820E+00 0.206798310E-15 0.257869045E-15 0.730494830E-02 0.206578354E-13 0.759488738E-15 0.190565984E-15 -.110353651E-01 0.273678656E+00 0.183526029E-15 -.178905445E-14 -.257492687E-15 -.554448445E-13 0.126181722E-14 0.817303775E-15 0.114576749E-14 0.281668773E+00 0.226813291E-15
    9.060 0.274990183E+00 0.207299793E-15 0.662739170E-16 0.694428504E-02 0.180338706E-13 0.631656227E-15 -.194290045E-15 -.105222629E-01 0.274140181E+00 0.197795405E-15 -.151988469E-14 -.202289561E-15 -.481573076E-13 0.105385066E-14 0.694825893E-15 0.104424817E-14 0.281492008E+00 0.222923199E-15
    9.326 0.275493219E+00 0.214381707E-15 0.540481217E-16 0.659806587E-02 0.156609441E-13 0.523422218E-15 -.176787543E-15 -.100261780E-01 0.274562017E+00 0.214624988E-15 -.125795482E-14 -.156772936E-15 -.416990481E-13 0.876668173E-15 0.604067820E-15 0.938163039E-15 0.281328601E+00 0.219380583E-15
    9.599 0.275953093E+00 0.208829770E-15 -.267377573E-15 0.626590738E-02 0.135679964E-13 0.431278495E-15 -.178876048E-15 -.954703908E-02 0.274947929E+00 0.216146676E-15 -.106347166E-14 -.122943582E-15 -.359443875E-13 0.725331613E-15 0.495980349E-15 0.832590162E-15 0.281178049E+00 0.217658245E-15
    9.881 0.276372781E+00 0.200723430E-15 0.534762275E-15 0.594741746E-02 0.116890347E-13 0.355078415E-15 -.184443021E-15 -.908471751E-02 0.275301356E+00 0.230993613E-15 -.869635649E-15 -.924916698E-16 -.308824682E-13 0.597413009E-15 0.429519834E-15 0.730774337E-15 0.281039801E+00 0.223164549E-15
   10.170 0.276755083E+00 0.204174411E-15 0.889762171E-16 0.564219714E-02 0.100526666E-13 0.288982322E-15 -.153796406E-17 -.863903371E-02 0.275625435E+00 0.239692112E-15 -.710532043E-15 -.711031705E-16 -.263973646E-13 0.489613745E-15 0.381643402E-15 0.634563590E-15 0.280913277E+00 0.216292480E-15
   10.468 0.277102640E+00 0.198167494E-15 0.117168755E-16 0.534984266E-02 0.857518126E-14 0.234359725E-15 -.175189230E-15 -.820976245E-02 0.275923015E+00 0.208768903E-15 -.602145394E-15 -.531590210E-16 -.224471885E-13 0.398927528E-15 0.313677249E-15 0.546314725E-15 0.280797869E+00 0.217453117E-15
   10.775 0.277417943E+00 0.194865394E-15 -.167870298E-15 0.506994659E-02 0.729824543E-14 0.190573438E-15 0.885427857E-16 -.779663805E-02 0.276196684E+00 0.239367086E-15 -.471354408E-15 -.381826071E-16 -.190449143E-13 0.323212426E-15 0.260978610E-15 0.465588469E-15 0.280692959E+00 0.211922884E-15
   11.092 0.277703343E+00 0.197018807E-15 -.119506136E-15 0.480210009E-02 0.617026434E-14 0.152394805E-15 -.472860964E-16 -.739935972E-02 0.276448784E+00 0.228902632E-15 -.386420901E-15 -.286327414E-16 -.160615219E-13 0.260003794E-15 0.219580634E-15 0.393271780E-15 0.280597917E+00 0.210821099E-15
   11.419 0.277961060E+00 0.187122216E-15 0.243785253E-15 0.454589379E-02 0.519092362E-14 0.121856228E-15 0.574966440E-16 -.701759631E-02 0.276681431E+00 0.220598621E-15 -.289867540E-15 -.200907168E-16 -.134866326E-13 0.208159261E-15 0.160364922E-15 0.329377396E-15 0.280512118E+00 0.201640077E-15
   11.757 0.278193192E+00 0.193489254E-15 -.208086844E-15 0.430091981E-02 0.434336814E-14 0.966012455E-16 0.584014539E-16 -.665099095E-02 0.276896532E+00 0.190143856E-15 -.225937015E-15 -.121297738E-16 -.112409712E-13 0.165278976E-15 0.128593171E-15 0.273334489E-15 0.280434937E+00 0.197115640E-15
   12.107 0.278401721E+00 0.179130301E-15 -.549333340E-16 0.406677274E-02 0.359281871E-14 0.758158631E-16 -.658395859E-16 -.629916517E-02 0.277095800E+00 0.167440861E-15 -.188044437E-15 -.866383556E-17 -.933115404E-14 0.130546493E-15 0.111340093E-15 0.224817527E-15 0.280365763E+00 0.191035318E-15
   12.470 0.278588522E+00 0.182099513E-15 -.144639243E-15 0.384305113E-02 0.295507496E-14 0.587747755E-16 0.165822386E-15 -.596172332E-02 0.277280772E+00 0.158971665E-15 -.131883866E-15 -.702619880E-17 -.771435399E-14 0.101953318E-15 0.604390445E-16 0.182836170E-15 0.280303995E+00 0.188512617E-15
   12.845 0.278755363E+00 0.172073137E-15 0.180938047E-15 0.362935858E-02 0.240459024E-14 0.445533446E-16 0.324781464E-16 -.563825616E-02 0.277452821E+00 0.208493967E-15 -.107765225E-15 -.542705295E-17 -.629489789E-14 0.792205387E-16 0.746508036E-16 0.147269554E-15 0.280249053E+00 0.178717804E-15
   13.235 0.278903916E+00 0.165900729E-15 0.984271872E-16 0.342530474E-02 0.193206918E-14 0.347132283E-16 0.130356639E-16 -.532834404E-02 0.277613169E+00 0.167397825E-15 -.786370933E-16 -.195684263E-17 -.508904502E-14 0.607518750E-16 0.405888024E-16 0.117680962E-15 0.280200373E+00 0.170752869E-15
   13.640 0.279035756E+00 0.160055910E-15 -.243457141E-15 0.323050634E-02 0.158021212E-14 0.265422565E-16 0.169014421E-15 -.503156032E-02 0.277762905E+00 0.148750112E-15 -.540015031E-16 -.152968844E-17 -.410917180E-14 0.464813759E-16 0.276992681E-16 0.931457818E-16 0.280157416E+00 0.163978522E-15
   14.061 0.279152371E+00 0.156196700E-15 -.757432528E-16 0.304458803E-02 0.123578028E-14 0.203399676E-16 0.142712439E-15 -.474747413E-02 0.277902992E+00 0.137724115E-15 -.455469535E-16 -.131307772E-18 -.323643044E-14 0.350531733E-16 0.186189746E-17 0.726180148E-16 0.280119666E+00 0.157842961E-15
   14.500 0.279255159E+00 0.151203530E-15 -.211431881E-15 0.286718390E-02 0.953476135E-15 0.152157280E-16 0.263263865E-15 -.447565410E-02 0.278034282E+00 0.122403083E-15 -.323355579E-16 0.122478108E-17 -.255871028E-14 0.261691122E-16 0.203210743E-16 0.560566253E-16 0.280086632E+00 0.149502344E-15
   14.957 0.279345433E+00 0.142013729E-15 0.769846471E-16 0.269793822E-02 0.716182113E-15 0.109496962E-16 0.105416873E-15 -.421567093E-02 0.278157526E+00 0.112604152E-15 0.285392655E-17 0.262664357E-18 -.197009647E-14 0.192457964E-16 0.289110221E-16 0.426425003E-16 0.280057850E+00 0.142312935E-15
   15.435 0.279424422E+00 0.135474093E-15 -.316822046E-15 0.253650588E-02 0.524029760E-15 0.720720966E-17 0.122598571E-15 -.396709886E-02 0.278273383E+00 0.110540118E-15 -.103166308E-17 0.384889308E-18 -.149207708E-14 0.139377423E-16 0.208853686E-16 0.316262124E-16 0.280032883E+00 0.135474167E-15
   15.934 0.279493276E+00 0.128838681E-15 -.392120890E-15 0.238255352E-02 0.396817659E-15 0.458131358E-17 0.354927731E-15 -.372951900E-02 0.278382435E+00 0.113892834E-15 0.271639020E-17 0.198711424E-17 -.110769793E-14 0.996898861E-17 0.428595041E-17 0.232019143E-16 0.280011323E+00 0.125663174E-15
   16.457 0.279553065E+00 0.121623487E-15 -.741694146E-16 0.223576010E-02 0.264151504E-15 0.431619908E-17 0.276385777E-15 -.350252095E-02 0.278485189E+00 0.112164325E-15 0.103628870E-17 0.100910504E-17 -.767538144E-15 0.689434238E-17 -.527330140E-17 0.166553542E-16 0.279992790E+00 0.117798978E-15
   17.005 0.279604783E+00 0.111301452E-15 -.506073073E-15 0.209581724E-02 0.169387436E-15 0.136354631E-17 0.363986684E-15 -.328570415E-02 0.278582091E+00 0.988475772E-16 0.439792385E-17 0.111729977E-17 -.487164862E-15 0.489187226E-17 0.118419338E-19 0.116894427E-16 0.279976930E+00 0.110734528E-15
   17.581 0.279649347E+00 0.100961571E-15 -.484532790E-17 0.196242971E-02 0.111088683E-15 0.229129952E-17 0.265047888E-15 -.307867983E-02 0.278673535E+00 0.873871430E-16 0.114918617E-17 0.403486850E-18 -.342407481E-15 0.327659206E-17 0.456373429E-17 0.784207565E-17 0.279963421E+00 0.100924057E-15
   18.187 0.279687604E+00 0.891155162E-16 0.154822585E-16 0.183531558E-02 0.670888749E-16 0.133541279E-17 0.264000984E-15 -.288107179E-02 0.278759864E+00 0.918018479E-16 -.481022389E-17 0.123139710E-18 -.220089713E-15 0.226406220E-17 -.222757862E-16 0.527628968E-17 0.279951964E+00 0.897741113E-16
   18.825 0.279720327E+00 0.778227246E-16 -.439132833E-15 0.171420615E-02 0.330388628E-16 0.158846151E-17 0.157711449E-15 -.269251705E-02 0.278841382E+00 0.659261523E-16 -.493215705E-17 -.294166442E-18 -.131029188E-15 0.144215016E-17 -.119944802E-16 0.324357601E-17 0.279942290E+00 0.767324162E-16
   19.499 0.279748219E+00 0.593120655E-16 0.750067846E-16 0.159884660E-02 0.175284544E-16 0.385016602E-18 0.434282430E-15 -.251266780E-02 0.278918362E+00 0.433811286E-16 -.274825665E-17 0.731030160E-19 -.497632730E-16 0.112370894E-17 -.166701575E-16 0.228067174E-17 0.279934156E+00 0.633430425E-16
   20.213 0.279771919E+00 0.455159313E-16 -.290370229E-15 0.148899561E-02 0.250260890E-16 0.160805787E-18 0.210417676E-15 -.234119093E-02 0.278991044E+00 0.382328955E-16 0.295573369E-16 0.662474418E-18 -.410596793E-16 0.650869126E-18 -.165849467E-16 0.105442541E-17 0.279927342E+00 0.458641048E-16
   20.969 0.279791997E+00 0.361360206E-16 -.450585328E-15 0.138442565E-02 0.120208732E-17 -.144554637E-18 0.793884214E-15 -.217776963E-02 0.279059648E+00 0.138190385E-16 -.490801012E-17 -.216770057E-18 -.250879164E-16 0.476365505E-18 -.615258407E-17 0.699277309E-18 0.279921654E+00 0.292586723E-16
   21.772 0.279808965E+00 0.177115461E-16 -.957827525E-15 0.128492214E-02 0.328294141E-16 0.296049398E-18 0.508349879E-15 -.202210219E-02 0.279124374E+00 -.964696256E-17 -.100631287E-16 0.556851914E-18 -.513490672E-17 0.234532556E-18 -.100204613E-16 0.341915597E-18 0.279916921E+00 0.105840145E-16
   22.628 0.279823274E+00 -.149836018E-17 -.365436517E-15 0.119028319E-02 0.313840353E-17 0.362505124E-18 0.550518707E-15 -.187390244E-02 0.279185405E+00 -.202274398E-16 0.374394151E-17 0.572068311E-18 0.419735658E-17 0.129529015E-18 0.177867717E-17 0.244826528E-18 0.279912992E+00 -.609146858E-17
   23.541 0.279835320E+00 -.183728199E-16 0.143005143E-15 0.110031959E-02 -.500977718E-17 0.206452550E-18 0.568605535E-15 -.173290006E-02 0.279242912E+00 -.277478902E-16 0.634332264E-17 0.171616187E-19 0.140310570E-17 0.788095330E-19 -.963792221E-17 0.295383325E-19 0.279909737E+00 -.226260721E-16
   24.518 0.279845448E+00 -.398706504E-16 -.429936561E-15 0.101485405E-02 -.488286354E-17 -.433979636E-18 0.840510075E-15 -.159883989E-02 0.279297058E+00 -.544280992E-16 0.130583844E-17 0.124395731E-19 0.145055002E-16 0.114151687E-19 0.685854737E-17 0.873824433E-19 0.279907044E+00 -.443839874E-16
   25.567 0.279853956E+00 -.592631133E-16 0.161674550E-16 0.933720584E-03 -.236028457E-16 -.969201217E-18 0.642400410E-15 -.147148133E-02 0.279347994E+00 -.652771686E-16 -.353709672E-17 -.200399105E-19 -.855365863E-18 -.556562118E-20 0.506004739E-17 0.769826620E-19 0.279904817E+00 -.633348784E-16
   26.697 0.279861098E+00 -.764574277E-16 -.133487423E-14 0.856764129E-03 0.385348473E-17 -.233085888E-18 0.832936562E-15 -.135059829E-02 0.279395867E+00 -.974263795E-16 -.440333785E-17 -.177085261E-18 0.241663551E-17 -.624761615E-20 0.184654743E-18 -.144683513E-19 0.279902977E+00 -.819845503E-16
   27.917 0.279867090E+00 -.971883141E-16 -.167910199E-14 0.783839860E-03 0.569931857E-17 -.143853206E-18 0.159183518E-14 -.123597829E-02 0.279440815E+00 -.119399598E-15 0.957239449E-17 -.880921272E-19 0.314220525E-17 0.115105879E-19 -.494686018E-18 0.447736170E-19 0.279901456E+00 -.103616855E-15
   29.240 0.279872114E+00 -.115258644E-15 -.171161735E-14 0.714812524E-03 -.751619388E-17 -.126680318E-18 0.190385856E-14 -.112742187E-02 0.279482972E+00 -.140291693E-15 -.657195509E-17 -.415099480E-19 -.334052946E-17 0.341736171E-19 -.128961240E-17 0.113784464E-19 0.279900199E+00 -.123430649E-15
   30.679 0.279876321E+00 -.130894149E-15 -.219561192E-14 0.649555982E-03 0.486331118E-17 -.104367421E-18 0.158134677E-14 -.102474214E-02 0.279522464E+00 -.155854250E-15 0.392586964E-17 -.112756219E-18 0.799812710E-17 -.717068940E-19 -.312715464E-16 -.278979705E-19 0.279899160E+00 -.141041528E-15
   32.251 0.279879839E+00 -.148469680E-15 -.238666491E-14 0.587952603E-03 0.445244168E-18 -.321704139E-18 0.184339356E-14 -.927764000E-03 0.279559413E+00 -.173017003E-15 -.190882326E-17 -.600434224E-19 -.579806079E-17 -.444412938E-20 0.226844646E-17 0.463158954E-19 0.279898301E+00 -.157841790E-15
   33.978 0.279882774E+00 -.157171557E-15 -.262788676E-14 0.529892687E-03 -.369164289E-17 -.214916805E-18 0.290013718E-14 -.836323583E-03 0.279593934E+00 -.181596608E-15 -.277118693E-16 -.582300631E-18 -.790879420E-17 0.114748776E-19 0.246736974E-17 -.703298635E-19 0.279897592E+00 -.168342396E-15
   35.882 0.279885216E+00 -.163289434E-15 -.234423269E-14 0.475274087E-03 -.782739708E-17 -.542597231E-18 0.242260560E-14 -.750267757E-03 0.279626135E+00 -.188966182E-15 -.394228187E-16 -.305284917E-18 -.756564886E-18 0.101432359E-19 -.220176225E-17 -.360780380E-19 0.279897008E+00 -.173359076E-15
   37.994 0.279887244E+00 -.164792696E-15 -.134028436E-14 0.424001824E-03 -.250581342E-17 -.101396520E-18 0.180313922E-14 -.669453673E-03 0.279656117E+00 -.181935113E-15 -.939881762E-17 -.941638809E-20 -.459184964E-17 0.598828572E-20 -.650749120E-17 0.264985918E-19 0.279896527E+00 -.170817402E-15
   40.351 0.279888940E+00 -.156598977E-15 -.262761164E-14 0.375988347E-03 0.504309004E-17 -.116816769E-18 0.198485671E-14 -.593749118E-03 0.279683970E+00 -.170170493E-15 0.616010846E-17 -.160211270E-18 -.353163624E-17 -.389359274E-19 0.175275428E-16 -.179120997E-19 0.279896130E+00 -.162844653E-15
   43.000 0.279890446E+00 -.142535222E-15 -.182908340E-14 0.331157160E-03 -.213627381E-17 -.469961121E-19 0.175597121E-14 -.523037161E-03 0.279709787E+00 -.153150913E-15 0.299234482E-17 -.299982548E-18 0.395040325E-17 -.402176002E-20 -.159273847E-16 0.162305484E-19 0.279895821E+00 -.147500239E-15
   45.999 0.279892440E+00 -.127225491E-15 -.500564053E-15 0.289475170E-03 -.123319674E-16 0.182748274E-18 0.643197201E-15 -.457258037E-03 0.279734022E+00 -.132480001E-15 0.115496479E-18 -.505050311E-19 -.158305201E-17 -.757877374E-19 -.306287112E-17 0.993257138E-20 0.279896070E+00 -.129182001E-15
   49.425 0.279898287E+00 -.110276617E-15 -.278028297E-15 0.250619221E-03 -.221574924E-17 -.165538112E-18 0.845987433E-15 -.396185047E-03 0.279761124E+00 -.112557382E-15 0.151775570E-16 -.143096406E-19 0.936990916E-17 0.182677573E-20 -.221501716E-17 0.137024598E-20 0.279901438E+00 -.112033266E-15
   53.378 0.279903815E+00 -.954466260E-16 -.144040466E-15 0.214853730E-03 -.113569630E-16 0.492785662E-19 0.180795558E-15 -.339682343E-03 0.279786218E+00 -.941360666E-16 0.145767980E-17 -.559351227E-19 -.323702815E-17 0.841382441E-20 -.331217544E-17 0.607186248E-20 0.279906488E+00 -.956096303E-16
   57.990 0.279908879E+00 -.808836292E-16 -.394107960E-15 0.182018227E-03 -.137240213E-17 0.391805210E-19 0.568706948E-15 -.287792721E-03 0.279809248E+00 -.825881849E-16 0.839195025E-17 0.178201248E-19 -.118519255E-16 -.605485698E-20 0.679732253E-17 0.658417990E-20 0.279911121E+00 -.811171567E-16
   63.445 0.279913490E+00 -.674521149E-16 -.195936389E-15 0.152050926E-03 0.124789413E-16 -.602410558E-19 0.340267303E-15 -.240428117E-03 0.279830258E+00 -.679922790E-16 -.938952338E-17 -.281614788E-19 0.482613764E-17 -.286930554E-20 0.876250396E-17 -.680460675E-20 0.279915346E+00 -.676163411E-16
   70.000 0.279917659E+00 -.554193974E-16 -.642504870E-15 0.124898193E-03 0.122471253E-16 -.438074415E-19 0.856597208E-16 -.197506079E-03 0.279849287E+00 -.575861380E-16 -.436010105E-17 -.152604942E-19 -.756076003E-17 -.548818152E-20 -.113666794E-17 0.967649356E-20 0.279919170E+00 -.555771867E-16
